Tiempo de corrida total: 0.087466
Tiempo de corrida recorrer el arbol: 0.0826991
Valor de la funcion objetivo: 2
x11_3 = 1
x14_3 = 1
x1_5 = 1
x5_5 = 1
x20_5 = 1
w3 = 1
w5 = 1
