Tiempo de corrida total: 2.05552
Tiempo de corrida recorrer el arbol: 2.05185
Valor de la funcion objetivo: 3
x10_4 = 1
x11_4 = 1
x15_4 = 1
x17_5 = 1
x20_5 = 1
x3_9 = 1
x6_9 = 1
x14_9 = 1
x16_9 = 1
x19_9 = 1
w4 = 1
w5 = 1
w9 = 1
