Tiempo de corrida total: 0.162603
Tiempo de corrida recorrer el arbol: 0.159495
Valor de la funcion objetivo: 2
x3_4 = 1
x12_4 = 1
x15_4 = 1
x20_4 = 1
x1_8 = 1
x7_8 = 1
x11_8 = 1
x14_8 = 1
w4 = 1
w8 = 1
