Tiempo de corrida total: 2.01727
Tiempo de corrida recorrer el arbol: 2.00713
Valor de la funcion objetivo: 4
x10_1 = 1
x15_1 = 1
x11_2 = 1
x19_2 = 1
x20_2 = 1
x2_9 = 1
x7_9 = 1
x12_9 = 1
x6_10 = 1
x16_10 = 1
w1 = 1
w2 = 1
w9 = 1
w10 = 1
