Tiempo de corrida total: 0.04053
Tiempo de corrida recorrer el arbol: 0.038692
Valor de la funcion objetivo: 2
x1_1 = 1
x2_1 = 1
x5_1 = 1
x8_1 = 1
x13_1 = 1
x4_2 = 1
x11_2 = 1
x12_2 = 1
w1 = 1
w2 = 1
