Tiempo de corrida total: 1.37008
Tiempo de corrida recorrer el arbol: 1.36131
Valor de la funcion objetivo: 4
x10_2 = 1
x11_2 = 1
x17_5 = 1
x19_5 = 1
x5_6 = 1
x7_6 = 1
x9_6 = 1
x4_9 = 1
x16_9 = 1
x18_9 = 1
w2 = 1
w5 = 1
w6 = 1
w9 = 1
