Tiempo de corrida total: 0.044091
Tiempo de corrida recorrer el arbol: 0.0432851
Valor de la funcion objetivo: 2
x1_1 = 1
x4_1 = 1
x13_1 = 1
x6_2 = 1
x19_2 = 1
w1 = 1
w2 = 1
