Tiempo de corrida total: 0.585437
Tiempo de corrida recorrer el arbol: 0.581352
Valor de la funcion objetivo: 3
x2_1 = 1
x7_1 = 1
x11_1 = 1
x5_7 = 1
x15_7 = 1
x4_9 = 1
x13_9 = 1
x14_9 = 1
x16_9 = 1
x17_9 = 1
w1 = 1
w7 = 1
w9 = 1
