Tiempo de corrida total: 0.0389271
Tiempo de corrida recorrer el arbol: 0.036634
Valor de la funcion objetivo: 2
x1_1 = 1
x2_1 = 1
x3_1 = 1
x5_1 = 1
x7_1 = 1
x4_2 = 1
x12_2 = 1
x16_2 = 1
w1 = 1
w2 = 1
