Tiempo de corrida total: 0.26064
Tiempo de corrida recorrer el arbol: 0.251739
Valor de la funcion objetivo: 3
x13_1 = 1
x16_1 = 1
x7_5 = 1
x15_5 = 1
x4_7 = 1
x8_7 = 1
x11_7 = 1
x19_7 = 1
w1 = 1
w5 = 1
w7 = 1
