Tiempo de corrida total: 0.0337911
Tiempo de corrida recorrer el arbol: 0.0314109
Valor de la funcion objetivo: 1
x5_4 = 1
x9_4 = 1
x15_4 = 1
x16_4 = 1
x19_4 = 1
w4 = 1
