Tiempo de corrida total: 1.17688
Tiempo de corrida recorrer el arbol: 1.16748
Valor de la funcion objetivo: 4
x10_1 = 1
x11_1 = 1
x17_4 = 1
x19_4 = 1
x5_8 = 1
x7_8 = 1
x9_8 = 1
x4_10 = 1
x16_10 = 1
x18_10 = 1
w1 = 1
w4 = 1
w8 = 1
w10 = 1
