Tiempo de corrida total: 1.00751
Tiempo de corrida recorrer el arbol: 1.00602
Valor de la funcion objetivo: 3
x2_2 = 1
x17_2 = 1
x20_2 = 1
x7_4 = 1
x11_4 = 1
x14_4 = 1
x1_5 = 1
x15_5 = 1
w2 = 1
w4 = 1
w5 = 1
