Tiempo de corrida total: 0.11493
Tiempo de corrida recorrer el arbol: 0.108676
Valor de la funcion objetivo: 2
x7_1 = 1
x13_1 = 1
x8_3 = 1
x16_3 = 1
x18_3 = 1
w1 = 1
w3 = 1
