Tiempo de corrida total: 0.139301
Tiempo de corrida recorrer el arbol: 0.138277
Valor de la funcion objetivo: 2
x3_7 = 1
x4_7 = 1
x10_7 = 1
x18_7 = 1
x1_8 = 1
x6_8 = 1
x13_8 = 1
x20_8 = 1
w7 = 1
w8 = 1
