Tiempo de corrida total: 1.70384
Tiempo de corrida recorrer el arbol: 1.69531
Valor de la funcion objetivo: 3
x4_2 = 1
x10_2 = 1
x19_2 = 1
x3_3 = 1
x20_3 = 1
x13_4 = 1
x16_4 = 1
x18_4 = 1
w2 = 1
w3 = 1
w4 = 1
