Tiempo de corrida total: 1.01268
Tiempo de corrida recorrer el arbol: 1.00818
Valor de la funcion objetivo: 3
x2_1 = 1
x11_1 = 1
x13_1 = 1
x16_1 = 1
x7_2 = 1
x14_2 = 1
x20_2 = 1
x5_3 = 1
x18_3 = 1
x19_3 = 1
w1 = 1
w2 = 1
w3 = 1
