Tiempo de corrida total: 0.0277729
Tiempo de corrida recorrer el arbol: 0.0250621
Valor de la funcion objetivo: 2
x2_1 = 1
x7_1 = 1
x9_1 = 1
x5_4 = 1
x16_4 = 1
w1 = 1
w4 = 1
