Tiempo de corrida total: 0.024266
Tiempo de corrida recorrer el arbol: 0.023386
Valor de la funcion objetivo: 2
x7_1 = 1
x8_1 = 1
x15_1 = 1
x17_1 = 1
x20_1 = 1
x2_9 = 1
x10_9 = 1
x11_9 = 1
x16_9 = 1
x19_9 = 1
w1 = 1
w9 = 1
