Tiempo de corrida total: 0.0166922
Tiempo de corrida recorrer el arbol: 0.014806
Valor de la funcion objetivo: 1
x7_4 = 1
x10_4 = 1
x15_4 = 1
x19_4 = 1
x20_4 = 1
w4 = 1
