Tiempo de corrida total: 0.0689862
Tiempo de corrida recorrer el arbol: 0.066895
Valor de la funcion objetivo: 2
x2_2 = 1
x5_2 = 1
x12_2 = 1
x4_5 = 1
x13_5 = 1
w2 = 1
w5 = 1
