Tiempo de corrida total: 0.849266
Tiempo de corrida recorrer el arbol: 0.844288
Valor de la funcion objetivo: 3
x2_4 = 1
x12_4 = 1
x16_4 = 1
x14_6 = 1
x15_6 = 1
x8_8 = 1
x11_8 = 1
x18_8 = 1
w4 = 1
w6 = 1
w8 = 1
