Tiempo de corrida total: 0.058749
Tiempo de corrida recorrer el arbol: 0.0564401
Valor de la funcion objetivo: 2
x1_1 = 1
x5_1 = 1
x6_1 = 1
x20_1 = 1
x7_2 = 1
w1 = 1
w2 = 1
