Tiempo de corrida total: 0.00507307
Tiempo de corrida recorrer el arbol: 0.00456595
Valor de la funcion objetivo: 1
x1_2 = 1
x6_2 = 1
x7_2 = 1
x11_2 = 1
x14_2 = 1
w2 = 1
