Tiempo de corrida total: 0.193965
Tiempo de corrida recorrer el arbol: 0.18535
Valor de la funcion objetivo: 3
x14_2 = 1
x15_2 = 1
x11_3 = 1
x13_3 = 1
x18_3 = 1
x1_8 = 1
x7_8 = 1
x19_8 = 1
w2 = 1
w3 = 1
w8 = 1
