Tiempo de corrida total: 7.26458
Tiempo de corrida recorrer el arbol: 7.25854
Valor de la funcion objetivo: 4
x12_7 = 1
x18_7 = 1
x17_8 = 1
x19_8 = 1
x2_9 = 1
x4_9 = 1
x20_9 = 1
x3_10 = 1
x9_10 = 1
x10_10 = 1
w7 = 1
w8 = 1
w9 = 1
w10 = 1
