Tiempo de corrida total: 0.095566
Tiempo de corrida recorrer el arbol: 0.092993
Valor de la funcion objetivo: 2
x10_1 = 1
x16_1 = 1
x20_1 = 1
x2_4 = 1
x5_4 = 1
w1 = 1
w4 = 1
