Tiempo de corrida total: 0.0314119
Tiempo de corrida recorrer el arbol: 0.0305159
Valor de la funcion objetivo: 2
x1_1 = 1
x2_1 = 1
x7_1 = 1
x13_1 = 1
x16_1 = 1
x17_1 = 1
x3_2 = 1
x5_2 = 1
x10_2 = 1
x11_2 = 1
w1 = 1
w2 = 1
