Tiempo de corrida total: 2.53411
Tiempo de corrida recorrer el arbol: 2.52529
Valor de la funcion objetivo: 4
x2_5 = 1
x18_5 = 1
x4_6 = 1
x6_6 = 1
x11_6 = 1
x7_9 = 1
x16_9 = 1
x15_10 = 1
x17_10 = 1
x19_10 = 1
w5 = 1
w6 = 1
w9 = 1
w10 = 1
