Tiempo de corrida total: 0.022203
Tiempo de corrida recorrer el arbol: 0.0213559
Valor de la funcion objetivo: 1
x6_1 = 1
x8_1 = 1
x9_1 = 1
x14_1 = 1
x15_1 = 1
w1 = 1
