Tiempo de corrida total: 0.228161
Tiempo de corrida recorrer el arbol: 0.218727
Valor de la funcion objetivo: 3
x2_1 = 1
x5_1 = 1
x13_1 = 1
x8_3 = 1
x11_3 = 1
x20_3 = 1
x7_9 = 1
x12_9 = 1
x16_9 = 1
x19_9 = 1
w1 = 1
w3 = 1
w9 = 1
