Tiempo de corrida total: 0.555922
Tiempo de corrida recorrer el arbol: 0.554473
Valor de la funcion objetivo: 3
x1_1 = 1
x2_1 = 1
x10_1 = 1
x3_2 = 1
x5_2 = 1
x15_2 = 1
x12_3 = 1
x20_3 = 1
w1 = 1
w2 = 1
w3 = 1
