Tiempo de corrida total: 0.269936
Tiempo de corrida recorrer el arbol: 0.264508
Valor de la funcion objetivo: 3
x8_1 = 1
x12_1 = 1
x13_4 = 1
x15_4 = 1
x18_4 = 1
x4_8 = 1
x9_8 = 1
x10_8 = 1
w1 = 1
w4 = 1
w8 = 1
