Tiempo de corrida total: 0.0973911
Tiempo de corrida recorrer el arbol: 0.0948961
Valor de la funcion objetivo: 2
x5_3 = 1
x11_3 = 1
x14_3 = 1
x3_5 = 1
x9_5 = 1
w3 = 1
w5 = 1
