Tiempo de corrida total: 0.0969231
Tiempo de corrida recorrer el arbol: 0.0955191
Valor de la funcion objetivo: 2
x14_1 = 1
x20_1 = 1
x8_4 = 1
x10_4 = 1
x19_4 = 1
w1 = 1
w4 = 1
