Tiempo de corrida total: 6.61706
Tiempo de corrida recorrer el arbol: 6.61255
Valor de la funcion objetivo: 3
x14_4 = 1
x15_4 = 1
x11_5 = 1
x13_5 = 1
x18_5 = 1
x1_7 = 1
x7_7 = 1
x19_7 = 1
w4 = 1
w5 = 1
w7 = 1
