Tiempo de corrida total: 0.0230129
Tiempo de corrida recorrer el arbol: 0.020997
Valor de la funcion objetivo: 2
x3_1 = 1
x5_1 = 1
x6_4 = 1
x9_4 = 1
x13_4 = 1
w1 = 1
w4 = 1
