Tiempo de corrida total: 0.208253
Tiempo de corrida recorrer el arbol: 0.202295
Valor de la funcion objetivo: 2
x12_6 = 1
x13_6 = 1
x15_6 = 1
x19_6 = 1
x1_7 = 1
x4_7 = 1
x7_7 = 1
x10_7 = 1
w6 = 1
w7 = 1
