Tiempo de corrida total: 1.93032
Tiempo de corrida recorrer el arbol: 1.92269
Valor de la funcion objetivo: 3
x8_1 = 1
x9_1 = 1
x11_1 = 1
x18_1 = 1
x3_2 = 1
x4_2 = 1
x19_2 = 1
x2_9 = 1
x13_9 = 1
x17_9 = 1
w1 = 1
w2 = 1
w9 = 1
