Tiempo de corrida total: 0.203436
Tiempo de corrida recorrer el arbol: 0.194414
Valor de la funcion objetivo: 3
x2_4 = 1
x13_4 = 1
x16_4 = 1
x1_5 = 1
x15_5 = 1
x4_7 = 1
x12_7 = 1
x17_7 = 1
w4 = 1
w5 = 1
w7 = 1
