Tiempo de corrida total: 0.041388
Tiempo de corrida recorrer el arbol: 0.0402989
Valor de la funcion objetivo: 2
x4_2 = 1
x9_2 = 1
x11_2 = 1
x19_2 = 1
x1_8 = 1
x2_8 = 1
x14_8 = 1
x20_8 = 1
w2 = 1
w8 = 1
