Tiempo de corrida total: 6.21915
Tiempo de corrida recorrer el arbol: 6.20931
Valor de la funcion objetivo: 4
x10_3 = 1
x16_3 = 1
x4_5 = 1
x9_5 = 1
x11_5 = 1
x15_6 = 1
x17_6 = 1
x19_6 = 1
x7_9 = 1
x18_9 = 1
w3 = 1
w5 = 1
w6 = 1
w9 = 1
