Tiempo de corrida total: 0.198414
Tiempo de corrida recorrer el arbol: 0.192486
Valor de la funcion objetivo: 3
x1_3 = 1
x15_3 = 1
x2_4 = 1
x13_4 = 1
x16_4 = 1
x4_6 = 1
x12_6 = 1
x17_6 = 1
w3 = 1
w4 = 1
w6 = 1
