Tiempo de corrida total: 0.14629
Tiempo de corrida recorrer el arbol: 0.141044
Valor de la funcion objetivo: 2
x3_1 = 1
x5_1 = 1
x10_1 = 1
x18_1 = 1
x2_3 = 1
x6_3 = 1
x9_3 = 1
x12_3 = 1
w1 = 1
w3 = 1
