Tiempo de corrida total: 0.0515509
Tiempo de corrida recorrer el arbol: 0.0506279
Valor de la funcion objetivo: 2
x12_2 = 1
x19_2 = 1
x2_3 = 1
x3_3 = 1
x11_3 = 1
w2 = 1
w3 = 1
