Tiempo de corrida total: 2.63375
Tiempo de corrida recorrer el arbol: 2.63129
Valor de la funcion objetivo: 3
x10_1 = 1
x17_1 = 1
x20_1 = 1
x2_7 = 1
x5_7 = 1
x11_7 = 1
x18_7 = 1
x1_9 = 1
x4_9 = 1
x8_9 = 1
w1 = 1
w7 = 1
w9 = 1
