Tiempo de corrida total: 0.0260959
Tiempo de corrida recorrer el arbol: 0.0249579
Valor de la funcion objetivo: 2
x8_5 = 1
x10_5 = 1
x15_5 = 1
x19_5 = 1
x6_7 = 1
x13_7 = 1
x14_7 = 1
x17_7 = 1
w5 = 1
w7 = 1
