Tiempo de corrida total: 0.018929
Tiempo de corrida recorrer el arbol: 0.0179071
Valor de la funcion objetivo: 2
x3_3 = 1
x4_3 = 1
x5_3 = 1
x9_3 = 1
x16_3 = 1
x1_4 = 1
x12_4 = 1
x19_4 = 1
w3 = 1
w4 = 1
