Tiempo de corrida total: 0.742048
Tiempo de corrida recorrer el arbol: 0.731763
Valor de la funcion objetivo: 4
x11_1 = 1
x19_1 = 1
x20_1 = 1
x2_6 = 1
x7_6 = 1
x12_6 = 1
x6_8 = 1
x16_8 = 1
x10_10 = 1
x15_10 = 1
w1 = 1
w6 = 1
w8 = 1
w10 = 1
