Tiempo de corrida total: 0.0748181
Tiempo de corrida recorrer el arbol: 0.071233
Valor de la funcion objetivo: 2
x1_1 = 1
x2_1 = 1
x12_1 = 1
x5_2 = 1
x9_2 = 1
w1 = 1
w2 = 1
