Tiempo de corrida total: 5.15492
Tiempo de corrida recorrer el arbol: 5.14422
Valor de la funcion objetivo: 4
x6_1 = 1
x15_1 = 1
x5_2 = 1
x9_2 = 1
x20_2 = 1
x4_9 = 1
x16_9 = 1
x18_9 = 1
x10_10 = 1
x11_10 = 1
w1 = 1
w2 = 1
w9 = 1
w10 = 1
