Tiempo de corrida total: 0.270633
Tiempo de corrida recorrer el arbol: 0.264851
Valor de la funcion objetivo: 3
x15_1 = 1
x18_1 = 1
x7_2 = 1
x11_2 = 1
x14_2 = 1
x2_8 = 1
x17_8 = 1
x20_8 = 1
w1 = 1
w2 = 1
w8 = 1
