Tiempo de corrida total: 4.72464
Tiempo de corrida recorrer el arbol: 4.71864
Valor de la funcion objetivo: 4
x10_1 = 1
x15_1 = 1
x6_2 = 1
x16_2 = 1
x11_4 = 1
x19_4 = 1
x20_4 = 1
x2_5 = 1
x7_5 = 1
x12_5 = 1
w1 = 1
w2 = 1
w4 = 1
w5 = 1
