Tiempo de corrida total: 0.236291
Tiempo de corrida recorrer el arbol: 0.229698
Valor de la funcion objetivo: 3
x14_2 = 1
x15_2 = 1
x8_4 = 1
x11_4 = 1
x18_4 = 1
x2_8 = 1
x12_8 = 1
x16_8 = 1
w2 = 1
w4 = 1
w8 = 1
