Tiempo de corrida total: 0.010628
Tiempo de corrida recorrer el arbol: 0.00970602
Valor de la funcion objetivo: 1
x3_4 = 1
x4_4 = 1
x12_4 = 1
x15_4 = 1
x17_4 = 1
w4 = 1
