Tiempo de corrida total: 0.0436881
Tiempo de corrida recorrer el arbol: 0.0426302
Valor de la funcion objetivo: 2
x8_2 = 1
x16_2 = 1
x18_2 = 1
x5_3 = 1
x15_3 = 1
w2 = 1
w3 = 1
