Tiempo de corrida total: 2.64409
Tiempo de corrida recorrer el arbol: 2.63679
Valor de la funcion objetivo: 3
x14_2 = 1
x16_2 = 1
x4_6 = 1
x6_6 = 1
x8_6 = 1
x5_8 = 1
x17_8 = 1
x18_8 = 1
w2 = 1
w6 = 1
w8 = 1
