Tiempo de corrida total: 7.21524
Tiempo de corrida recorrer el arbol: 7.20588
Valor de la funcion objetivo: 4
x3_1 = 1
x7_1 = 1
x5_5 = 1
x9_5 = 1
x20_5 = 1
x1_7 = 1
x2_7 = 1
x14_7 = 1
x13_10 = 1
x16_10 = 1
w1 = 1
w5 = 1
w7 = 1
w10 = 1
