Tiempo de corrida total: 0.0522768
Tiempo de corrida recorrer el arbol: 0.0496371
Valor de la funcion objetivo: 2
x2_1 = 1
x10_1 = 1
x15_1 = 1
x5_4 = 1
x16_4 = 1
w1 = 1
w4 = 1
