Tiempo de corrida total: 0.920925
Tiempo de corrida recorrer el arbol: 0.914686
Valor de la funcion objetivo: 3
x17_1 = 1
x20_1 = 1
x10_6 = 1
x11_6 = 1
x15_6 = 1
x3_10 = 1
x6_10 = 1
x14_10 = 1
x16_10 = 1
x19_10 = 1
w1 = 1
w6 = 1
w10 = 1
