Tiempo de corrida total: 1.75387
Tiempo de corrida recorrer el arbol: 1.75149
Valor de la funcion objetivo: 3
x13_1 = 1
x16_1 = 1
x18_1 = 1
x4_2 = 1
x10_2 = 1
x19_2 = 1
x3_6 = 1
x20_6 = 1
w1 = 1
w2 = 1
w6 = 1
