Tiempo de corrida total: 0.897814
Tiempo de corrida recorrer el arbol: 0.891726
Valor de la funcion objetivo: 4
x7_3 = 1
x16_3 = 1
x15_4 = 1
x17_4 = 1
x19_4 = 1
x2_5 = 1
x12_5 = 1
x10_7 = 1
x11_7 = 1
x13_7 = 1
w3 = 1
w4 = 1
w5 = 1
w7 = 1
