Tiempo de corrida total: 0.026437
Tiempo de corrida recorrer el arbol: 0.025562
Valor de la funcion objetivo: 2
x1_1 = 1
x4_1 = 1
x6_1 = 1
x8_1 = 1
x12_1 = 1
x5_2 = 1
x9_2 = 1
x10_2 = 1
x15_2 = 1
x18_2 = 1
w1 = 1
w2 = 1
