Tiempo de corrida total: 5.86317
Tiempo de corrida recorrer el arbol: 5.85757
Valor de la funcion objetivo: 4
x4_1 = 1
x8_1 = 1
x16_1 = 1
x9_2 = 1
x17_2 = 1
x19_2 = 1
x15_9 = 1
x20_9 = 1
x5_10 = 1
x18_10 = 1
w1 = 1
w2 = 1
w9 = 1
w10 = 1
