Tiempo de corrida total: 6.06526
Tiempo de corrida recorrer el arbol: 6.05713
Valor de la funcion objetivo: 4
x2_5 = 1
x4_5 = 1
x20_5 = 1
x5_6 = 1
x9_6 = 1
x15_7 = 1
x17_7 = 1
x7_8 = 1
x16_8 = 1
x18_8 = 1
w5 = 1
w6 = 1
w7 = 1
w8 = 1
