Tiempo de corrida total: 0.0637941
Tiempo de corrida recorrer el arbol: 0.0611229
Valor de la funcion objetivo: 2
x4_3 = 1
x6_3 = 1
x11_3 = 1
x19_3 = 1
x1_7 = 1
x7_7 = 1
x14_7 = 1
x18_7 = 1
w3 = 1
w7 = 1
