Tiempo de corrida total: 0.0662651
Tiempo de corrida recorrer el arbol: 0.0622849
Valor de la funcion objetivo: 2
x14_2 = 1
x18_2 = 1
x20_2 = 1
x5_4 = 1
x16_4 = 1
w2 = 1
w4 = 1
