Tiempo de corrida total: 0.0767891
Tiempo de corrida recorrer el arbol: 0.0743651
Valor de la funcion objetivo: 2
x5_2 = 1
x11_2 = 1
x14_2 = 1
x3_3 = 1
x9_3 = 1
w2 = 1
w3 = 1
