Tiempo de corrida total: 2.67138
Tiempo de corrida recorrer el arbol: 2.66357
Valor de la funcion objetivo: 3
x2_5 = 1
x6_5 = 1
x7_5 = 1
x4_6 = 1
x9_6 = 1
x10_6 = 1
x8_7 = 1
x12_7 = 1
w5 = 1
w6 = 1
w7 = 1
