Tiempo de corrida total: 0.230169
Tiempo de corrida recorrer el arbol: 0.221632
Valor de la funcion objetivo: 3
x8_1 = 1
x11_1 = 1
x15_1 = 1
x5_2 = 1
x20_2 = 1
x6_7 = 1
x14_7 = 1
x17_7 = 1
w1 = 1
w2 = 1
w7 = 1
