Tiempo de corrida total: 2.59882
Tiempo de corrida recorrer el arbol: 2.59118
Valor de la funcion objetivo: 3
x2_3 = 1
x6_3 = 1
x7_3 = 1
x8_4 = 1
x12_4 = 1
x4_8 = 1
x9_8 = 1
x10_8 = 1
w3 = 1
w4 = 1
w8 = 1
