Tiempo de corrida total: 0.737763
Tiempo de corrida recorrer el arbol: 0.729912
Valor de la funcion objetivo: 3
x8_4 = 1
x12_4 = 1
x13_6 = 1
x15_6 = 1
x18_6 = 1
x4_7 = 1
x10_7 = 1
x19_7 = 1
w4 = 1
w6 = 1
w7 = 1
