Tiempo de corrida total: 0.0646839
Tiempo de corrida recorrer el arbol: 0.0615141
Valor de la funcion objetivo: 2
x1_2 = 1
x2_2 = 1
x14_2 = 1
x18_2 = 1
x4_4 = 1
x9_4 = 1
x11_4 = 1
x19_4 = 1
w2 = 1
w4 = 1
