Tiempo de corrida total: 2.82845
Tiempo de corrida recorrer el arbol: 2.82254
Valor de la funcion objetivo: 3
x1_1 = 1
x3_1 = 1
x4_1 = 1
x19_1 = 1
x2_2 = 1
x5_2 = 1
x11_2 = 1
x18_2 = 1
x7_3 = 1
x12_3 = 1
w1 = 1
w2 = 1
w3 = 1
