Tiempo de corrida total: 5.16601
Tiempo de corrida recorrer el arbol: 5.15925
Valor de la funcion objetivo: 4
x1_1 = 1
x2_1 = 1
x14_1 = 1
x3_2 = 1
x16_2 = 1
x18_2 = 1
x5_3 = 1
x9_3 = 1
x20_3 = 1
x17_4 = 1
w1 = 1
w2 = 1
w3 = 1
w4 = 1
