Tiempo de corrida total: 0.536443
Tiempo de corrida recorrer el arbol: 0.533971
Valor de la funcion objetivo: 3
x4_3 = 1
x6_3 = 1
x8_3 = 1
x14_6 = 1
x18_6 = 1
x1_8 = 1
x17_8 = 1
x19_8 = 1
w3 = 1
w6 = 1
w8 = 1
