Tiempo de corrida total: 0.0136349
Tiempo de corrida recorrer el arbol: 0.0125852
Valor de la funcion objetivo: 1
x1_3 = 1
x4_3 = 1
x14_3 = 1
x15_3 = 1
x19_3 = 1
w3 = 1
