Tiempo de corrida total: 0.073508
Tiempo de corrida recorrer el arbol: 0.0697148
Valor de la funcion objetivo: 2
x5_1 = 1
x11_1 = 1
x6_3 = 1
x16_3 = 1
x17_3 = 1
w1 = 1
w3 = 1
