Tiempo de corrida total: 0.081984
Tiempo de corrida recorrer el arbol: 0.079196
Valor de la funcion objetivo: 2
x11_2 = 1
x14_2 = 1
x10_3 = 1
x16_3 = 1
x20_3 = 1
w2 = 1
w3 = 1
