Tiempo de corrida total: 0.202014
Tiempo de corrida recorrer el arbol: 0.199522
Valor de la funcion objetivo: 2
x9_4 = 1
x11_4 = 1
x12_4 = 1
x14_5 = 1
x17_5 = 1
w4 = 1
w5 = 1
