Tiempo de corrida total: 1.20019
Tiempo de corrida recorrer el arbol: 1.19071
Valor de la funcion objetivo: 4
x10_5 = 1
x14_5 = 1
x6_8 = 1
x11_8 = 1
x18_8 = 1
x7_9 = 1
x12_9 = 1
x2_10 = 1
x5_10 = 1
x16_10 = 1
w5 = 1
w8 = 1
w9 = 1
w10 = 1
