Tiempo de corrida total: 2.59497
Tiempo de corrida recorrer el arbol: 2.59086
Valor de la funcion objetivo: 3
x1_1 = 1
x4_1 = 1
x5_1 = 1
x17_1 = 1
x7_2 = 1
x9_2 = 1
x16_2 = 1
x11_3 = 1
w1 = 1
w2 = 1
w3 = 1
