Tiempo de corrida total: 4.57889
Tiempo de corrida recorrer el arbol: 4.56555
Valor de la funcion objetivo: 4
x15_2 = 1
x2_3 = 1
x4_3 = 1
x5_3 = 1
x9_4 = 1
x11_4 = 1
x17_4 = 1
x7_9 = 1
x16_9 = 1
x18_9 = 1
w2 = 1
w3 = 1
w4 = 1
w9 = 1
