Tiempo de corrida total: 0.0458992
Tiempo de corrida recorrer el arbol: 0.0416279
Valor de la funcion objetivo: 2
x10_1 = 1
x11_1 = 1
x13_1 = 1
x7_3 = 1
x9_3 = 1
w1 = 1
w3 = 1
