Tiempo de corrida total: 0.00732899
Tiempo de corrida recorrer el arbol: 0.00647593
Valor de la funcion objetivo: 1
x3_2 = 1
x5_2 = 1
x10_2 = 1
x11_2 = 1
x16_2 = 1
w2 = 1
