Tiempo de corrida total: 0.459884
Tiempo de corrida recorrer el arbol: 0.452493
Valor de la funcion objetivo: 3
x7_2 = 1
x9_2 = 1
x20_2 = 1
x10_7 = 1
x11_7 = 1
x5_8 = 1
x17_8 = 1
x18_8 = 1
w2 = 1
w7 = 1
w8 = 1
