Tiempo de corrida total: 0.0932519
Tiempo de corrida recorrer el arbol: 0.0865219
Valor de la funcion objetivo: 2
x5_1 = 1
x15_1 = 1
x8_5 = 1
x16_5 = 1
x18_5 = 1
w1 = 1
w5 = 1
