Tiempo de corrida total: 4.34669
Tiempo de corrida recorrer el arbol: 4.34261
Valor de la funcion objetivo: 3
x14_1 = 1
x18_1 = 1
x20_1 = 1
x9_9 = 1
x12_9 = 1
x16_9 = 1
x2_10 = 1
x5_10 = 1
x11_10 = 1
x19_10 = 1
w1 = 1
w9 = 1
w10 = 1
