Tiempo de corrida total: 0.504516
Tiempo de corrida recorrer el arbol: 0.495133
Valor de la funcion objetivo: 3
x2_3 = 1
x18_3 = 1
x8_5 = 1
x11_5 = 1
x15_5 = 1
x6_8 = 1
x14_8 = 1
x17_8 = 1
w3 = 1
w5 = 1
w8 = 1
