Tiempo de corrida total: 0.137675
Tiempo de corrida recorrer el arbol: 0.131661
Valor de la funcion objetivo: 3
x8_2 = 1
x12_2 = 1
x4_4 = 1
x9_4 = 1
x10_4 = 1
x13_7 = 1
x15_7 = 1
x18_7 = 1
w2 = 1
w4 = 1
w7 = 1
