Tiempo de corrida total: 1.72339
Tiempo de corrida recorrer el arbol: 1.71557
Valor de la funcion objetivo: 3
x1_4 = 1
x15_4 = 1
x13_5 = 1
x16_5 = 1
x18_5 = 1
x10_6 = 1
x14_6 = 1
x17_6 = 1
w4 = 1
w5 = 1
w6 = 1
