Tiempo de corrida total: 0.136567
Tiempo de corrida recorrer el arbol: 0.133235
Valor de la funcion objetivo: 2
x3_1 = 1
x11_1 = 1
x12_1 = 1
x15_1 = 1
x1_7 = 1
x13_7 = 1
x14_7 = 1
x20_7 = 1
w1 = 1
w7 = 1
