Tiempo de corrida total: 0.034318
Tiempo de corrida recorrer el arbol: 0.0332959
Valor de la funcion objetivo: 2
x4_3 = 1
x8_3 = 1
x11_3 = 1
x12_3 = 1
x13_3 = 1
x15_3 = 1
x18_3 = 1
x6_6 = 1
x7_6 = 1
x14_6 = 1
w3 = 1
w6 = 1
