Tiempo de corrida total: 0.400862
Tiempo de corrida recorrer el arbol: 0.396495
Valor de la funcion objetivo: 2
x10_1 = 1
x19_1 = 1
x11_2 = 1
x13_2 = 1
x14_2 = 1
w1 = 1
w2 = 1
