Tiempo de corrida total: 0.575352
Tiempo de corrida recorrer el arbol: 0.571429
Valor de la funcion objetivo: 3
x2_2 = 1
x12_2 = 1
x16_2 = 1
x5_3 = 1
x13_3 = 1
x4_8 = 1
x9_8 = 1
x18_8 = 1
w2 = 1
w3 = 1
w8 = 1
