Tiempo de corrida total: 0.0791371
Tiempo de corrida recorrer el arbol: 0.076417
Valor de la funcion objetivo: 2
x5_3 = 1
x9_3 = 1
x12_3 = 1
x14_3 = 1
x15_3 = 1
x4_6 = 1
x16_6 = 1
x18_6 = 1
w3 = 1
w6 = 1
