Tiempo de corrida total: 0.037971
Tiempo de corrida recorrer el arbol: 0.0326681
Valor de la funcion objetivo: 2
x3_4 = 1
x4_4 = 1
x8_4 = 1
x16_4 = 1
x7_6 = 1
x9_6 = 1
x17_6 = 1
x18_6 = 1
w4 = 1
w6 = 1
