Tiempo de corrida total: 0.823808
Tiempo de corrida recorrer el arbol: 0.818603
Valor de la funcion objetivo: 3
x13_1 = 1
x16_1 = 1
x18_1 = 1
x10_7 = 1
x19_7 = 1
x2_8 = 1
x17_8 = 1
x20_8 = 1
w1 = 1
w7 = 1
w8 = 1
