Tiempo de corrida total: 1.29675
Tiempo de corrida recorrer el arbol: 1.29235
Valor de la funcion objetivo: 3
x13_2 = 1
x16_2 = 1
x8_7 = 1
x11_7 = 1
x15_7 = 1
x4_8 = 1
x7_8 = 1
x19_8 = 1
w2 = 1
w7 = 1
w8 = 1
