Tiempo de corrida total: 0.00358081
Tiempo de corrida recorrer el arbol: 0.00298882
Valor de la funcion objetivo: 1
x1_1 = 1
x2_1 = 1
x5_1 = 1
x12_1 = 1
x16_1 = 1
w1 = 1
