Tiempo de corrida total: 0.0390811
Tiempo de corrida recorrer el arbol: 0.036453
Valor de la funcion objetivo: 2
x4_2 = 1
x5_2 = 1
x17_2 = 1
x11_4 = 1
x12_4 = 1
w2 = 1
w4 = 1
