Tiempo de corrida total: 0.0355041
Tiempo de corrida recorrer el arbol: 0.0346329
Valor de la funcion objetivo: 2
x1_1 = 1
x2_1 = 1
x4_1 = 1
x6_1 = 1
x13_1 = 1
x3_2 = 1
x7_2 = 1
x17_2 = 1
x18_2 = 1
x20_2 = 1
w1 = 1
w2 = 1
