Tiempo de corrida total: 0.246036
Tiempo de corrida recorrer el arbol: 0.239741
Valor de la funcion objetivo: 3
x3_1 = 1
x6_1 = 1
x14_1 = 1
x16_1 = 1
x11_4 = 1
x17_4 = 1
x20_4 = 1
x10_5 = 1
x15_5 = 1
x19_5 = 1
w1 = 1
w4 = 1
w5 = 1
