Tiempo de corrida total: 0.00583482
Tiempo de corrida recorrer el arbol: 0.00510311
Valor de la funcion objetivo: 1
x1_1 = 1
x2_1 = 1
x3_1 = 1
x4_1 = 1
x19_1 = 1
w1 = 1
