Tiempo de corrida total: 1.54438
Tiempo de corrida recorrer el arbol: 1.54169
Valor de la funcion objetivo: 3
x11_2 = 1
x13_2 = 1
x18_2 = 1
x2_3 = 1
x12_3 = 1
x16_3 = 1
x1_4 = 1
x4_4 = 1
w2 = 1
w3 = 1
w4 = 1
