Tiempo de corrida total: 0.029428
Tiempo de corrida recorrer el arbol: 0.028594
Valor de la funcion objetivo: 2
x5_9 = 1
x11_9 = 1
x13_9 = 1
x19_9 = 1
x20_9 = 1
x7_10 = 1
x9_10 = 1
x15_10 = 1
x16_10 = 1
x17_10 = 1
w9 = 1
w10 = 1
