Tiempo de corrida total: 0.133343
Tiempo de corrida recorrer el arbol: 0.128606
Valor de la funcion objetivo: 2
x10_3 = 1
x19_3 = 1
x11_4 = 1
x13_4 = 1
x14_4 = 1
w3 = 1
w4 = 1
