Tiempo de corrida total: 0.0751381
Tiempo de corrida recorrer el arbol: 0.0741069
Valor de la funcion objetivo: 2
x5_1 = 1
x11_1 = 1
x6_5 = 1
x17_5 = 1
x18_5 = 1
w1 = 1
w5 = 1
