Tiempo de corrida total: 0.0562551
Tiempo de corrida recorrer el arbol: 0.0554399
Valor de la funcion objetivo: 2
x1_1 = 1
x3_1 = 1
x4_1 = 1
x7_1 = 1
x9_1 = 1
x10_1 = 1
x17_1 = 1
x11_2 = 1
x12_2 = 1
x18_2 = 1
w1 = 1
w2 = 1
