Tiempo de corrida total: 0.713228
Tiempo de corrida recorrer el arbol: 0.708453
Valor de la funcion objetivo: 3
x1_3 = 1
x7_3 = 1
x19_3 = 1
x11_6 = 1
x13_6 = 1
x18_6 = 1
x10_8 = 1
x16_8 = 1
w3 = 1
w6 = 1
w8 = 1
