Tiempo de corrida total: 0.113537
Tiempo de corrida recorrer el arbol: 0.109377
Valor de la funcion objetivo: 3
x1_1 = 1
x2_1 = 1
x6_1 = 1
x18_1 = 1
x5_2 = 1
x7_2 = 1
x9_3 = 1
x16_3 = 1
w1 = 1
w2 = 1
w3 = 1
