Tiempo de corrida total: 0.225794
Tiempo de corrida recorrer el arbol: 0.220935
Valor de la funcion objetivo: 3
x15_1 = 1
x5_3 = 1
x7_3 = 1
x9_3 = 1
x10_3 = 1
x13_4 = 1
x16_4 = 1
x20_4 = 1
w1 = 1
w3 = 1
w4 = 1
