Tiempo de corrida total: 0.0448809
Tiempo de corrida recorrer el arbol: 0.0419459
Valor de la funcion objetivo: 2
x5_1 = 1
x8_1 = 1
x20_1 = 1
x11_4 = 1
x14_4 = 1
w1 = 1
w4 = 1
