Tiempo de corrida total: 0.21164
Tiempo de corrida recorrer el arbol: 0.203618
Valor de la funcion objetivo: 3
x13_2 = 1
x16_2 = 1
x18_2 = 1
x3_4 = 1
x20_4 = 1
x4_7 = 1
x10_7 = 1
x19_7 = 1
w2 = 1
w4 = 1
w7 = 1
