Tiempo de corrida total: 0.0531631
Tiempo de corrida recorrer el arbol: 0.0522141
Valor de la funcion objetivo: 2
x4_4 = 1
x13_4 = 1
x6_5 = 1
x14_5 = 1
x17_5 = 1
w4 = 1
w5 = 1
