Tiempo de corrida total: 0.0901451
Tiempo de corrida recorrer el arbol: 0.087517
Valor de la funcion objetivo: 3
x11_3 = 1
x17_3 = 1
x2_4 = 1
x8_4 = 1
x1_8 = 1
x4_8 = 1
x7_8 = 1
x16_8 = 1
w3 = 1
w4 = 1
w8 = 1
