Tiempo de corrida total: 0.0340281
Tiempo de corrida recorrer el arbol: 0.033046
Valor de la funcion objetivo: 2
x14_4 = 1
x17_4 = 1
x18_4 = 1
x2_9 = 1
x3_9 = 1
x7_9 = 1
x12_9 = 1
x13_9 = 1
x15_9 = 1
x16_9 = 1
w4 = 1
w9 = 1
