Tiempo de corrida total: 0.510873
Tiempo de corrida recorrer el arbol: 0.503707
Valor de la funcion objetivo: 3
x1_1 = 1
x7_1 = 1
x19_1 = 1
x14_4 = 1
x15_4 = 1
x11_5 = 1
x13_5 = 1
x18_5 = 1
w1 = 1
w4 = 1
w5 = 1
