Tiempo de corrida total: 0.143148
Tiempo de corrida recorrer el arbol: 0.139065
Valor de la funcion objetivo: 2
x4_1 = 1
x9_1 = 1
x11_1 = 1
x19_1 = 1
x1_7 = 1
x2_7 = 1
x14_7 = 1
x20_7 = 1
w1 = 1
w7 = 1
