Tiempo de corrida total: 0.740764
Tiempo de corrida recorrer el arbol: 0.736289
Valor de la funcion objetivo: 3
x1_1 = 1
x2_1 = 1
x4_1 = 1
x9_1 = 1
x5_2 = 1
x6_2 = 1
x13_2 = 1
x8_3 = 1
x14_3 = 1
x18_3 = 1
w1 = 1
w2 = 1
w3 = 1
