Tiempo de corrida total: 0.00900102
Tiempo de corrida recorrer el arbol: 0.00752401
Valor de la funcion objetivo: 1
x3_2 = 1
x5_2 = 1
x11_2 = 1
x12_2 = 1
x17_2 = 1
w2 = 1
