Tiempo de corrida total: 0.0171902
Tiempo de corrida recorrer el arbol: 0.0163689
Valor de la funcion objetivo: 1
x6_1 = 1
x7_1 = 1
x10_1 = 1
x14_1 = 1
x20_1 = 1
w1 = 1
