Tiempo de corrida total: 0.311504
Tiempo de corrida recorrer el arbol: 0.303044
Valor de la funcion objetivo: 3
x1_1 = 1
x3_1 = 1
x9_1 = 1
x5_7 = 1
x18_7 = 1
x19_7 = 1
x7_9 = 1
x11_9 = 1
x13_9 = 1
x14_9 = 1
w1 = 1
w7 = 1
w9 = 1
