Tiempo de corrida total: 7.52921
Tiempo de corrida recorrer el arbol: 7.52115
Valor de la funcion objetivo: 4
x1_4 = 1
x2_4 = 1
x14_4 = 1
x13_8 = 1
x16_8 = 1
x5_9 = 1
x7_9 = 1
x9_9 = 1
x10_10 = 1
x11_10 = 1
w4 = 1
w8 = 1
w9 = 1
w10 = 1
