Tiempo de corrida total: 0.101038
Tiempo de corrida recorrer el arbol: 0.097641
Valor de la funcion objetivo: 2
x1_1 = 1
x3_1 = 1
x5_1 = 1
x11_1 = 1
x13_1 = 1
x2_2 = 1
x6_2 = 1
x12_2 = 1
w1 = 1
w2 = 1
