Tiempo de corrida total: 0.424624
Tiempo de corrida recorrer el arbol: 0.420176
Valor de la funcion objetivo: 3
x3_1 = 1
x14_1 = 1
x15_1 = 1
x1_3 = 1
x13_3 = 1
x5_8 = 1
x6_8 = 1
x20_8 = 1
w1 = 1
w3 = 1
w8 = 1
