Tiempo de corrida total: 0.0399041
Tiempo de corrida recorrer el arbol: 0.0388651
Valor de la funcion objetivo: 2
x5_4 = 1
x8_4 = 1
x20_4 = 1
x10_5 = 1
x19_5 = 1
w4 = 1
w5 = 1
