Tiempo de corrida total: 0.0421011
Tiempo de corrida recorrer el arbol: 0.039366
Valor de la funcion objetivo: 2
x11_9 = 1
x15_9 = 1
x16_9 = 1
x17_9 = 1
x18_9 = 1
x19_9 = 1
x4_10 = 1
x5_10 = 1
x10_10 = 1
x12_10 = 1
w9 = 1
w10 = 1
