Tiempo de corrida total: 0.103087
Tiempo de corrida recorrer el arbol: 0.098604
Valor de la funcion objetivo: 3
x3_3 = 1
x14_3 = 1
x15_3 = 1
x1_4 = 1
x17_4 = 1
x5_7 = 1
x6_7 = 1
x20_7 = 1
w3 = 1
w4 = 1
w7 = 1
