Tiempo de corrida total: 0.808974
Tiempo de corrida recorrer el arbol: 0.80116
Valor de la funcion objetivo: 4
x5_4 = 1
x7_4 = 1
x9_4 = 1
x10_7 = 1
x11_7 = 1
x4_9 = 1
x16_9 = 1
x18_9 = 1
x17_10 = 1
x19_10 = 1
w4 = 1
w7 = 1
w9 = 1
w10 = 1
