Tiempo de corrida total: 0.114635
Tiempo de corrida recorrer el arbol: 0.111646
Valor de la funcion objetivo: 2
x1_1 = 1
x6_1 = 1
x7_1 = 1
x12_1 = 1
x13_1 = 1
x4_2 = 1
x11_2 = 1
x18_2 = 1
w1 = 1
w2 = 1
