Tiempo de corrida total: 0.050456
Tiempo de corrida recorrer el arbol: 0.0481169
Valor de la funcion objetivo: 2
x8_5 = 1
x17_5 = 1
x1_7 = 1
x6_7 = 1
x10_7 = 1
x12_7 = 1
x15_7 = 1
x19_7 = 1
w5 = 1
w7 = 1
