Tiempo de corrida total: 0.0502279
Tiempo de corrida recorrer el arbol: 0.049407
Valor de la funcion objetivo: 2
x1_1 = 1
x2_1 = 1
x18_1 = 1
x3_2 = 1
x13_2 = 1
w1 = 1
w2 = 1
