Tiempo de corrida total: 0.0870612
Tiempo de corrida recorrer el arbol: 0.084501
Valor de la funcion objetivo: 2
x6_2 = 1
x14_2 = 1
x2_3 = 1
x3_3 = 1
x11_3 = 1
w2 = 1
w3 = 1
