Tiempo de corrida total: 0.0297561
Tiempo de corrida recorrer el arbol: 0.0275919
Valor de la funcion objetivo: 2
x2_2 = 1
x6_2 = 1
x20_2 = 1
x8_4 = 1
x9_4 = 1
w2 = 1
w4 = 1
