Tiempo de corrida total: 0.444145
Tiempo de corrida recorrer el arbol: 0.436569
Valor de la funcion objetivo: 3
x10_1 = 1
x17_1 = 1
x20_1 = 1
x2_4 = 1
x11_4 = 1
x16_4 = 1
x5_9 = 1
x8_9 = 1
x14_9 = 1
x18_9 = 1
w1 = 1
w4 = 1
w9 = 1
