Tiempo de corrida total: 0.0788782
Tiempo de corrida recorrer el arbol: 0.0765431
Valor de la funcion objetivo: 2
x1_1 = 1
x3_1 = 1
x4_1 = 1
x6_1 = 1
x9_1 = 1
x15_1 = 1
x16_1 = 1
x5_2 = 1
x7_2 = 1
x8_2 = 1
w1 = 1
w2 = 1
