Tiempo de corrida total: 0.0336781
Tiempo de corrida recorrer el arbol: 0.0327191
Valor de la funcion objetivo: 2
x1_1 = 1
x6_1 = 1
x10_1 = 1
x12_1 = 1
x2_9 = 1
x5_9 = 1
x7_9 = 1
x14_9 = 1
x17_9 = 1
x18_9 = 1
w1 = 1
w9 = 1
