Tiempo de corrida total: 0.538958
Tiempo de corrida recorrer el arbol: 0.52876
Valor de la funcion objetivo: 3
x11_1 = 1
x13_1 = 1
x18_1 = 1
x1_3 = 1
x7_3 = 1
x19_3 = 1
x14_6 = 1
x15_6 = 1
w1 = 1
w3 = 1
w6 = 1
