Tiempo de corrida total: 0.079283
Tiempo de corrida recorrer el arbol: 0.0767372
Valor de la funcion objetivo: 2
x14_4 = 1
x18_4 = 1
x20_4 = 1
x6_5 = 1
x8_5 = 1
w4 = 1
w5 = 1
