Tiempo de corrida total: 0.156183
Tiempo de corrida recorrer el arbol: 0.148994
Valor de la funcion objetivo: 3
x4_1 = 1
x10_1 = 1
x19_1 = 1
x3_3 = 1
x12_3 = 1
x8_7 = 1
x13_7 = 1
x15_7 = 1
w1 = 1
w3 = 1
w7 = 1
