Tiempo de corrida total: 2.44662
Tiempo de corrida recorrer el arbol: 2.43835
Valor de la funcion objetivo: 3
x5_2 = 1
x17_2 = 1
x18_2 = 1
x12_3 = 1
x14_3 = 1
x16_3 = 1
x9_7 = 1
x11_7 = 1
w2 = 1
w3 = 1
w7 = 1
