Tiempo de corrida total: 0.257462
Tiempo de corrida recorrer el arbol: 0.253152
Valor de la funcion objetivo: 3
x2_3 = 1
x17_3 = 1
x3_6 = 1
x14_6 = 1
x15_6 = 1
x5_8 = 1
x6_8 = 1
x20_8 = 1
w3 = 1
w6 = 1
w8 = 1
