Tiempo de corrida total: 0.075479
Tiempo de corrida recorrer el arbol: 0.071141
Valor de la funcion objetivo: 2
x2_9 = 1
x5_9 = 1
x7_9 = 1
x8_9 = 1
x14_9 = 1
x20_9 = 1
x1_10 = 1
x6_10 = 1
x10_10 = 1
x12_10 = 1
w9 = 1
w10 = 1
