Tiempo de corrida total: 0.546375
Tiempo de corrida recorrer el arbol: 0.545285
Valor de la funcion objetivo: 3
x1_1 = 1
x2_1 = 1
x7_1 = 1
x18_1 = 1
x5_2 = 1
x15_2 = 1
x12_3 = 1
x19_3 = 1
w1 = 1
w2 = 1
w3 = 1
