Tiempo de corrida total: 0.271537
Tiempo de corrida recorrer el arbol: 0.26486
Valor de la funcion objetivo: 3
x7_2 = 1
x11_2 = 1
x15_2 = 1
x13_3 = 1
x16_3 = 1
x4_5 = 1
x8_5 = 1
x19_5 = 1
w2 = 1
w3 = 1
w5 = 1
