Tiempo de corrida total: 0.796549
Tiempo de corrida recorrer el arbol: 0.790928
Valor de la funcion objetivo: 4
x7_1 = 1
x16_1 = 1
x15_3 = 1
x17_3 = 1
x19_3 = 1
x10_6 = 1
x11_6 = 1
x13_6 = 1
x2_10 = 1
x12_10 = 1
w1 = 1
w3 = 1
w6 = 1
w10 = 1
