Tiempo de corrida total: 0.00913811
Tiempo de corrida recorrer el arbol: 0.00767899
Valor de la funcion objetivo: 1
x3_5 = 1
x4_5 = 1
x12_5 = 1
x15_5 = 1
x19_5 = 1
w5 = 1
