Tiempo de corrida total: 0.591149
Tiempo de corrida recorrer el arbol: 0.586909
Valor de la funcion objetivo: 3
x1_1 = 1
x4_1 = 1
x5_1 = 1
x16_1 = 1
x3_2 = 1
x8_2 = 1
x10_2 = 1
x14_2 = 1
x13_3 = 1
x18_3 = 1
w1 = 1
w2 = 1
w3 = 1
