Tiempo de corrida total: 0.146043
Tiempo de corrida recorrer el arbol: 0.141739
Valor de la funcion objetivo: 3
x1_1 = 1
x11_1 = 1
x4_5 = 1
x5_5 = 1
x13_5 = 1
x2_6 = 1
x12_6 = 1
x16_6 = 1
w1 = 1
w5 = 1
w6 = 1
