Tiempo de corrida total: 7.49332
Tiempo de corrida recorrer el arbol: 7.48469
Valor de la funcion objetivo: 4
x1_1 = 1
x8_1 = 1
x10_1 = 1
x4_3 = 1
x13_3 = 1
x7_9 = 1
x18_9 = 1
x2_10 = 1
x17_10 = 1
x20_10 = 1
w1 = 1
w3 = 1
w9 = 1
w10 = 1
