Tiempo de corrida total: 0.0604091
Tiempo de corrida recorrer el arbol: 0.0596399
Valor de la funcion objetivo: 2
x1_1 = 1
x3_1 = 1
x6_1 = 1
x9_1 = 1
x11_1 = 1
x12_1 = 1
x2_2 = 1
x18_2 = 1
w1 = 1
w2 = 1
