Tiempo de corrida total: 1.59074
Tiempo de corrida recorrer el arbol: 1.58483
Valor de la funcion objetivo: 3
x1_1 = 1
x2_1 = 1
x4_1 = 1
x18_1 = 1
x3_2 = 1
x16_2 = 1
x20_2 = 1
x5_3 = 1
x6_3 = 1
x7_3 = 1
w1 = 1
w2 = 1
w3 = 1
