Tiempo de corrida total: 3.22293
Tiempo de corrida recorrer el arbol: 3.21891
Valor de la funcion objetivo: 3
x11_2 = 1
x13_2 = 1
x18_2 = 1
x1_3 = 1
x7_3 = 1
x19_3 = 1
x14_4 = 1
x15_4 = 1
w2 = 1
w3 = 1
w4 = 1
