Tiempo de corrida total: 0.06215
Tiempo de corrida recorrer el arbol: 0.0595429
Valor de la funcion objetivo: 2
x4_4 = 1
x17_4 = 1
x14_5 = 1
x18_5 = 1
x20_5 = 1
w4 = 1
w5 = 1
