Tiempo de corrida total: 0.113959
Tiempo de corrida recorrer el arbol: 0.110463
Valor de la funcion objetivo: 2
x1_1 = 1
x2_1 = 1
x7_1 = 1
x9_1 = 1
x10_1 = 1
x13_1 = 1
x6_2 = 1
x11_2 = 1
w1 = 1
w2 = 1
