Tiempo de corrida total: 0.206909
Tiempo de corrida recorrer el arbol: 0.200365
Valor de la funcion objetivo: 3
x4_2 = 1
x9_2 = 1
x10_2 = 1
x13_3 = 1
x15_3 = 1
x18_3 = 1
x8_7 = 1
x12_7 = 1
w2 = 1
w3 = 1
w7 = 1
