Tiempo de corrida total: 1.17251
Tiempo de corrida recorrer el arbol: 1.16935
Valor de la funcion objetivo: 3
x12_1 = 1
x14_1 = 1
x16_1 = 1
x13_2 = 1
x15_2 = 1
x5_4 = 1
x6_4 = 1
x20_4 = 1
w1 = 1
w2 = 1
w4 = 1
