Tiempo de corrida total: 0.0190361
Tiempo de corrida recorrer el arbol: 0.0182052
Valor de la funcion objetivo: 1
x6_4 = 1
x8_4 = 1
x9_4 = 1
x13_4 = 1
x15_4 = 1
w4 = 1
