Tiempo de corrida total: 0.32287
Tiempo de corrida recorrer el arbol: 0.319946
Valor de la funcion objetivo: 3
x17_4 = 1
x20_4 = 1
x5_9 = 1
x12_9 = 1
x15_9 = 1
x18_9 = 1
x4_10 = 1
x7_10 = 1
x9_10 = 1
x11_10 = 1
w4 = 1
w9 = 1
w10 = 1
