Tiempo de corrida total: 2.34654
Tiempo de corrida recorrer el arbol: 2.34052
Valor de la funcion objetivo: 4
x7_3 = 1
x18_3 = 1
x15_6 = 1
x17_6 = 1
x19_6 = 1
x4_8 = 1
x9_8 = 1
x11_8 = 1
x10_9 = 1
x16_9 = 1
w3 = 1
w6 = 1
w8 = 1
w9 = 1
