Tiempo de corrida total: 0.0637751
Tiempo de corrida recorrer el arbol: 0.0600028
Valor de la funcion objetivo: 2
x9_3 = 1
x12_3 = 1
x4_4 = 1
x10_4 = 1
x11_4 = 1
w3 = 1
w4 = 1
