Tiempo de corrida total: 0.020926
Tiempo de corrida recorrer el arbol: 0.0200529
Valor de la funcion objetivo: 2
x7_9 = 1
x11_9 = 1
x12_9 = 1
x13_9 = 1
x18_9 = 1
x20_9 = 1
x5_10 = 1
x10_10 = 1
x16_10 = 1
x17_10 = 1
w9 = 1
w10 = 1
