Tiempo de corrida total: 0.0286589
Tiempo de corrida recorrer el arbol: 0.0266771
Valor de la funcion objetivo: 2
x1_1 = 1
x2_1 = 1
x3_1 = 1
x6_1 = 1
x9_1 = 1
x8_2 = 1
x16_2 = 1
x18_2 = 1
w1 = 1
w2 = 1
