Tiempo de corrida total: 0.63144
Tiempo de corrida recorrer el arbol: 0.625482
Valor de la funcion objetivo: 3
x3_3 = 1
x14_3 = 1
x2_7 = 1
x18_7 = 1
x4_8 = 1
x8_8 = 1
x11_8 = 1
x19_8 = 1
w3 = 1
w7 = 1
w8 = 1
