Tiempo de corrida total: 0.177272
Tiempo de corrida recorrer el arbol: 0.174766
Valor de la funcion objetivo: 2
x1_7 = 1
x2_7 = 1
x14_7 = 1
x18_7 = 1
x4_8 = 1
x9_8 = 1
x11_8 = 1
x19_8 = 1
w7 = 1
w8 = 1
