Tiempo de corrida total: 0.0115199
Tiempo de corrida recorrer el arbol: 0.0107279
Valor de la funcion objetivo: 1
x5_3 = 1
x7_3 = 1
x15_3 = 1
x19_3 = 1
x20_3 = 1
w3 = 1
