Tiempo de corrida total: 0.612475
Tiempo de corrida recorrer el arbol: 0.610637
Valor de la funcion objetivo: 3
x2_1 = 1
x12_1 = 1
x16_1 = 1
x8_4 = 1
x11_4 = 1
x18_4 = 1
x14_6 = 1
x15_6 = 1
w1 = 1
w4 = 1
w6 = 1
