Tiempo de corrida total: 0.099848
Tiempo de corrida recorrer el arbol: 0.0971718
Valor de la funcion objetivo: 2
x1_7 = 1
x4_7 = 1
x7_7 = 1
x10_7 = 1
x12_8 = 1
x13_8 = 1
x15_8 = 1
x19_8 = 1
w7 = 1
w8 = 1
