Tiempo de corrida total: 0.066457
Tiempo de corrida recorrer el arbol: 0.0642021
Valor de la funcion objetivo: 2
x3_4 = 1
x4_4 = 1
x10_4 = 1
x14_4 = 1
x18_4 = 1
x8_6 = 1
x9_6 = 1
x16_6 = 1
w4 = 1
w6 = 1
