Tiempo de corrida total: 0.0220931
Tiempo de corrida recorrer el arbol: 0.0212388
Valor de la funcion objetivo: 2
x2_3 = 1
x3_3 = 1
x5_3 = 1
x19_3 = 1
x15_5 = 1
w3 = 1
w5 = 1
