Tiempo de corrida total: 0.00453091
Tiempo de corrida recorrer el arbol: 0.00399303
Valor de la funcion objetivo: 1
x3_1 = 1
x6_1 = 1
x9_1 = 1
x10_1 = 1
x19_1 = 1
w1 = 1
