Tiempo de corrida total: 0.353214
Tiempo de corrida recorrer el arbol: 0.350636
Valor de la funcion objetivo: 2
x3_2 = 1
x6_2 = 1
x10_4 = 1
x14_4 = 1
x20_4 = 1
w2 = 1
w4 = 1
