Tiempo de corrida total: 0.844919
Tiempo de corrida recorrer el arbol: 0.839692
Valor de la funcion objetivo: 2
x12_5 = 1
x13_5 = 1
x15_5 = 1
x19_5 = 1
x1_7 = 1
x4_7 = 1
x7_7 = 1
x10_7 = 1
w5 = 1
w7 = 1
