Tiempo de corrida total: 0.018748
Tiempo de corrida recorrer el arbol: 0.0167911
Valor de la funcion objetivo: 1
x3_5 = 1
x12_5 = 1
x16_5 = 1
x18_5 = 1
x20_5 = 1
w5 = 1
