Tiempo de corrida total: 3.50303
Tiempo de corrida recorrer el arbol: 3.50032
Valor de la funcion objetivo: 3
x4_1 = 1
x8_1 = 1
x11_1 = 1
x19_1 = 1
x2_2 = 1
x18_2 = 1
x3_3 = 1
x14_3 = 1
w1 = 1
w2 = 1
w3 = 1
