Tiempo de corrida total: 0.211948
Tiempo de corrida recorrer el arbol: 0.203116
Valor de la funcion objetivo: 3
x8_1 = 1
x11_1 = 1
x15_1 = 1
x2_4 = 1
x14_4 = 1
x17_4 = 1
x1_5 = 1
x18_5 = 1
w1 = 1
w4 = 1
w5 = 1
