Tiempo de corrida total: 0.05053
Tiempo de corrida recorrer el arbol: 0.0447729
Valor de la funcion objetivo: 2
x4_4 = 1
x8_4 = 1
x13_4 = 1
x16_4 = 1
x6_8 = 1
x10_8 = 1
x14_8 = 1
x20_8 = 1
w4 = 1
w8 = 1
