Tiempo de corrida total: 0.0312941
Tiempo de corrida recorrer el arbol: 0.0304232
Valor de la funcion objetivo: 2
x7_6 = 1
x15_6 = 1
x17_6 = 1
x2_8 = 1
x6_8 = 1
x9_8 = 1
x11_8 = 1
x18_8 = 1
w6 = 1
w8 = 1
