Tiempo de corrida total: 0.170552
Tiempo de corrida recorrer el arbol: 0.167058
Valor de la funcion objetivo: 2
x2_1 = 1
x15_1 = 1
x16_1 = 1
x17_1 = 1
x1_4 = 1
x5_4 = 1
x7_4 = 1
x10_4 = 1
x12_4 = 1
x18_4 = 1
w1 = 1
w4 = 1
