Tiempo de corrida total: 0.0683579
Tiempo de corrida recorrer el arbol: 0.065933
Valor de la funcion objetivo: 2
x5_9 = 1
x11_9 = 1
x14_9 = 1
x18_9 = 1
x19_9 = 1
x3_10 = 1
x7_10 = 1
x12_10 = 1
x15_10 = 1
x16_10 = 1
w9 = 1
w10 = 1
