Tiempo de corrida total: 5.46057
Tiempo de corrida recorrer el arbol: 5.45865
Valor de la funcion objetivo: 3
x1_1 = 1
x4_1 = 1
x6_1 = 1
x9_1 = 1
x18_1 = 1
x7_2 = 1
x16_2 = 1
x12_3 = 1
w1 = 1
w2 = 1
w3 = 1
