Tiempo de corrida total: 0.0657358
Tiempo de corrida recorrer el arbol: 0.0612919
Valor de la funcion objetivo: 2
x5_1 = 1
x6_1 = 1
x9_1 = 1
x11_1 = 1
x16_1 = 1
x1_9 = 1
x2_9 = 1
x7_9 = 1
x17_9 = 1
x18_9 = 1
w1 = 1
w9 = 1
