Tiempo de corrida total: 0.114157
Tiempo de corrida recorrer el arbol: 0.105905
Valor de la funcion objetivo: 3
x3_3 = 1
x6_3 = 1
x14_3 = 1
x16_3 = 1
x10_9 = 1
x11_9 = 1
x15_9 = 1
x19_9 = 1
x17_10 = 1
x20_10 = 1
w3 = 1
w9 = 1
w10 = 1
