Tiempo de corrida total: 8.34894
Tiempo de corrida recorrer el arbol: 8.34205
Valor de la funcion objetivo: 4
x8_2 = 1
x12_2 = 1
x2_7 = 1
x15_7 = 1
x16_7 = 1
x7_8 = 1
x10_8 = 1
x6_9 = 1
x11_9 = 1
x19_9 = 1
w2 = 1
w7 = 1
w8 = 1
w9 = 1
