Tiempo de corrida total: 0.0542581
Tiempo de corrida recorrer el arbol: 0.049674
Valor de la funcion objetivo: 2
x1_1 = 1
x2_1 = 1
x15_1 = 1
x3_2 = 1
x11_2 = 1
w1 = 1
w2 = 1
