Tiempo de corrida total: 0.0905509
Tiempo de corrida recorrer el arbol: 0.08813
Valor de la funcion objetivo: 2
x1_1 = 1
x2_1 = 1
x14_1 = 1
x5_2 = 1
x18_2 = 1
w1 = 1
w2 = 1
