Tiempo de corrida total: 0.585068
Tiempo de corrida recorrer el arbol: 0.578679
Valor de la funcion objetivo: 3
x1_1 = 1
x3_1 = 1
x6_1 = 1
x10_1 = 1
x16_1 = 1
x2_2 = 1
x5_2 = 1
x11_2 = 1
x18_2 = 1
x7_3 = 1
w1 = 1
w2 = 1
w3 = 1
