Tiempo de corrida total: 0.00546694
Tiempo de corrida recorrer el arbol: 0.00465083
Valor de la funcion objetivo: 1
x1_1 = 1
x2_1 = 1
x3_1 = 1
x5_1 = 1
x7_1 = 1
w1 = 1
