Tiempo de corrida total: 0.086134
Tiempo de corrida recorrer el arbol: 0.0837889
Valor de la funcion objetivo: 2
x5_3 = 1
x11_3 = 1
x6_4 = 1
x17_4 = 1
x18_4 = 1
w3 = 1
w4 = 1
