Tiempo de corrida total: 0.0150051
Tiempo de corrida recorrer el arbol: 0.0132198
Valor de la funcion objetivo: 1
x2_3 = 1
x3_3 = 1
x5_3 = 1
x7_3 = 1
x8_3 = 1
x10_3 = 1
x12_3 = 1
x19_3 = 1
w3 = 1
