Tiempo de corrida total: 0.114439
Tiempo de corrida recorrer el arbol: 0.106716
Valor de la funcion objetivo: 3
x10_1 = 1
x11_1 = 1
x15_1 = 1
x19_1 = 1
x12_9 = 1
x13_9 = 1
x16_9 = 1
x2_10 = 1
x3_10 = 1
x18_10 = 1
w1 = 1
w9 = 1
w10 = 1
