Tiempo de corrida total: 0.0426381
Tiempo de corrida recorrer el arbol: 0.0403309
Valor de la funcion objetivo: 2
x4_2 = 1
x10_2 = 1
x19_2 = 1
x7_5 = 1
x14_5 = 1
w2 = 1
w5 = 1
