Tiempo de corrida total: 0.224654
Tiempo de corrida recorrer el arbol: 0.220062
Valor de la funcion objetivo: 3
x4_2 = 1
x9_2 = 1
x18_2 = 1
x5_5 = 1
x17_5 = 1
x2_7 = 1
x12_7 = 1
x16_7 = 1
w2 = 1
w5 = 1
w7 = 1
