Tiempo de corrida total: 0.0655639
Tiempo de corrida recorrer el arbol: 0.0646391
Valor de la funcion objetivo: 2
x3_1 = 1
x9_1 = 1
x5_2 = 1
x11_2 = 1
x14_2 = 1
w1 = 1
w2 = 1
