Tiempo de corrida total: 0.00368285
Tiempo de corrida recorrer el arbol: 0.0029459
Valor de la funcion objetivo: 1
x1_1 = 1
x2_1 = 1
x4_1 = 1
x15_1 = 1
x16_1 = 1
w1 = 1
