Tiempo de corrida total: 1.07258
Tiempo de corrida recorrer el arbol: 1.07089
Valor de la funcion objetivo: 3
x2_2 = 1
x17_2 = 1
x20_2 = 1
x7_6 = 1
x11_6 = 1
x14_6 = 1
x1_8 = 1
x15_8 = 1
w2 = 1
w6 = 1
w8 = 1
