Tiempo de corrida total: 0.0419321
Tiempo de corrida recorrer el arbol: 0.04108
Valor de la funcion objetivo: 2
x1_1 = 1
x2_1 = 1
x7_1 = 1
x10_1 = 1
x11_1 = 1
x18_1 = 1
x5_2 = 1
x16_2 = 1
w1 = 1
w2 = 1
