Tiempo de corrida total: 0.919716
Tiempo de corrida recorrer el arbol: 0.915621
Valor de la funcion objetivo: 2
x4_7 = 1
x9_7 = 1
x11_7 = 1
x19_7 = 1
x1_8 = 1
x2_8 = 1
x14_8 = 1
x18_8 = 1
w7 = 1
w8 = 1
