Tiempo de corrida total: 1.27767
Tiempo de corrida recorrer el arbol: 1.27342
Valor de la funcion objetivo: 3
x1_2 = 1
x17_2 = 1
x19_2 = 1
x4_5 = 1
x6_5 = 1
x8_5 = 1
x14_6 = 1
x18_6 = 1
w2 = 1
w5 = 1
w6 = 1
