Tiempo de corrida total: 0.0721111
Tiempo de corrida recorrer el arbol: 0.0712709
Valor de la funcion objetivo: 2
x1_1 = 1
x2_1 = 1
x12_1 = 1
x5_2 = 1
x9_2 = 1
w1 = 1
w2 = 1
