Tiempo de corrida total: 0.0477009
Tiempo de corrida recorrer el arbol: 0.0422721
Valor de la funcion objetivo: 2
x1_1 = 1
x3_1 = 1
x4_1 = 1
x9_1 = 1
x12_1 = 1
x13_1 = 1
x18_1 = 1
x10_2 = 1
x14_2 = 1
x15_2 = 1
w1 = 1
w2 = 1
