Tiempo de corrida total: 0.116359
Tiempo de corrida recorrer el arbol: 0.115315
Valor de la funcion objetivo: 2
x1_1 = 1
x2_1 = 1
x15_1 = 1
x16_1 = 1
x17_1 = 1
x5_9 = 1
x7_9 = 1
x10_9 = 1
x12_9 = 1
x18_9 = 1
w1 = 1
w9 = 1
