Tiempo de corrida total: 0.073694
Tiempo de corrida recorrer el arbol: 0.070744
Valor de la funcion objetivo: 2
x10_3 = 1
x19_3 = 1
x6_4 = 1
x8_4 = 1
x13_4 = 1
w3 = 1
w4 = 1
