Tiempo de corrida total: 3.22643
Tiempo de corrida recorrer el arbol: 3.21849
Valor de la funcion objetivo: 3
x7_2 = 1
x12_2 = 1
x20_2 = 1
x4_3 = 1
x5_3 = 1
x19_3 = 1
x2_7 = 1
x11_7 = 1
x13_7 = 1
x18_7 = 1
w2 = 1
w3 = 1
w7 = 1
