Tiempo de corrida total: 3.19032
Tiempo de corrida recorrer el arbol: 3.18443
Valor de la funcion objetivo: 3
x8_1 = 1
x12_1 = 1
x13_2 = 1
x15_2 = 1
x18_2 = 1
x4_6 = 1
x9_6 = 1
x10_6 = 1
w1 = 1
w2 = 1
w6 = 1
