Tiempo de corrida total: 1.35545
Tiempo de corrida recorrer el arbol: 1.35128
Valor de la funcion objetivo: 3
x1_1 = 1
x2_1 = 1
x10_1 = 1
x3_2 = 1
x4_2 = 1
x9_2 = 1
x19_2 = 1
x18_3 = 1
w1 = 1
w2 = 1
w3 = 1
