Tiempo de corrida total: 0.326081
Tiempo de corrida recorrer el arbol: 0.316851
Valor de la funcion objetivo: 3
x1_1 = 1
x2_1 = 1
x3_1 = 1
x5_1 = 1
x17_1 = 1
x4_2 = 1
x7_2 = 1
x10_2 = 1
x12_3 = 1
x15_3 = 1
w1 = 1
w2 = 1
w3 = 1
