Tiempo de corrida total: 1.00262
Tiempo de corrida recorrer el arbol: 0.994977
Valor de la funcion objetivo: 3
x14_2 = 1
x15_2 = 1
x8_5 = 1
x11_5 = 1
x18_5 = 1
x2_6 = 1
x12_6 = 1
x16_6 = 1
w2 = 1
w5 = 1
w6 = 1
