Tiempo de corrida total: 0.171116
Tiempo de corrida recorrer el arbol: 0.166974
Valor de la funcion objetivo: 2
x1_2 = 1
x2_2 = 1
x14_2 = 1
x18_2 = 1
x4_5 = 1
x9_5 = 1
x11_5 = 1
x19_5 = 1
w2 = 1
w5 = 1
