Tiempo de corrida total: 0.456946
Tiempo de corrida recorrer el arbol: 0.449985
Valor de la funcion objetivo: 3
x4_2 = 1
x10_2 = 1
x19_2 = 1
x3_5 = 1
x12_5 = 1
x13_6 = 1
x14_6 = 1
x15_6 = 1
w2 = 1
w5 = 1
w6 = 1
