Tiempo de corrida total: 6.70859
Tiempo de corrida recorrer el arbol: 6.70194
Valor de la funcion objetivo: 4
x7_1 = 1
x18_1 = 1
x4_3 = 1
x9_3 = 1
x11_3 = 1
x10_6 = 1
x16_6 = 1
x15_10 = 1
x17_10 = 1
x19_10 = 1
w1 = 1
w3 = 1
w6 = 1
w10 = 1
