Tiempo de corrida total: 0.702451
Tiempo de corrida recorrer el arbol: 0.697817
Valor de la funcion objetivo: 3
x2_3 = 1
x17_3 = 1
x20_3 = 1
x15_5 = 1
x18_5 = 1
x7_6 = 1
x11_6 = 1
x14_6 = 1
w3 = 1
w5 = 1
w6 = 1
