Tiempo de corrida total: 0.00715089
Tiempo de corrida recorrer el arbol: 0.00649285
Valor de la funcion objetivo: 1
x1_3 = 1
x4_3 = 1
x14_3 = 1
x15_3 = 1
x19_3 = 1
w3 = 1
