Tiempo de corrida total: 0.0472832
Tiempo de corrida recorrer el arbol: 0.046488
Valor de la funcion objetivo: 2
x1_1 = 1
x3_1 = 1
x4_1 = 1
x2_2 = 1
x6_2 = 1
w1 = 1
w2 = 1
