Tiempo de corrida total: 0.080658
Tiempo de corrida recorrer el arbol: 0.0770659
Valor de la funcion objetivo: 2
x12_2 = 1
x17_2 = 1
x4_5 = 1
x10_5 = 1
x11_5 = 1
w2 = 1
w5 = 1
