Tiempo de corrida total: 2.04853
Tiempo de corrida recorrer el arbol: 2.04461
Valor de la funcion objetivo: 3
x14_4 = 1
x15_4 = 1
x11_6 = 1
x13_6 = 1
x18_6 = 1
x1_8 = 1
x7_8 = 1
x19_8 = 1
w4 = 1
w6 = 1
w8 = 1
