Tiempo de corrida total: 0.189233
Tiempo de corrida recorrer el arbol: 0.184791
Valor de la funcion objetivo: 3
x4_3 = 1
x8_3 = 1
x19_3 = 1
x7_4 = 1
x11_4 = 1
x15_4 = 1
x13_8 = 1
x16_8 = 1
w3 = 1
w4 = 1
w8 = 1
