Tiempo de corrida total: 2.47046
Tiempo de corrida recorrer el arbol: 2.46292
Valor de la funcion objetivo: 3
x8_3 = 1
x11_3 = 1
x18_3 = 1
x14_7 = 1
x15_7 = 1
x2_8 = 1
x12_8 = 1
x16_8 = 1
w3 = 1
w7 = 1
w8 = 1
