Tiempo de corrida total: 0.119391
Tiempo de corrida recorrer el arbol: 0.116928
Valor de la funcion objetivo: 3
x5_1 = 1
x13_1 = 1
x16_1 = 1
x9_3 = 1
x18_3 = 1
x2_5 = 1
x4_5 = 1
x12_5 = 1
w1 = 1
w3 = 1
w5 = 1
