Tiempo de corrida total: 0.0343809
Tiempo de corrida recorrer el arbol: 0.0324519
Valor de la funcion objetivo: 2
x1_1 = 1
x2_1 = 1
x3_1 = 1
x5_1 = 1
x10_1 = 1
x9_2 = 1
x11_2 = 1
x14_2 = 1
w1 = 1
w2 = 1
