Tiempo de corrida total: 4.66819
Tiempo de corrida recorrer el arbol: 4.66315
Valor de la funcion objetivo: 4
x10_3 = 1
x11_3 = 1
x1_4 = 1
x2_4 = 1
x14_4 = 1
x13_6 = 1
x16_6 = 1
x5_7 = 1
x7_7 = 1
x9_7 = 1
w3 = 1
w4 = 1
w6 = 1
w7 = 1
