Tiempo de corrida total: 0.600862
Tiempo de corrida recorrer el arbol: 0.593938
Valor de la funcion objetivo: 3
x7_2 = 1
x9_2 = 1
x20_2 = 1
x12_4 = 1
x16_4 = 1
x5_6 = 1
x6_6 = 1
x17_6 = 1
w2 = 1
w4 = 1
w6 = 1
