Tiempo de corrida total: 1.49994
Tiempo de corrida recorrer el arbol: 1.49357
Valor de la funcion objetivo: 3
x4_1 = 1
x12_1 = 1
x17_1 = 1
x1_2 = 1
x15_2 = 1
x2_7 = 1
x13_7 = 1
x16_7 = 1
w1 = 1
w2 = 1
w7 = 1
