Tiempo de corrida total: 1.27304
Tiempo de corrida recorrer el arbol: 1.26858
Valor de la funcion objetivo: 3
x7_2 = 1
x11_2 = 1
x14_2 = 1
x2_6 = 1
x17_6 = 1
x20_6 = 1
x1_7 = 1
x15_7 = 1
w2 = 1
w6 = 1
w7 = 1
