Tiempo de corrida total: 0.0209241
Tiempo de corrida recorrer el arbol: 0.0198591
Valor de la funcion objetivo: 2
x5_1 = 1
x7_1 = 1
x15_1 = 1
x19_1 = 1
x1_5 = 1
x2_5 = 1
x6_5 = 1
x18_5 = 1
w1 = 1
w5 = 1
