Tiempo de corrida total: 1.25462
Tiempo de corrida recorrer el arbol: 1.25032
Valor de la funcion objetivo: 3
x4_4 = 1
x6_4 = 1
x5_6 = 1
x17_6 = 1
x18_6 = 1
x7_7 = 1
x9_7 = 1
x20_7 = 1
w4 = 1
w6 = 1
w7 = 1
