Tiempo de corrida total: 1.04551
Tiempo de corrida recorrer el arbol: 1.03715
Valor de la funcion objetivo: 3
x5_3 = 1
x20_3 = 1
x6_4 = 1
x14_4 = 1
x17_4 = 1
x8_5 = 1
x11_5 = 1
x15_5 = 1
w3 = 1
w4 = 1
w5 = 1
