Tiempo de corrida total: 1.76576
Tiempo de corrida recorrer el arbol: 1.76178
Valor de la funcion objetivo: 4
x2_4 = 1
x11_4 = 1
x19_4 = 1
x3_6 = 1
x15_6 = 1
x16_6 = 1
x7_8 = 1
x10_8 = 1
x17_9 = 1
x18_9 = 1
w4 = 1
w6 = 1
w8 = 1
w9 = 1
