Tiempo de corrida total: 0.030586
Tiempo de corrida recorrer el arbol: 0.0298948
Valor de la funcion objetivo: 2
x1_1 = 1
x2_1 = 1
x3_1 = 1
x5_1 = 1
x12_1 = 1
x11_2 = 1
x17_2 = 1
x18_2 = 1
w1 = 1
w2 = 1
