Tiempo de corrida total: 2.76629
Tiempo de corrida recorrer el arbol: 2.76099
Valor de la funcion objetivo: 4
x2_2 = 1
x18_2 = 1
x4_3 = 1
x6_3 = 1
x11_3 = 1
x7_8 = 1
x16_8 = 1
x15_10 = 1
x17_10 = 1
x19_10 = 1
w2 = 1
w3 = 1
w8 = 1
w10 = 1
