Tiempo de corrida total: 4.25368
Tiempo de corrida recorrer el arbol: 4.24622
Valor de la funcion objetivo: 3
x2_2 = 1
x18_2 = 1
x6_3 = 1
x14_3 = 1
x17_3 = 1
x8_6 = 1
x11_6 = 1
x15_6 = 1
w2 = 1
w3 = 1
w6 = 1
