Tiempo de corrida total: 0.152661
Tiempo de corrida recorrer el arbol: 0.148547
Valor de la funcion objetivo: 2
x4_3 = 1
x9_3 = 1
x11_3 = 1
x19_3 = 1
x1_6 = 1
x2_6 = 1
x14_6 = 1
x20_6 = 1
w3 = 1
w6 = 1
