Tiempo de corrida total: 1.52771
Tiempo de corrida recorrer el arbol: 1.52256
Valor de la funcion objetivo: 3
x2_1 = 1
x11_1 = 1
x12_5 = 1
x14_5 = 1
x16_5 = 1
x1_6 = 1
x17_6 = 1
x19_6 = 1
w1 = 1
w5 = 1
w6 = 1
