Tiempo de corrida total: 1.31514
Tiempo de corrida recorrer el arbol: 1.31089
Valor de la funcion objetivo: 3
x1_1 = 1
x4_1 = 1
x6_1 = 1
x8_1 = 1
x9_1 = 1
x10_2 = 1
x11_2 = 1
x16_3 = 1
w1 = 1
w2 = 1
w3 = 1
