Tiempo de corrida total: 0.671863
Tiempo de corrida recorrer el arbol: 0.663799
Valor de la funcion objetivo: 3
x15_1 = 1
x20_1 = 1
x6_2 = 1
x14_2 = 1
x17_2 = 1
x4_8 = 1
x8_8 = 1
x19_8 = 1
w1 = 1
w2 = 1
w8 = 1
