Tiempo de corrida total: 0.0733149
Tiempo de corrida recorrer el arbol: 0.0711069
Valor de la funcion objetivo: 2
x1_1 = 1
x2_1 = 1
x7_1 = 1
x10_1 = 1
x11_1 = 1
x17_1 = 1
x12_2 = 1
x13_2 = 1
w1 = 1
w2 = 1
