Tiempo de corrida total: 3.60218
Tiempo de corrida recorrer el arbol: 3.59647
Valor de la funcion objetivo: 4
x13_1 = 1
x10_3 = 1
x19_3 = 1
x2_4 = 1
x17_4 = 1
x20_4 = 1
x8_6 = 1
x11_6 = 1
w1 = 1
w3 = 1
w4 = 1
w6 = 1
