Tiempo de corrida total: 7.09543
Tiempo de corrida recorrer el arbol: 7.08688
Valor de la funcion objetivo: 4
x1_1 = 1
x2_1 = 1
x8_1 = 1
x4_2 = 1
x9_2 = 1
x7_3 = 1
x15_3 = 1
x11_4 = 1
w1 = 1
w2 = 1
w3 = 1
w4 = 1
