Tiempo de corrida total: 0.0225871
Tiempo de corrida recorrer el arbol: 0.021003
Valor de la funcion objetivo: 1
x6_5 = 1
x8_5 = 1
x9_5 = 1
x13_5 = 1
x15_5 = 1
w5 = 1
