Tiempo de corrida total: 0.0566061
Tiempo de corrida recorrer el arbol: 0.054523
Valor de la funcion objetivo: 2
x1_1 = 1
x4_1 = 1
x14_1 = 1
x3_2 = 1
x19_2 = 1
w1 = 1
w2 = 1
