Tiempo de corrida total: 1.49657
Tiempo de corrida recorrer el arbol: 1.49219
Valor de la funcion objetivo: 3
x3_4 = 1
x15_4 = 1
x20_4 = 1
x1_6 = 1
x2_6 = 1
x16_6 = 1
x17_6 = 1
x5_8 = 1
w4 = 1
w6 = 1
w8 = 1
