Tiempo de corrida total: 0.02668
Tiempo de corrida recorrer el arbol: 0.025655
Valor de la funcion objetivo: 2
x5_7 = 1
x9_7 = 1
x10_7 = 1
x18_7 = 1
x3_8 = 1
x12_8 = 1
x15_8 = 1
x20_8 = 1
w7 = 1
w8 = 1
