Tiempo de corrida total: 0.00721812
Tiempo de corrida recorrer el arbol: 0.00576401
Valor de la funcion objetivo: 1
x3_5 = 1
x5_5 = 1
x13_5 = 1
x17_5 = 1
x18_5 = 1
w5 = 1
