Tiempo de corrida total: 0.040781
Tiempo de corrida recorrer el arbol: 0.0399642
Valor de la funcion objetivo: 2
x6_3 = 1
x13_3 = 1
x14_3 = 1
x11_4 = 1
x12_4 = 1
w3 = 1
w4 = 1
