Tiempo de corrida total: 0.107322
Tiempo de corrida recorrer el arbol: 0.099647
Valor de la funcion objetivo: 3
x4_2 = 1
x12_2 = 1
x17_2 = 1
x1_3 = 1
x15_3 = 1
x2_4 = 1
x13_4 = 1
x16_4 = 1
w2 = 1
w3 = 1
w4 = 1
