Tiempo de corrida total: 0.0757639
Tiempo de corrida recorrer el arbol: 0.0712941
Valor de la funcion objetivo: 3
x4_2 = 1
x6_2 = 1
x11_2 = 1
x5_4 = 1
x13_4 = 1
x2_7 = 1
x12_7 = 1
x16_7 = 1
w2 = 1
w4 = 1
w7 = 1
