Tiempo de corrida total: 0.582655
Tiempo de corrida recorrer el arbol: 0.576566
Valor de la funcion objetivo: 3
x2_1 = 1
x10_1 = 1
x12_1 = 1
x14_2 = 1
x16_2 = 1
x4_5 = 1
x5_5 = 1
x13_5 = 1
x19_5 = 1
x20_5 = 1
w1 = 1
w2 = 1
w5 = 1
