Tiempo de corrida total: 0.154582
Tiempo de corrida recorrer el arbol: 0.153591
Valor de la funcion objetivo: 2
x3_4 = 1
x4_4 = 1
x8_4 = 1
x16_4 = 1
x7_7 = 1
x9_7 = 1
x17_7 = 1
x18_7 = 1
w4 = 1
w7 = 1
