Tiempo de corrida total: 0.027962
Tiempo de corrida recorrer el arbol: 0.0246491
Valor de la funcion objetivo: 2
x5_2 = 1
x11_2 = 1
x14_2 = 1
x3_5 = 1
x9_5 = 1
w2 = 1
w5 = 1
