Tiempo de corrida total: 0.334067
Tiempo de corrida recorrer el arbol: 0.332489
Valor de la funcion objetivo: 3
x1_3 = 1
x17_3 = 1
x3_4 = 1
x14_4 = 1
x15_4 = 1
x5_6 = 1
x6_6 = 1
x20_6 = 1
w3 = 1
w4 = 1
w6 = 1
