Tiempo de corrida total: 0.06195
Tiempo de corrida recorrer el arbol: 0.058414
Valor de la funcion objetivo: 2
x1_1 = 1
x2_1 = 1
x6_1 = 1
x4_2 = 1
x5_2 = 1
w1 = 1
w2 = 1
