Tiempo de corrida total: 0.15658
Tiempo de corrida recorrer el arbol: 0.153612
Valor de la funcion objetivo: 2
x3_3 = 1
x5_3 = 1
x10_3 = 1
x18_3 = 1
x2_4 = 1
x6_4 = 1
x9_4 = 1
x12_4 = 1
w3 = 1
w4 = 1
