Tiempo de corrida total: 1.85596
Tiempo de corrida recorrer el arbol: 1.84586
Valor de la funcion objetivo: 3
x2_2 = 1
x5_2 = 1
x11_2 = 1
x16_2 = 1
x3_4 = 1
x7_4 = 1
x12_4 = 1
x10_5 = 1
x17_5 = 1
x20_5 = 1
w2 = 1
w4 = 1
w5 = 1
