Tiempo de corrida total: 0.037998
Tiempo de corrida recorrer el arbol: 0.037096
Valor de la funcion objetivo: 2
x5_8 = 1
x11_8 = 1
x12_8 = 1
x15_8 = 1
x18_8 = 1
x2_10 = 1
x7_10 = 1
x10_10 = 1
x17_10 = 1
x19_10 = 1
w8 = 1
w10 = 1
