Tiempo de corrida total: 0.0283871
Tiempo de corrida recorrer el arbol: 0.0274401
Valor de la funcion objetivo: 2
x4_4 = 1
x13_4 = 1
x6_5 = 1
x14_5 = 1
x17_5 = 1
w4 = 1
w5 = 1
