Tiempo de corrida total: 0.0357978
Tiempo de corrida recorrer el arbol: 0.033051
Valor de la funcion objetivo: 2
x8_2 = 1
x16_2 = 1
x18_2 = 1
x5_3 = 1
x15_3 = 1
w2 = 1
w3 = 1
