Tiempo de corrida total: 0.0474889
Tiempo de corrida recorrer el arbol: 0.0465109
Valor de la funcion objetivo: 2
x11_4 = 1
x12_4 = 1
x15_4 = 1
x17_4 = 1
x4_8 = 1
x8_8 = 1
x10_8 = 1
x18_8 = 1
w4 = 1
w8 = 1
