Tiempo de corrida total: 9.37834
Tiempo de corrida recorrer el arbol: 9.36786
Valor de la funcion objetivo: 4
x7_1 = 1
x12_1 = 1
x18_1 = 1
x9_3 = 1
x14_3 = 1
x3_8 = 1
x15_8 = 1
x2_9 = 1
x8_9 = 1
x17_9 = 1
w1 = 1
w3 = 1
w8 = 1
w9 = 1
