Tiempo de corrida total: 2.00311
Tiempo de corrida recorrer el arbol: 1.99785
Valor de la funcion objetivo: 3
x2_1 = 1
x16_1 = 1
x5_3 = 1
x9_3 = 1
x10_3 = 1
x3_9 = 1
x7_9 = 1
x12_9 = 1
x15_9 = 1
x20_9 = 1
w1 = 1
w3 = 1
w9 = 1
