Tiempo de corrida total: 0.155618
Tiempo de corrida recorrer el arbol: 0.154678
Valor de la funcion objetivo: 2
x5_1 = 1
x7_1 = 1
x10_1 = 1
x12_1 = 1
x18_1 = 1
x1_6 = 1
x2_6 = 1
x15_6 = 1
x16_6 = 1
x17_6 = 1
w1 = 1
w6 = 1
