Tiempo de corrida total: 0.0953982
Tiempo de corrida recorrer el arbol: 0.0930781
Valor de la funcion objetivo: 2
x4_3 = 1
x10_3 = 1
x17_3 = 1
x11_5 = 1
x12_5 = 1
w3 = 1
w5 = 1
