Tiempo de corrida total: 0.271054
Tiempo de corrida recorrer el arbol: 0.264869
Valor de la funcion objetivo: 3
x1_1 = 1
x2_1 = 1
x6_1 = 1
x11_1 = 1
x20_1 = 1
x4_2 = 1
x10_2 = 1
x12_2 = 1
x16_3 = 1
x18_3 = 1
w1 = 1
w2 = 1
w3 = 1
