Tiempo de corrida total: 2.40954
Tiempo de corrida recorrer el arbol: 2.40211
Valor de la funcion objetivo: 3
x5_1 = 1
x17_1 = 1
x18_1 = 1
x6_7 = 1
x12_7 = 1
x16_7 = 1
x2_8 = 1
x11_8 = 1
w1 = 1
w7 = 1
w8 = 1
