Tiempo de corrida total: 0.00593209
Tiempo de corrida recorrer el arbol: 0.00518703
Valor de la funcion objetivo: 1
x1_1 = 1
x3_1 = 1
x6_1 = 1
x10_1 = 1
x17_1 = 1
w1 = 1
