Tiempo de corrida total: 0.0292461
Tiempo de corrida recorrer el arbol: 0.028368
Valor de la funcion objetivo: 2
x8_1 = 1
x13_1 = 1
x15_1 = 1
x16_1 = 1
x5_9 = 1
x10_9 = 1
x11_9 = 1
x12_9 = 1
x17_9 = 1
x18_9 = 1
w1 = 1
w9 = 1
