Tiempo de corrida total: 0.173239
Tiempo de corrida recorrer el arbol: 0.171076
Valor de la funcion objetivo: 2
x3_3 = 1
x9_3 = 1
x5_4 = 1
x11_4 = 1
x14_4 = 1
w3 = 1
w4 = 1
