Tiempo de corrida total: 0.074121
Tiempo de corrida recorrer el arbol: 0.071728
Valor de la funcion objetivo: 2
x8_1 = 1
x9_1 = 1
x16_1 = 1
x3_8 = 1
x4_8 = 1
x10_8 = 1
x14_8 = 1
x18_8 = 1
w1 = 1
w8 = 1
