Tiempo de corrida total: 0.628859
Tiempo de corrida recorrer el arbol: 0.623218
Valor de la funcion objetivo: 3
x17_2 = 1
x20_2 = 1
x1_6 = 1
x15_6 = 1
x18_6 = 1
x6_7 = 1
x10_7 = 1
x14_7 = 1
w2 = 1
w6 = 1
w7 = 1
