Tiempo de corrida total: 0.644282
Tiempo de corrida recorrer el arbol: 0.63815
Valor de la funcion objetivo: 3
x2_4 = 1
x18_4 = 1
x4_5 = 1
x7_5 = 1
x11_5 = 1
x19_5 = 1
x8_8 = 1
x15_8 = 1
w4 = 1
w5 = 1
w8 = 1
