Tiempo de corrida total: 0.11925
Tiempo de corrida recorrer el arbol: 0.115022
Valor de la funcion objetivo: 3
x2_2 = 1
x4_2 = 1
x9_2 = 1
x7_4 = 1
x11_4 = 1
x19_4 = 1
x10_8 = 1
x15_8 = 1
w2 = 1
w4 = 1
w8 = 1
