Tiempo de corrida total: 0.373703
Tiempo de corrida recorrer el arbol: 0.369415
Valor de la funcion objetivo: 3
x5_3 = 1
x18_3 = 1
x20_3 = 1
x7_6 = 1
x11_6 = 1
x6_8 = 1
x10_8 = 1
x14_8 = 1
w3 = 1
w6 = 1
w8 = 1
