Tiempo de corrida total: 0.0403328
Tiempo de corrida recorrer el arbol: 0.0342178
Valor de la funcion objetivo: 2
x11_1 = 1
x14_1 = 1
x6_3 = 1
x17_3 = 1
x18_3 = 1
w1 = 1
w3 = 1
