Tiempo de corrida total: 0.0368788
Tiempo de corrida recorrer el arbol: 0.0359349
Valor de la funcion objetivo: 2
x5_2 = 1
x10_2 = 1
x18_2 = 1
x19_2 = 1
x17_5 = 1
w2 = 1
w5 = 1
