Tiempo de corrida total: 0.0378251
Tiempo de corrida recorrer el arbol: 0.0369399
Valor de la funcion objetivo: 1
x5_4 = 1
x9_4 = 1
x15_4 = 1
x16_4 = 1
x19_4 = 1
w4 = 1
