Tiempo de corrida total: 0.0291281
Tiempo de corrida recorrer el arbol: 0.026912
Valor de la funcion objetivo: 2
x9_4 = 1
x11_4 = 1
x12_4 = 1
x13_5 = 1
x19_5 = 1
w4 = 1
w5 = 1
