Tiempo de corrida total: 0.011909
Tiempo de corrida recorrer el arbol: 0.0104499
Valor de la funcion objetivo: 1
x1_1 = 1
x2_1 = 1
x7_1 = 1
x12_1 = 1
x16_1 = 1
w1 = 1
