Tiempo de corrida total: 0.00690603
Tiempo de corrida recorrer el arbol: 0.00634599
Valor de la funcion objetivo: 1
x3_4 = 1
x11_4 = 1
x13_4 = 1
x14_4 = 1
x15_4 = 1
w4 = 1
