Tiempo de corrida total: 0.0179422
Tiempo de corrida recorrer el arbol: 0.0170059
Valor de la funcion objetivo: 1
x6_1 = 1
x7_1 = 1
x8_1 = 1
x13_1 = 1
x20_1 = 1
w1 = 1
