Tiempo de corrida total: 3.82353
Tiempo de corrida recorrer el arbol: 3.81603
Valor de la funcion objetivo: 3
x1_1 = 1
x4_1 = 1
x7_1 = 1
x11_1 = 1
x8_6 = 1
x18_6 = 1
x5_10 = 1
x12_10 = 1
x17_10 = 1
x20_10 = 1
w1 = 1
w6 = 1
w10 = 1
