Tiempo de corrida total: 0.0338061
Tiempo de corrida recorrer el arbol: 0.033124
Valor de la funcion objetivo: 2
x2_3 = 1
x5_3 = 1
x12_3 = 1
x17_3 = 1
x7_6 = 1
x9_6 = 1
x10_6 = 1
x15_6 = 1
w3 = 1
w6 = 1
