Tiempo de corrida total: 0.060004
Tiempo de corrida recorrer el arbol: 0.057364
Valor de la funcion objetivo: 2
x1_1 = 1
x3_1 = 1
x4_1 = 1
x6_1 = 1
x9_1 = 1
x14_1 = 1
x7_2 = 1
x10_2 = 1
x12_2 = 1
x13_2 = 1
w1 = 1
w2 = 1
