Tiempo de corrida total: 0.0451138
Tiempo de corrida recorrer el arbol: 0.0410762
Valor de la funcion objetivo: 2
x5_9 = 1
x7_9 = 1
x10_9 = 1
x12_9 = 1
x18_9 = 1
x1_10 = 1
x2_10 = 1
x15_10 = 1
x16_10 = 1
x17_10 = 1
w9 = 1
w10 = 1
