Tiempo de corrida total: 0.0574548
Tiempo de corrida recorrer el arbol: 0.056704
Valor de la funcion objetivo: 2
x11_2 = 1
x14_2 = 1
x17_2 = 1
x2_4 = 1
x3_4 = 1
x5_4 = 1
x19_4 = 1
x20_4 = 1
w2 = 1
w4 = 1
