Tiempo de corrida total: 0.0767829
Tiempo de corrida recorrer el arbol: 0.0747068
Valor de la funcion objetivo: 2
x1_1 = 1
x6_1 = 1
x9_1 = 1
x15_1 = 1
x2_9 = 1
x7_9 = 1
x10_9 = 1
x11_9 = 1
x12_9 = 1
x16_9 = 1
w1 = 1
w9 = 1
