Tiempo de corrida total: 2.32511
Tiempo de corrida recorrer el arbol: 2.31752
Valor de la funcion objetivo: 4
x7_3 = 1
x8_3 = 1
x12_3 = 1
x11_4 = 1
x19_4 = 1
x17_6 = 1
x18_6 = 1
x2_10 = 1
x5_10 = 1
x16_10 = 1
w3 = 1
w4 = 1
w6 = 1
w10 = 1
