Tiempo de corrida total: 6.14256
Tiempo de corrida recorrer el arbol: 6.13801
Valor de la funcion objetivo: 3
x1_2 = 1
x17_2 = 1
x19_2 = 1
x12_6 = 1
x14_6 = 1
x16_6 = 1
x2_8 = 1
x11_8 = 1
w2 = 1
w6 = 1
w8 = 1
