Tiempo de corrida total: 0.113398
Tiempo de corrida recorrer el arbol: 0.110098
Valor de la funcion objetivo: 2
x1_1 = 1
x2_1 = 1
x15_1 = 1
x16_1 = 1
x17_1 = 1
x5_5 = 1
x7_5 = 1
x10_5 = 1
x12_5 = 1
x18_5 = 1
w1 = 1
w5 = 1
