Tiempo de corrida total: 2.92968
Tiempo de corrida recorrer el arbol: 2.92199
Valor de la funcion objetivo: 3
x8_1 = 1
x11_1 = 1
x15_1 = 1
x10_3 = 1
x16_3 = 1
x2_6 = 1
x14_6 = 1
x17_6 = 1
w1 = 1
w3 = 1
w6 = 1
