Tiempo de corrida total: 0.102484
Tiempo de corrida recorrer el arbol: 0.0982208
Valor de la funcion objetivo: 2
x5_3 = 1
x8_3 = 1
x11_4 = 1
x13_4 = 1
x14_4 = 1
w3 = 1
w4 = 1
