Tiempo de corrida total: 0.0768359
Tiempo de corrida recorrer el arbol: 0.0727701
Valor de la funcion objetivo: 2
x6_1 = 1
x16_1 = 1
x17_1 = 1
x5_5 = 1
x11_5 = 1
w1 = 1
w5 = 1
