Tiempo de corrida total: 0.0723932
Tiempo de corrida recorrer el arbol: 0.0699718
Valor de la funcion objetivo: 2
x3_1 = 1
x10_1 = 1
x14_1 = 1
x18_1 = 1
x20_1 = 1
x4_7 = 1
x13_7 = 1
x16_7 = 1
w1 = 1
w7 = 1
