Tiempo de corrida total: 2.55251
Tiempo de corrida recorrer el arbol: 2.54212
Valor de la funcion objetivo: 4
x6_1 = 1
x11_1 = 1
x2_4 = 1
x4_4 = 1
x15_4 = 1
x17_6 = 1
x18_6 = 1
x7_9 = 1
x8_9 = 1
x12_9 = 1
w1 = 1
w4 = 1
w6 = 1
w9 = 1
