Tiempo de corrida total: 4.75222
Tiempo de corrida recorrer el arbol: 4.74175
Valor de la funcion objetivo: 4
x7_3 = 1
x8_3 = 1
x12_3 = 1
x6_6 = 1
x11_6 = 1
x18_6 = 1
x20_7 = 1
x2_8 = 1
x4_8 = 1
x15_8 = 1
w3 = 1
w6 = 1
w7 = 1
w8 = 1
