Tiempo de corrida total: 0.00447202
Tiempo de corrida recorrer el arbol: 0.00396204
Valor de la funcion objetivo: 1
x3_1 = 1
x6_1 = 1
x9_1 = 1
x10_1 = 1
x19_1 = 1
w1 = 1
