Tiempo de corrida total: 3.12291
Tiempo de corrida recorrer el arbol: 3.12046
Valor de la funcion objetivo: 3
x13_3 = 1
x16_3 = 1
x4_4 = 1
x7_4 = 1
x11_4 = 1
x19_4 = 1
x8_7 = 1
x15_7 = 1
w3 = 1
w4 = 1
w7 = 1
