Tiempo de corrida total: 1.79343
Tiempo de corrida recorrer el arbol: 1.78719
Valor de la funcion objetivo: 4
x7_3 = 1
x16_3 = 1
x15_5 = 1
x17_5 = 1
x19_5 = 1
x2_7 = 1
x18_7 = 1
x4_9 = 1
x6_9 = 1
x11_9 = 1
w3 = 1
w5 = 1
w7 = 1
w9 = 1
