Tiempo de corrida total: 1.18665
Tiempo de corrida recorrer el arbol: 1.18124
Valor de la funcion objetivo: 3
x7_2 = 1
x14_2 = 1
x19_2 = 1
x9_3 = 1
x12_3 = 1
x4_6 = 1
x6_6 = 1
x8_6 = 1
w2 = 1
w3 = 1
w6 = 1
