Tiempo de corrida total: 2.17271
Tiempo de corrida recorrer el arbol: 2.16471
Valor de la funcion objetivo: 3
x7_3 = 1
x9_3 = 1
x20_3 = 1
x10_4 = 1
x11_4 = 1
x5_7 = 1
x17_7 = 1
x18_7 = 1
w3 = 1
w4 = 1
w7 = 1
