Tiempo de corrida total: 0.186285
Tiempo de corrida recorrer el arbol: 0.181204
Valor de la funcion objetivo: 3
x3_1 = 1
x14_1 = 1
x15_1 = 1
x5_2 = 1
x6_2 = 1
x20_2 = 1
x1_3 = 1
x17_3 = 1
w1 = 1
w2 = 1
w3 = 1
