Tiempo de corrida total: 0.103749
Tiempo de corrida recorrer el arbol: 0.100413
Valor de la funcion objetivo: 3
x1_4 = 1
x10_4 = 1
x12_7 = 1
x14_7 = 1
x20_7 = 1
x6_8 = 1
x7_8 = 1
x16_8 = 1
w4 = 1
w7 = 1
w8 = 1
