Tiempo de corrida total: 0.032131
Tiempo de corrida recorrer el arbol: 0.030246
Valor de la funcion objetivo: 1
x5_2 = 1
x9_2 = 1
x15_2 = 1
x16_2 = 1
x19_2 = 1
w2 = 1
