Tiempo de corrida total: 0.291803
Tiempo de corrida recorrer el arbol: 0.28487
Valor de la funcion objetivo: 3
x7_8 = 1
x11_8 = 1
x17_8 = 1
x5_9 = 1
x6_9 = 1
x13_9 = 1
x19_9 = 1
x1_10 = 1
x8_10 = 1
x16_10 = 1
w8 = 1
w9 = 1
w10 = 1
