Tiempo de corrida total: 0.140467
Tiempo de corrida recorrer el arbol: 0.136614
Valor de la funcion objetivo: 2
x4_1 = 1
x9_1 = 1
x11_1 = 1
x19_1 = 1
x1_5 = 1
x2_5 = 1
x14_5 = 1
x18_5 = 1
w1 = 1
w5 = 1
