Tiempo de corrida total: 0.522482
Tiempo de corrida recorrer el arbol: 0.518676
Valor de la funcion objetivo: 3
x1_1 = 1
x4_1 = 1
x6_1 = 1
x8_1 = 1
x9_1 = 1
x2_2 = 1
x3_2 = 1
x15_3 = 1
w1 = 1
w2 = 1
w3 = 1
