Tiempo de corrida total: 0.041573
Tiempo de corrida recorrer el arbol: 0.0390921
Valor de la funcion objetivo: 2
x1_1 = 1
x5_1 = 1
x8_1 = 1
x11_1 = 1
x12_1 = 1
x9_2 = 1
x16_2 = 1
x19_2 = 1
w1 = 1
w2 = 1
