Tiempo de corrida total: 0.0545769
Tiempo de corrida recorrer el arbol: 0.052459
Valor de la funcion objetivo: 2
x11_2 = 1
x16_2 = 1
x20_2 = 1
x2_5 = 1
x18_5 = 1
w2 = 1
w5 = 1
