Tiempo de corrida total: 0.173411
Tiempo de corrida recorrer el arbol: 0.168497
Valor de la funcion objetivo: 2
x12_3 = 1
x13_3 = 1
x15_3 = 1
x19_3 = 1
x1_7 = 1
x4_7 = 1
x7_7 = 1
x10_7 = 1
w3 = 1
w7 = 1
