Tiempo de corrida total: 0.864131
Tiempo de corrida recorrer el arbol: 0.855174
Valor de la funcion objetivo: 3
x7_5 = 1
x14_5 = 1
x13_6 = 1
x16_6 = 1
x18_6 = 1
x2_8 = 1
x17_8 = 1
x20_8 = 1
w5 = 1
w6 = 1
w8 = 1
