Tiempo de corrida total: 0.0431259
Tiempo de corrida recorrer el arbol: 0.0399311
Valor de la funcion objetivo: 2
x10_2 = 1
x18_2 = 1
x20_2 = 1
x9_4 = 1
x12_4 = 1
w2 = 1
w4 = 1
