Tiempo de corrida total: 1.54806
Tiempo de corrida recorrer el arbol: 1.54194
Valor de la funcion objetivo: 4
x2_3 = 1
x7_3 = 1
x12_3 = 1
x11_7 = 1
x19_7 = 1
x20_7 = 1
x6_8 = 1
x16_8 = 1
x10_10 = 1
x15_10 = 1
w3 = 1
w7 = 1
w8 = 1
w10 = 1
