Tiempo de corrida total: 0.014755
Tiempo de corrida recorrer el arbol: 0.0128109
Valor de la funcion objetivo: 1
x5_2 = 1
x6_2 = 1
x16_2 = 1
x17_2 = 1
x20_2 = 1
w2 = 1
