Tiempo de corrida total: 0.0199001
Tiempo de corrida recorrer el arbol: 0.019094
Valor de la funcion objetivo: 1
x6_3 = 1
x8_3 = 1
x9_3 = 1
x13_3 = 1
x15_3 = 1
w3 = 1
