Tiempo de corrida total: 0.0133739
Tiempo de corrida recorrer el arbol: 0.011939
Valor de la funcion objetivo: 1
x3_2 = 1
x5_2 = 1
x11_2 = 1
x15_2 = 1
x17_2 = 1
w2 = 1
