Tiempo de corrida total: 2.08484
Tiempo de corrida recorrer el arbol: 2.07669
Valor de la funcion objetivo: 3
x7_5 = 1
x11_5 = 1
x19_5 = 1
x6_7 = 1
x14_7 = 1
x17_7 = 1
x15_8 = 1
x20_8 = 1
w5 = 1
w7 = 1
w8 = 1
