Tiempo de corrida total: 0.544667
Tiempo de corrida recorrer el arbol: 0.540153
Valor de la funcion objetivo: 3
x4_1 = 1
x5_1 = 1
x13_1 = 1
x20_1 = 1
x2_9 = 1
x9_9 = 1
x12_9 = 1
x19_9 = 1
x7_10 = 1
x10_10 = 1
w1 = 1
w9 = 1
w10 = 1
