Tiempo de corrida total: 0.51454
Tiempo de corrida recorrer el arbol: 0.507428
Valor de la funcion objetivo: 3
x8_1 = 1
x12_1 = 1
x2_2 = 1
x6_2 = 1
x7_2 = 1
x4_4 = 1
x9_4 = 1
x10_4 = 1
w1 = 1
w2 = 1
w4 = 1
