Tiempo de corrida total: 0.0318301
Tiempo de corrida recorrer el arbol: 0.029774
Valor de la funcion objetivo: 2
x1_1 = 1
x2_1 = 1
x14_1 = 1
x5_2 = 1
x16_2 = 1
w1 = 1
w2 = 1
