Tiempo de corrida total: 1.53617
Tiempo de corrida recorrer el arbol: 1.52716
Valor de la funcion objetivo: 4
x2_3 = 1
x4_3 = 1
x12_3 = 1
x10_4 = 1
x14_4 = 1
x6_6 = 1
x11_6 = 1
x18_6 = 1
x5_8 = 1
x16_8 = 1
w3 = 1
w4 = 1
w6 = 1
w8 = 1
