Tiempo de corrida total: 0.079839
Tiempo de corrida recorrer el arbol: 0.0755091
Valor de la funcion objetivo: 2
x2_2 = 1
x5_2 = 1
x9_2 = 1
x4_3 = 1
x10_3 = 1
w2 = 1
w3 = 1
