Tiempo de corrida total: 0.00559592
Tiempo de corrida recorrer el arbol: 0.00510883
Valor de la funcion objetivo: 1
x7_4 = 1
x8_4 = 1
x11_4 = 1
x13_4 = 1
x14_4 = 1
w4 = 1
