Tiempo de corrida total: 1.60353
Tiempo de corrida recorrer el arbol: 1.59414
Valor de la funcion objetivo: 4
x5_2 = 1
x16_2 = 1
x2_3 = 1
x4_3 = 1
x12_3 = 1
x6_5 = 1
x11_5 = 1
x18_5 = 1
x10_7 = 1
x14_7 = 1
w2 = 1
w3 = 1
w5 = 1
w7 = 1
