Tiempo de corrida total: 0.0349531
Tiempo de corrida recorrer el arbol: 0.0341141
Valor de la funcion objetivo: 2
x1_3 = 1
x4_3 = 1
x5_3 = 1
x10_3 = 1
x12_3 = 1
x14_3 = 1
x15_8 = 1
x17_8 = 1
w3 = 1
w8 = 1
