Tiempo de corrida total: 0.0276999
Tiempo de corrida recorrer el arbol: 0.0269141
Valor de la funcion objetivo: 2
x5_4 = 1
x6_4 = 1
x14_4 = 1
x12_5 = 1
x18_5 = 1
w4 = 1
w5 = 1
