Tiempo de corrida total: 0.951105
Tiempo de corrida recorrer el arbol: 0.949841
Valor de la funcion objetivo: 3
x5_1 = 1
x13_1 = 1
x16_1 = 1
x2_2 = 1
x4_2 = 1
x9_2 = 1
x18_2 = 1
x12_5 = 1
w1 = 1
w2 = 1
w5 = 1
