Tiempo de corrida total: 0.65084
Tiempo de corrida recorrer el arbol: 0.645458
Valor de la funcion objetivo: 3
x1_1 = 1
x2_1 = 1
x11_1 = 1
x17_1 = 1
x3_2 = 1
x9_2 = 1
x10_2 = 1
x5_3 = 1
x12_3 = 1
x18_3 = 1
w1 = 1
w2 = 1
w3 = 1
