Tiempo de corrida total: 4.18246
Tiempo de corrida recorrer el arbol: 4.17628
Valor de la funcion objetivo: 4
x7_1 = 1
x8_1 = 1
x12_1 = 1
x11_3 = 1
x19_3 = 1
x2_4 = 1
x5_4 = 1
x16_4 = 1
x17_8 = 1
x18_8 = 1
w1 = 1
w3 = 1
w4 = 1
w8 = 1
