Tiempo de corrida total: 0.0112619
Tiempo de corrida recorrer el arbol: 0.0105591
Valor de la funcion objetivo: 1
x7_4 = 1
x8_4 = 1
x11_4 = 1
x13_4 = 1
x14_4 = 1
w4 = 1
