Tiempo de corrida total: 0.31278
Tiempo de corrida recorrer el arbol: 0.304298
Valor de la funcion objetivo: 3
x17_1 = 1
x20_1 = 1
x10_2 = 1
x11_2 = 1
x15_2 = 1
x3_3 = 1
x6_3 = 1
x14_3 = 1
x16_3 = 1
x19_3 = 1
w1 = 1
w2 = 1
w3 = 1
