Tiempo de corrida total: 0.0111148
Tiempo de corrida recorrer el arbol: 0.0100892
Valor de la funcion objetivo: 1
x4_2 = 1
x6_2 = 1
x7_2 = 1
x12_2 = 1
x14_2 = 1
w2 = 1
