Tiempo de corrida total: 0.311658
Tiempo de corrida recorrer el arbol: 0.306706
Valor de la funcion objetivo: 3
x2_1 = 1
x17_1 = 1
x5_2 = 1
x6_2 = 1
x20_2 = 1
x3_8 = 1
x14_8 = 1
x15_8 = 1
w1 = 1
w2 = 1
w8 = 1
