Tiempo de corrida total: 0.045419
Tiempo de corrida recorrer el arbol: 0.0428901
Valor de la funcion objetivo: 2
x1_1 = 1
x13_1 = 1
x6_2 = 1
x14_2 = 1
x17_2 = 1
w1 = 1
w2 = 1
