Tiempo de corrida total: 0.00484085
Tiempo de corrida recorrer el arbol: 0.00433803
Valor de la funcion objetivo: 1
x3_1 = 1
x5_1 = 1
x8_1 = 1
x9_1 = 1
x20_1 = 1
w1 = 1
