Tiempo de corrida total: 1.75127
Tiempo de corrida recorrer el arbol: 1.74656
Valor de la funcion objetivo: 3
x7_2 = 1
x11_2 = 1
x14_2 = 1
x1_6 = 1
x15_6 = 1
x2_7 = 1
x17_7 = 1
x20_7 = 1
w2 = 1
w6 = 1
w7 = 1
