Tiempo de corrida total: 0.0533941
Tiempo de corrida recorrer el arbol: 0.051127
Valor de la funcion objetivo: 2
x1_1 = 1
x2_1 = 1
x15_1 = 1
x5_2 = 1
x10_2 = 1
w1 = 1
w2 = 1
