Tiempo de corrida total: 0.055306
Tiempo de corrida recorrer el arbol: 0.0503321
Valor de la funcion objetivo: 2
x1_5 = 1
x4_5 = 1
x7_5 = 1
x10_5 = 1
x12_7 = 1
x13_7 = 1
x15_7 = 1
x19_7 = 1
w5 = 1
w7 = 1
