Tiempo de corrida total: 1.78124
Tiempo de corrida recorrer el arbol: 1.77246
Valor de la funcion objetivo: 3
x2_6 = 1
x17_6 = 1
x20_6 = 1
x7_7 = 1
x11_7 = 1
x14_7 = 1
x16_8 = 1
x18_8 = 1
w6 = 1
w7 = 1
w8 = 1
