Tiempo de corrida total: 0.040184
Tiempo de corrida recorrer el arbol: 0.0390542
Valor de la funcion objetivo: 2
x3_4 = 1
x7_4 = 1
x15_4 = 1
x5_5 = 1
x10_5 = 1
x11_5 = 1
x12_5 = 1
x14_5 = 1
x17_5 = 1
x18_5 = 1
w4 = 1
w5 = 1
