Tiempo de corrida total: 0.0459168
Tiempo de corrida recorrer el arbol: 0.0436871
Valor de la funcion objetivo: 2
x6_2 = 1
x14_2 = 1
x17_2 = 1
x7_5 = 1
x18_5 = 1
w2 = 1
w5 = 1
