Tiempo de corrida total: 4.49478
Tiempo de corrida recorrer el arbol: 4.48975
Valor de la funcion objetivo: 3
x5_3 = 1
x13_3 = 1
x14_3 = 1
x19_3 = 1
x7_9 = 1
x11_9 = 1
x15_9 = 1
x2_10 = 1
x3_10 = 1
x10_10 = 1
w3 = 1
w9 = 1
w10 = 1
