Tiempo de corrida total: 0.0423231
Tiempo de corrida recorrer el arbol: 0.041569
Valor de la funcion objetivo: 2
x6_3 = 1
x13_3 = 1
x14_3 = 1
x11_4 = 1
x12_4 = 1
w3 = 1
w4 = 1
