Tiempo de corrida total: 0.0283911
Tiempo de corrida recorrer el arbol: 0.0262671
Valor de la funcion objetivo: 2
x2_4 = 1
x10_4 = 1
x12_4 = 1
x16_4 = 1
x4_6 = 1
x5_6 = 1
x9_6 = 1
x15_6 = 1
w4 = 1
w6 = 1
