Tiempo de corrida total: 4.65553
Tiempo de corrida recorrer el arbol: 4.64785
Valor de la funcion objetivo: 4
x7_3 = 1
x10_3 = 1
x6_4 = 1
x11_4 = 1
x18_4 = 1
x3_7 = 1
x15_7 = 1
x16_7 = 1
x2_8 = 1
x17_8 = 1
w3 = 1
w4 = 1
w7 = 1
w8 = 1
