Tiempo de corrida total: 0.0310109
Tiempo de corrida recorrer el arbol: 0.0290608
Valor de la funcion objetivo: 1
x5_2 = 1
x9_2 = 1
x15_2 = 1
x16_2 = 1
x19_2 = 1
w2 = 1
