Tiempo de corrida total: 0.0339961
Tiempo de corrida recorrer el arbol: 0.0327518
Valor de la funcion objetivo: 2
x1_4 = 1
x11_4 = 1
x12_4 = 1
x13_4 = 1
x20_4 = 1
x5_5 = 1
x10_5 = 1
x15_5 = 1
w4 = 1
w5 = 1
