Tiempo de corrida total: 4.55712
Tiempo de corrida recorrer el arbol: 4.55175
Valor de la funcion objetivo: 3
x4_6 = 1
x5_6 = 1
x8_6 = 1
x11_6 = 1
x1_9 = 1
x10_9 = 1
x20_9 = 1
x2_10 = 1
x13_10 = 1
x18_10 = 1
w6 = 1
w9 = 1
w10 = 1
