Tiempo de corrida total: 0.0505209
Tiempo de corrida recorrer el arbol: 0.0496199
Valor de la funcion objetivo: 2
x1_1 = 1
x2_1 = 1
x5_1 = 1
x6_1 = 1
x8_1 = 1
x12_1 = 1
x4_2 = 1
x18_2 = 1
w1 = 1
w2 = 1
