Tiempo de corrida total: 0.0235131
Tiempo de corrida recorrer el arbol: 0.0223129
Valor de la funcion objetivo: 2
x1_1 = 1
x3_1 = 1
x9_1 = 1
x11_1 = 1
x12_1 = 1
x14_1 = 1
x2_2 = 1
x8_2 = 1
w1 = 1
w2 = 1
