Tiempo de corrida total: 0.123381
Tiempo de corrida recorrer el arbol: 0.117297
Valor de la funcion objetivo: 3
x1_1 = 1
x4_1 = 1
x5_1 = 1
x17_1 = 1
x7_2 = 1
x9_2 = 1
x16_2 = 1
x11_3 = 1
w1 = 1
w2 = 1
w3 = 1
