Tiempo de corrida total: 0.93091
Tiempo de corrida recorrer el arbol: 0.925097
Valor de la funcion objetivo: 3
x17_1 = 1
x20_1 = 1
x1_2 = 1
x15_2 = 1
x18_2 = 1
x6_3 = 1
x10_3 = 1
x14_3 = 1
w1 = 1
w2 = 1
w3 = 1
