Tiempo de corrida total: 0.0285029
Tiempo de corrida recorrer el arbol: 0.0269539
Valor de la funcion objetivo: 2
x1_1 = 1
x2_1 = 1
x3_1 = 1
x5_1 = 1
x6_2 = 1
w1 = 1
w2 = 1
