Tiempo de corrida total: 0.00360298
Tiempo de corrida recorrer el arbol: 0.00307202
Valor de la funcion objetivo: 1
x1_1 = 1
x2_1 = 1
x5_1 = 1
x12_1 = 1
x16_1 = 1
w1 = 1
