Tiempo de corrida total: 1.19096
Tiempo de corrida recorrer el arbol: 1.18497
Valor de la funcion objetivo: 3
x1_1 = 1
x2_1 = 1
x6_1 = 1
x11_1 = 1
x20_1 = 1
x3_2 = 1
x5_2 = 1
x10_2 = 1
x4_3 = 1
x18_3 = 1
w1 = 1
w2 = 1
w3 = 1
