Tiempo de corrida total: 0.0355048
Tiempo de corrida recorrer el arbol: 0.0348091
Valor de la funcion objetivo: 1
x5_3 = 1
x9_3 = 1
x15_3 = 1
x16_3 = 1
x19_3 = 1
w3 = 1
