Tiempo de corrida total: 0.907082
Tiempo de corrida recorrer el arbol: 0.905394
Valor de la funcion objetivo: 4
x10_1 = 1
x11_1 = 1
x13_1 = 1
x15_4 = 1
x17_4 = 1
x19_4 = 1
x2_7 = 1
x12_7 = 1
x16_9 = 1
x20_9 = 1
w1 = 1
w4 = 1
w7 = 1
w9 = 1
