Tiempo de corrida total: 0.0354979
Tiempo de corrida recorrer el arbol: 0.034085
Valor de la funcion objetivo: 1
x3_4 = 1
x12_4 = 1
x16_4 = 1
x18_4 = 1
x20_4 = 1
w4 = 1
