Tiempo de corrida total: 9.44217
Tiempo de corrida recorrer el arbol: 9.43828
Valor de la funcion objetivo: 3
x14_3 = 1
x18_3 = 1
x4_7 = 1
x6_7 = 1
x8_7 = 1
x1_8 = 1
x17_8 = 1
x19_8 = 1
w3 = 1
w7 = 1
w8 = 1
