Tiempo de corrida total: 0.0413051
Tiempo de corrida recorrer el arbol: 0.0374351
Valor de la funcion objetivo: 2
x14_1 = 1
x17_1 = 1
x9_5 = 1
x11_5 = 1
x12_5 = 1
w1 = 1
w5 = 1
