Tiempo de corrida total: 0.225101
Tiempo de corrida recorrer el arbol: 0.220739
Valor de la funcion objetivo: 3
x10_1 = 1
x11_1 = 1
x15_1 = 1
x19_1 = 1
x3_6 = 1
x6_6 = 1
x14_6 = 1
x16_6 = 1
x17_8 = 1
x20_8 = 1
w1 = 1
w6 = 1
w8 = 1
