Tiempo de corrida total: 0.190999
Tiempo de corrida recorrer el arbol: 0.182079
Valor de la funcion objetivo: 3
x3_1 = 1
x14_1 = 1
x2_2 = 1
x18_2 = 1
x4_6 = 1
x8_6 = 1
x11_6 = 1
x19_6 = 1
w1 = 1
w2 = 1
w6 = 1
