Tiempo de corrida total: 4.90911
Tiempo de corrida recorrer el arbol: 4.90145
Valor de la funcion objetivo: 4
x16_1 = 1
x20_1 = 1
x2_6 = 1
x12_6 = 1
x15_9 = 1
x17_9 = 1
x19_9 = 1
x10_10 = 1
x11_10 = 1
x13_10 = 1
w1 = 1
w6 = 1
w9 = 1
w10 = 1
