Tiempo de corrida total: 0.318575
Tiempo de corrida recorrer el arbol: 0.310109
Valor de la funcion objetivo: 3
x1_1 = 1
x4_1 = 1
x5_1 = 1
x9_1 = 1
x16_1 = 1
x3_2 = 1
x7_2 = 1
x11_2 = 1
x6_3 = 1
x18_3 = 1
w1 = 1
w2 = 1
w3 = 1
