Tiempo de corrida total: 0.0503628
Tiempo de corrida recorrer el arbol: 0.047981
Valor de la funcion objetivo: 2
x7_7 = 1
x13_7 = 1
x16_7 = 1
x5_9 = 1
x11_9 = 1
x12_9 = 1
x14_9 = 1
x17_9 = 1
x18_9 = 1
x19_9 = 1
w7 = 1
w9 = 1
