Tiempo de corrida total: 0.00695801
Tiempo de corrida recorrer el arbol: 0.00601602
Valor de la funcion objetivo: 1
x6_4 = 1
x8_4 = 1
x13_4 = 1
x14_4 = 1
x20_4 = 1
w4 = 1
