Tiempo de corrida total: 0.0422661
Tiempo de corrida recorrer el arbol: 0.0411429
Valor de la funcion objetivo: 2
x1_1 = 1
x2_1 = 1
x8_1 = 1
x11_1 = 1
x12_1 = 1
x4_2 = 1
x10_2 = 1
x18_2 = 1
w1 = 1
w2 = 1
