Tiempo de corrida total: 0.03843
Tiempo de corrida recorrer el arbol: 0.0336518
Valor de la funcion objetivo: 2
x6_1 = 1
x9_1 = 1
x14_1 = 1
x10_3 = 1
x11_3 = 1
w1 = 1
w3 = 1
