Tiempo de corrida total: 0.0291409
Tiempo de corrida recorrer el arbol: 0.0283179
Valor de la funcion objetivo: 2
x4_3 = 1
x12_3 = 1
x19_3 = 1
x6_9 = 1
x7_9 = 1
x9_9 = 1
x10_9 = 1
x13_9 = 1
x14_9 = 1
x18_9 = 1
w3 = 1
w9 = 1
