Tiempo de corrida total: 0.0314689
Tiempo de corrida recorrer el arbol: 0.030535
Valor de la funcion objetivo: 2
x3_2 = 1
x8_2 = 1
x2_5 = 1
x5_5 = 1
x16_5 = 1
w2 = 1
w5 = 1
