Tiempo de corrida total: 0.042145
Tiempo de corrida recorrer el arbol: 0.040731
Valor de la funcion objetivo: 2
x1_1 = 1
x2_1 = 1
x15_1 = 1
x3_2 = 1
x11_2 = 1
w1 = 1
w2 = 1
