Tiempo de corrida total: 0.387992
Tiempo de corrida recorrer el arbol: 0.379196
Valor de la funcion objetivo: 3
x1_1 = 1
x15_1 = 1
x13_3 = 1
x16_3 = 1
x18_3 = 1
x10_8 = 1
x14_8 = 1
x17_8 = 1
w1 = 1
w3 = 1
w8 = 1
