Tiempo de corrida total: 0.0234761
Tiempo de corrida recorrer el arbol: 0.0227301
Valor de la funcion objetivo: 2
x2_4 = 1
x10_4 = 1
x11_4 = 1
x13_5 = 1
x19_5 = 1
w4 = 1
w5 = 1
