Tiempo de corrida total: 0.638738
Tiempo de corrida recorrer el arbol: 0.632127
Valor de la funcion objetivo: 3
x2_1 = 1
x18_1 = 1
x8_6 = 1
x15_6 = 1
x20_6 = 1
x6_8 = 1
x14_8 = 1
x17_8 = 1
w1 = 1
w6 = 1
w8 = 1
