Tiempo de corrida total: 4.31679
Tiempo de corrida recorrer el arbol: 4.30711
Valor de la funcion objetivo: 4
x10_3 = 1
x16_3 = 1
x4_4 = 1
x9_4 = 1
x11_4 = 1
x7_5 = 1
x18_5 = 1
x15_10 = 1
x17_10 = 1
x19_10 = 1
w3 = 1
w4 = 1
w5 = 1
w10 = 1
