Tiempo de corrida total: 2.01523
Tiempo de corrida recorrer el arbol: 2.01076
Valor de la funcion objetivo: 3
x4_1 = 1
x12_1 = 1
x17_1 = 1
x1_2 = 1
x15_2 = 1
x2_4 = 1
x13_4 = 1
x16_4 = 1
w1 = 1
w2 = 1
w4 = 1
