Tiempo de corrida total: 2.68491
Tiempo de corrida recorrer el arbol: 2.45405
Valor de la funcion objetivo: 3
x3_4 = 1
x10_4 = 1
x27_4 = 1
x29_4 = 1
x2_7 = 1
x6_7 = 1
x16_7 = 1
x20_7 = 1
x23_7 = 1
x24_7 = 1
x1_13 = 1
x4_13 = 1
x9_13 = 1
x19_13 = 1
x25_13 = 1
w4 = 1
w7 = 1
w13 = 1
