Tiempo de corrida total: 0.180838
Tiempo de corrida recorrer el arbol: 0.0220311
Valor de la funcion objetivo: 1
x2_10 = 1
x4_10 = 1
x6_10 = 1
x11_10 = 1
x18_10 = 1
x25_10 = 1
x31_10 = 1
x37_10 = 1
x44_10 = 1
x49_10 = 1
w10 = 1
