Tiempo de corrida total: 0.662655
Tiempo de corrida recorrer el arbol: 0.648454
Valor de la funcion objetivo: 2
x8_1 = 1
x35_1 = 1
x3_5 = 1
x6_5 = 1
x9_5 = 1
w1 = 1
w5 = 1
