Tiempo de corrida total: 0.0678051
Tiempo de corrida recorrer el arbol: 0.0292749
Valor de la funcion objetivo: 1
x3_3 = 1
x12_3 = 1
x20_3 = 1
x28_3 = 1
x40_3 = 1
w3 = 1
