Tiempo de corrida total: 0.0167561
Tiempo de corrida recorrer el arbol: 0.014904
Valor de la funcion objetivo: 1
x1_1 = 1
x4_1 = 1
x6_1 = 1
x7_1 = 1
x13_1 = 1
x14_1 = 1
x17_1 = 1
x25_1 = 1
x28_1 = 1
x36_1 = 1
w1 = 1
