Tiempo de corrida total: 0.110359
Tiempo de corrida recorrer el arbol: 0.0359099
Valor de la funcion objetivo: 2
x13_7 = 1
x14_7 = 1
x18_7 = 1
x19_7 = 1
x22_7 = 1
x23_7 = 1
x26_7 = 1
x29_7 = 1
x30_7 = 1
x3_16 = 1
x4_16 = 1
x5_16 = 1
x6_16 = 1
x9_16 = 1
x10_16 = 1
x11_16 = 1
x20_16 = 1
x24_16 = 1
x25_16 = 1
x28_16 = 1
w7 = 1
w16 = 1
