Tiempo de corrida total: 0.0656769
Tiempo de corrida recorrer el arbol: 0.0350039
Valor de la funcion objetivo: 1
x2_4 = 1
x4_4 = 1
x5_4 = 1
x13_4 = 1
x27_4 = 1
w4 = 1
