Tiempo de corrida total: 0.481998
Tiempo de corrida recorrer el arbol: 0.097928
Valor de la funcion objetivo: 3
x1_6 = 1
x12_6 = 1
x17_6 = 1
x27_6 = 1
x37_6 = 1
x10_12 = 1
x19_12 = 1
x21_12 = 1
x26_12 = 1
x30_12 = 1
x39_12 = 1
x3_17 = 1
x5_17 = 1
x9_17 = 1
x16_17 = 1
x28_17 = 1
x29_17 = 1
x32_17 = 1
x34_17 = 1
x36_17 = 1
w6 = 1
w12 = 1
w17 = 1
