Tiempo de corrida total: 0.969626
Tiempo de corrida recorrer el arbol: 0.911112
Valor de la funcion objetivo: 2
x15_4 = 1
x19_4 = 1
x24_4 = 1
x37_4 = 1
x4_6 = 1
x5_6 = 1
x8_6 = 1
x20_6 = 1
x29_6 = 1
x40_6 = 1
w4 = 1
w6 = 1
