Tiempo de corrida total: 1.82739
Tiempo de corrida recorrer el arbol: 0.449958
Valor de la funcion objetivo: 3
x20_1 = 1
x26_1 = 1
x31_1 = 1
x6_5 = 1
x7_5 = 1
x38_5 = 1
x4_9 = 1
x13_9 = 1
x32_9 = 1
x37_9 = 1
w1 = 1
w5 = 1
w9 = 1
