Tiempo de corrida total: 0.093987
Tiempo de corrida recorrer el arbol: 0.047302
Valor de la funcion objetivo: 1
x9_5 = 1
x13_5 = 1
x16_5 = 1
x40_5 = 1
x44_5 = 1
w5 = 1
