Tiempo de corrida total: 0.650659
Tiempo de corrida recorrer el arbol: 0.644141
Valor de la funcion objetivo: 2
x1_1 = 1
x39_1 = 1
x7_4 = 1
x19_4 = 1
x21_4 = 1
w1 = 1
w4 = 1
