Tiempo de corrida total: 0.252761
Tiempo de corrida recorrer el arbol: 0.0534019
Valor de la funcion objetivo: 1
x5_3 = 1
x13_3 = 1
x21_3 = 1
x35_3 = 1
x42_3 = 1
w3 = 1
