Tiempo de corrida total: 6.23794
Tiempo de corrida recorrer el arbol: 6.12674
Valor de la funcion objetivo: 2
x6_7 = 1
x11_7 = 1
x17_7 = 1
x25_7 = 1
x49_7 = 1
x2_9 = 1
x10_9 = 1
x22_9 = 1
x36_9 = 1
x48_9 = 1
w7 = 1
w9 = 1
