Tiempo de corrida total: 0.282625
Tiempo de corrida recorrer el arbol: 0.078383
Valor de la funcion objetivo: 1
x5_8 = 1
x12_8 = 1
x15_8 = 1
x18_8 = 1
x27_8 = 1
x28_8 = 1
x36_8 = 1
x37_8 = 1
x38_8 = 1
x40_8 = 1
w8 = 1
