Tiempo de corrida total: 0.164473
Tiempo de corrida recorrer el arbol: 0.0332839
Valor de la funcion objetivo: 1
x3_2 = 1
x9_2 = 1
x13_2 = 1
x20_2 = 1
x24_2 = 1
w2 = 1
