Tiempo de corrida total: 1.39066
Tiempo de corrida recorrer el arbol: 1.34463
Valor de la funcion objetivo: 2
x8_5 = 1
x12_5 = 1
x16_5 = 1
x17_5 = 1
x31_5 = 1
x32_5 = 1
x4_10 = 1
x13_10 = 1
x29_10 = 1
x34_10 = 1
w5 = 1
w10 = 1
