Tiempo de corrida total: 0.0154779
Tiempo de corrida recorrer el arbol: 0.0116091
Valor de la funcion objetivo: 1
x1_1 = 1
x2_1 = 1
x4_1 = 1
x27_1 = 1
x50_1 = 1
w1 = 1
