Tiempo de corrida total: 1.41631
Tiempo de corrida recorrer el arbol: 1.34435
Valor de la funcion objetivo: 2
x7_16 = 1
x11_16 = 1
x12_16 = 1
x16_16 = 1
x19_16 = 1
x25_16 = 1
x40_16 = 1
x41_16 = 1
x1_19 = 1
x3_19 = 1
x13_19 = 1
x17_19 = 1
x18_19 = 1
x23_19 = 1
x28_19 = 1
x29_19 = 1
x34_19 = 1
x35_19 = 1
x36_19 = 1
x37_19 = 1
w16 = 1
w19 = 1
