Tiempo de corrida total: 1.48111
Tiempo de corrida recorrer el arbol: 1.26139
Valor de la funcion objetivo: 2
x1_12 = 1
x11_12 = 1
x13_12 = 1
x14_12 = 1
x5_20 = 1
x15_20 = 1
x19_20 = 1
x21_20 = 1
x22_20 = 1
x23_20 = 1
x24_20 = 1
x27_20 = 1
x41_20 = 1
x42_20 = 1
x44_20 = 1
x45_20 = 1
x46_20 = 1
x47_20 = 1
x48_20 = 1
x50_20 = 1
w12 = 1
w20 = 1
