Tiempo de corrida total: 2.15226
Tiempo de corrida recorrer el arbol: 0.526744
Valor de la funcion objetivo: 5
x4_1 = 1
x6_1 = 1
x10_1 = 1
x5_2 = 1
x16_2 = 1
x17_2 = 1
x8_3 = 1
x18_3 = 1
x21_3 = 1
x3_11 = 1
x23_11 = 1
x25_11 = 1
x19_15 = 1
x20_15 = 1
x29_15 = 1
w1 = 1
w2 = 1
w3 = 1
w11 = 1
w15 = 1
