Tiempo de corrida total: 0.579213
Tiempo de corrida recorrer el arbol: 0.573774
Valor de la funcion objetivo: 2
x1_1 = 1
x3_1 = 1
x4_1 = 1
x7_1 = 1
x16_1 = 1
x17_1 = 1
x18_1 = 1
x22_1 = 1
x23_1 = 1
x25_1 = 1
x26_1 = 1
x6_20 = 1
x12_20 = 1
x14_20 = 1
x15_20 = 1
x19_20 = 1
x20_20 = 1
x24_20 = 1
x29_20 = 1
x30_20 = 1
w1 = 1
w20 = 1
