Tiempo de corrida total: 1.83048
Tiempo de corrida recorrer el arbol: 0.112976
Valor de la funcion objetivo: 2
x3_1 = 1
x5_1 = 1
x12_1 = 1
x17_1 = 1
x18_1 = 1
x20_1 = 1
x26_1 = 1
x37_1 = 1
x43_1 = 1
x4_7 = 1
x15_7 = 1
x19_7 = 1
x23_7 = 1
x24_7 = 1
x48_7 = 1
w1 = 1
w7 = 1
