Tiempo de corrida total: 6.75232
Tiempo de corrida recorrer el arbol: 5.75697
Valor de la funcion objetivo: 3
x6_2 = 1
x9_2 = 1
x20_2 = 1
x25_2 = 1
x29_2 = 1
x34_2 = 1
x36_2 = 1
x12_6 = 1
x16_6 = 1
x24_6 = 1
x27_6 = 1
x28_6 = 1
x40_6 = 1
x3_17 = 1
x18_17 = 1
x19_17 = 1
x26_17 = 1
x30_17 = 1
x32_17 = 1
x33_17 = 1
w2 = 1
w6 = 1
w17 = 1
