Tiempo de corrida total: 0.974581
Tiempo de corrida recorrer el arbol: 0.96823
Valor de la funcion objetivo: 2
x1_1 = 1
x16_1 = 1
x25_1 = 1
x26_1 = 1
x36_1 = 1
x37_1 = 1
x39_1 = 1
x40_1 = 1
x3_19 = 1
x4_19 = 1
x9_19 = 1
x12_19 = 1
x13_19 = 1
x17_19 = 1
x18_19 = 1
x24_19 = 1
x31_19 = 1
x32_19 = 1
x33_19 = 1
x38_19 = 1
w1 = 1
w19 = 1
