Tiempo de corrida total: 0.39703
Tiempo de corrida recorrer el arbol: 0.389635
Valor de la funcion objetivo: 2
x1_1 = 1
x2_1 = 1
x4_1 = 1
x5_1 = 1
x11_1 = 1
x14_1 = 1
x18_1 = 1
x23_1 = 1
x25_1 = 1
x3_2 = 1
x6_2 = 1
x10_2 = 1
x24_2 = 1
x29_2 = 1
x30_2 = 1
w1 = 1
w2 = 1
