Tiempo de corrida total: 0.207415
Tiempo de corrida recorrer el arbol: 0.0887868
Valor de la funcion objetivo: 2
x19_1 = 1
x21_1 = 1
x40_1 = 1
x6_2 = 1
x8_2 = 1
w1 = 1
w2 = 1
