Tiempo de corrida total: 0.199796
Tiempo de corrida recorrer el arbol: 0.164627
Valor de la funcion objetivo: 2
x10_11 = 1
x12_11 = 1
x22_11 = 1
x24_11 = 1
x25_11 = 1
x33_11 = 1
x38_11 = 1
x3_12 = 1
x15_12 = 1
x16_12 = 1
x28_12 = 1
x30_12 = 1
x31_12 = 1
x35_12 = 1
x40_12 = 1
w11 = 1
w12 = 1
