Tiempo de corrida total: 0.655133
Tiempo de corrida recorrer el arbol: 0.596171
Valor de la funcion objetivo: 2
x12_7 = 1
x20_7 = 1
x26_7 = 1
x30_7 = 1
x3_9 = 1
x16_9 = 1
x17_9 = 1
x18_9 = 1
x27_9 = 1
x29_9 = 1
w7 = 1
w9 = 1
