Tiempo de corrida total: 0.437491
Tiempo de corrida recorrer el arbol: 0.364337
Valor de la funcion objetivo: 2
x3_8 = 1
x15_8 = 1
x18_8 = 1
x25_8 = 1
x31_8 = 1
x32_8 = 1
x38_8 = 1
x6_13 = 1
x7_13 = 1
x11_13 = 1
x13_13 = 1
x20_13 = 1
x21_13 = 1
x24_13 = 1
x36_13 = 1
w8 = 1
w13 = 1
