Tiempo de corrida total: 0.150469
Tiempo de corrida recorrer el arbol: 0.0412991
Valor de la funcion objetivo: 2
x1_1 = 1
x2_1 = 1
x3_1 = 1
x5_1 = 1
x7_1 = 1
x15_1 = 1
x16_1 = 1
x20_1 = 1
x25_1 = 1
x32_1 = 1
x33_1 = 1
x11_20 = 1
x13_20 = 1
x17_20 = 1
x22_20 = 1
x23_20 = 1
x26_20 = 1
x29_20 = 1
x30_20 = 1
x37_20 = 1
w1 = 1
w20 = 1
