Tiempo de corrida total: 0.504949
Tiempo de corrida recorrer el arbol: 0.414524
Valor de la funcion objetivo: 3
x18_6 = 1
x25_6 = 1
x28_6 = 1
x29_6 = 1
x30_6 = 1
x1_9 = 1
x3_9 = 1
x9_9 = 1
x19_9 = 1
x20_9 = 1
x4_14 = 1
x5_14 = 1
x17_14 = 1
x23_14 = 1
x27_14 = 1
w6 = 1
w9 = 1
w14 = 1
