Tiempo de corrida total: 3.17308
Tiempo de corrida recorrer el arbol: 0.794574
Valor de la funcion objetivo: 2
x2_7 = 1
x23_7 = 1
x39_7 = 1
x5_9 = 1
x15_9 = 1
x24_9 = 1
x33_9 = 1
x37_9 = 1
x40_9 = 1
x49_9 = 1
w7 = 1
w9 = 1
