Tiempo de corrida total: 0.540093
Tiempo de corrida recorrer el arbol: 0.162593
Valor de la funcion objetivo: 2
x9_4 = 1
x16_4 = 1
x20_4 = 1
x25_4 = 1
x26_4 = 1
x28_4 = 1
x36_4 = 1
x37_4 = 1
x46_4 = 1
x2_11 = 1
x3_11 = 1
x8_11 = 1
x42_11 = 1
x48_11 = 1
x49_11 = 1
w4 = 1
w11 = 1
