Tiempo de corrida total: 0.076112
Tiempo de corrida recorrer el arbol: 0.032161
Valor de la funcion objetivo: 1
x7_4 = 1
x8_4 = 1
x9_4 = 1
x10_4 = 1
x16_4 = 1
x19_4 = 1
x21_4 = 1
x22_4 = 1
x25_4 = 1
x26_4 = 1
x27_4 = 1
x29_4 = 1
x32_4 = 1
x33_4 = 1
x37_4 = 1
w4 = 1
