Tiempo de corrida total: 0.268263
Tiempo de corrida recorrer el arbol: 0.065362
Valor de la funcion objetivo: 2
x1_1 = 1
x4_1 = 1
x7_1 = 1
x17_1 = 1
x18_1 = 1
x25_1 = 1
x36_1 = 1
x12_3 = 1
x14_3 = 1
x15_3 = 1
x20_3 = 1
x21_3 = 1
x29_3 = 1
x32_3 = 1
x40_3 = 1
w1 = 1
w3 = 1
