Tiempo de corrida total: 2.47638
Tiempo de corrida recorrer el arbol: 2.43315
Valor de la funcion objetivo: 2
x5_7 = 1
x6_7 = 1
x8_7 = 1
x9_7 = 1
x20_7 = 1
x28_7 = 1
x29_7 = 1
x7_8 = 1
x27_8 = 1
x37_8 = 1
w7 = 1
w8 = 1
