Tiempo de corrida total: 0.578228
Tiempo de corrida recorrer el arbol: 0.211072
Valor de la funcion objetivo: 3
x2_5 = 1
x5_5 = 1
x20_5 = 1
x26_5 = 1
x29_5 = 1
x30_5 = 1
x1_12 = 1
x3_12 = 1
x9_12 = 1
x17_12 = 1
x19_12 = 1
x28_12 = 1
x4_20 = 1
x12_20 = 1
x14_20 = 1
x16_20 = 1
x18_20 = 1
x23_20 = 1
x24_20 = 1
x27_20 = 1
w5 = 1
w12 = 1
w20 = 1
