Tiempo de corrida total: 3.57399
Tiempo de corrida recorrer el arbol: 3.04021
Valor de la funcion objetivo: 4
x1_6 = 1
x21_6 = 1
x31_6 = 1
x18_9 = 1
x35_9 = 1
x36_9 = 1
x16_12 = 1
x22_12 = 1
x27_12 = 1
x37_12 = 1
x12_14 = 1
x26_14 = 1
x28_14 = 1
x29_14 = 1
x32_14 = 1
w6 = 1
w9 = 1
w12 = 1
w14 = 1
