Tiempo de corrida total: 0.037277
Tiempo de corrida recorrer el arbol: 0.015924
Valor de la funcion objetivo: 1
x1_2 = 1
x2_2 = 1
x3_2 = 1
x5_2 = 1
x27_2 = 1
w2 = 1
