Tiempo de corrida total: 0.160743
Tiempo de corrida recorrer el arbol: 0.02442
Valor de la funcion objetivo: 1
x2_3 = 1
x9_3 = 1
x25_3 = 1
x48_3 = 1
x50_3 = 1
w3 = 1
