Tiempo de corrida total: 0.115631
Tiempo de corrida recorrer el arbol: 0.021925
Valor de la funcion objetivo: 2
x8_2 = 1
x24_2 = 1
x2_4 = 1
x12_4 = 1
x13_4 = 1
w2 = 1
w4 = 1
