Tiempo de corrida total: 0.195585
Tiempo de corrida recorrer el arbol: 0.046416
Valor de la funcion objetivo: 6
x27_1 = 1
x29_2 = 1
x22_5 = 1
x28_5 = 1
x17_6 = 1
x11_7 = 1
x12_7 = 1
x5_10 = 1
x7_10 = 1
x10_10 = 1
w1 = 1
w2 = 1
w5 = 1
w6 = 1
w7 = 1
w10 = 1
