Tiempo de corrida total: 0.045136
Tiempo de corrida recorrer el arbol: 0.0126169
Valor de la funcion objetivo: 1
x4_3 = 1
x5_3 = 1
x15_3 = 1
x26_3 = 1
x27_3 = 1
w3 = 1
