Tiempo de corrida total: 0.623707
Tiempo de corrida recorrer el arbol: 0.17862
Valor de la funcion objetivo: 2
x5_7 = 1
x16_7 = 1
x17_7 = 1
x26_7 = 1
x8_8 = 1
x12_8 = 1
x27_8 = 1
x31_8 = 1
x32_8 = 1
x39_8 = 1
w7 = 1
w8 = 1
