Tiempo de corrida total: 0.048738
Tiempo de corrida recorrer el arbol: 0.0142229
Valor de la funcion objetivo: 2
x6_6 = 1
x23_6 = 1
x25_6 = 1
x28_6 = 1
x2_9 = 1
x12_9 = 1
x16_9 = 1
x17_9 = 1
x29_9 = 1
x30_9 = 1
w6 = 1
w9 = 1
