Tiempo de corrida total: 0.466958
Tiempo de corrida recorrer el arbol: 0.460415
Valor de la funcion objetivo: 2
x1_1 = 1
x2_1 = 1
x3_1 = 1
x6_1 = 1
x7_1 = 1
x9_1 = 1
x12_1 = 1
x4_2 = 1
x14_2 = 1
x19_2 = 1
w1 = 1
w2 = 1
