Tiempo de corrida total: 0.330163
Tiempo de corrida recorrer el arbol: 0.0323861
Valor de la funcion objetivo: 4
x4_8 = 1
x15_8 = 1
x17_8 = 1
x23_8 = 1
x25_8 = 1
x10_10 = 1
x12_10 = 1
x3_11 = 1
x5_11 = 1
x8_11 = 1
x14_11 = 1
x1_14 = 1
x18_14 = 1
x20_14 = 1
x29_14 = 1
w8 = 1
w10 = 1
w11 = 1
w14 = 1
