Tiempo de corrida total: 0.0148821
Tiempo de corrida recorrer el arbol: 0.00430417
Valor de la funcion objetivo: 1
x1_5 = 1
x5_5 = 1
x7_5 = 1
x15_5 = 1
x22_5 = 1
w5 = 1
