Tiempo de corrida total: 0.131264
Tiempo de corrida recorrer el arbol: 0.126258
Valor de la funcion objetivo: 2
x1_1 = 1
x2_1 = 1
x3_1 = 1
x5_1 = 1
x11_1 = 1
x24_1 = 1
x29_1 = 1
x7_2 = 1
x17_2 = 1
x27_2 = 1
w1 = 1
w2 = 1
