Tiempo de corrida total: 0.63106
Tiempo de corrida recorrer el arbol: 0.543015
Valor de la funcion objetivo: 2
x12_3 = 1
x21_3 = 1
x36_3 = 1
x2_4 = 1
x22_4 = 1
w3 = 1
w4 = 1
