Tiempo de corrida total: 0.0358498
Tiempo de corrida recorrer el arbol: 0.0195389
Valor de la funcion objetivo: 1
x5_4 = 1
x10_4 = 1
x11_4 = 1
x13_4 = 1
x14_4 = 1
x16_4 = 1
x18_4 = 1
x26_4 = 1
x27_4 = 1
x28_4 = 1
w4 = 1
