Tiempo de corrida total: 0.925983
Tiempo de corrida recorrer el arbol: 0.366665
Valor de la funcion objetivo: 2
x5_1 = 1
x18_1 = 1
x22_1 = 1
x29_1 = 1
x33_1 = 1
x3_9 = 1
x25_9 = 1
x27_9 = 1
x34_9 = 1
x36_9 = 1
w1 = 1
w9 = 1
