Tiempo de corrida total: 2.30737
Tiempo de corrida recorrer el arbol: 2.24812
Valor de la funcion objetivo: 2
x8_5 = 1
x10_5 = 1
x12_5 = 1
x15_5 = 1
x6_10 = 1
x9_10 = 1
x17_10 = 1
x18_10 = 1
x34_10 = 1
x37_10 = 1
w5 = 1
w10 = 1
