Tiempo de corrida total: 0.160141
Tiempo de corrida recorrer el arbol: 0.082382
Valor de la funcion objetivo: 1
x2_9 = 1
x9_9 = 1
x15_9 = 1
x17_9 = 1
x24_9 = 1
x31_9 = 1
x35_9 = 1
x38_9 = 1
x42_9 = 1
x44_9 = 1
w9 = 1
