Tiempo de corrida total: 0.79235
Tiempo de corrida recorrer el arbol: 0.717078
Valor de la funcion objetivo: 2
x5_15 = 1
x15_15 = 1
x16_15 = 1
x21_15 = 1
x26_15 = 1
x27_15 = 1
x32_15 = 1
x37_15 = 1
x45_15 = 1
x47_15 = 1
x1_16 = 1
x2_16 = 1
x6_16 = 1
x17_16 = 1
x18_16 = 1
x22_16 = 1
x28_16 = 1
x33_16 = 1
x43_16 = 1
x48_16 = 1
w15 = 1
w16 = 1
