Tiempo de corrida total: 0.00458789
Tiempo de corrida recorrer el arbol: 0.00402904
Valor de la funcion objetivo: 1
x1_1 = 1
x2_1 = 1
x3_1 = 1
x10_1 = 1
x12_1 = 1
w1 = 1
