Tiempo de corrida total: 0.209006
Tiempo de corrida recorrer el arbol: 0.0495758
Valor de la funcion objetivo: 2
x8_5 = 1
x14_5 = 1
x17_5 = 1
x24_5 = 1
x29_5 = 1
x37_5 = 1
x40_5 = 1
x9_10 = 1
x11_10 = 1
x12_10 = 1
x13_10 = 1
x15_10 = 1
x18_10 = 1
x19_10 = 1
x20_10 = 1
x22_10 = 1
x26_10 = 1
x32_10 = 1
x34_10 = 1
x35_10 = 1
w5 = 1
w10 = 1
