Tiempo de corrida total: 0.163128
Tiempo de corrida recorrer el arbol: 0.0507312
Valor de la funcion objetivo: 1
x4_10 = 1
x12_10 = 1
x14_10 = 1
x21_10 = 1
x27_10 = 1
x28_10 = 1
x30_10 = 1
x31_10 = 1
x34_10 = 1
x37_10 = 1
w10 = 1
