Tiempo de corrida total: 0.168582
Tiempo de corrida recorrer el arbol: 0.028815
Valor de la funcion objetivo: 2
x23_2 = 1
x28_2 = 1
x7_3 = 1
x8_3 = 1
x22_3 = 1
w2 = 1
w3 = 1
