Tiempo de corrida total: 0.583762
Tiempo de corrida recorrer el arbol: 0.218025
Valor de la funcion objetivo: 2
x2_4 = 1
x18_4 = 1
x22_4 = 1
x27_4 = 1
x28_4 = 1
x31_4 = 1
x48_4 = 1
x3_18 = 1
x12_18 = 1
x14_18 = 1
x16_18 = 1
x17_18 = 1
x19_18 = 1
x20_18 = 1
x21_18 = 1
x34_18 = 1
x38_18 = 1
x40_18 = 1
x41_18 = 1
x42_18 = 1
w4 = 1
w18 = 1
