Tiempo de corrida total: 0.104759
Tiempo de corrida recorrer el arbol: 0.09532
Valor de la funcion objetivo: 2
x3_2 = 1
x5_2 = 1
x12_2 = 1
x16_2 = 1
x23_2 = 1
x4_8 = 1
x7_8 = 1
x11_8 = 1
x27_8 = 1
x30_8 = 1
w2 = 1
w8 = 1
