Tiempo de corrida total: 0.443355
Tiempo de corrida recorrer el arbol: 0.102591
Valor de la funcion objetivo: 2
x9_19 = 1
x10_19 = 1
x18_19 = 1
x19_19 = 1
x33_19 = 1
x34_19 = 1
x35_19 = 1
x40_19 = 1
x1_20 = 1
x5_20 = 1
x8_20 = 1
x11_20 = 1
x12_20 = 1
x13_20 = 1
x16_20 = 1
x24_20 = 1
x27_20 = 1
x29_20 = 1
x37_20 = 1
x39_20 = 1
w19 = 1
w20 = 1
