Tiempo de corrida total: 0.024673
Tiempo de corrida recorrer el arbol: 0.00641704
Valor de la funcion objetivo: 1
x5_5 = 1
x13_5 = 1
x18_5 = 1
x30_5 = 1
x32_5 = 1
w5 = 1
