Tiempo de corrida total: 0.161208
Tiempo de corrida recorrer el arbol: 0.045265
Valor de la funcion objetivo: 2
x11_1 = 1
x19_1 = 1
x22_4 = 1
x27_4 = 1
x28_4 = 1
w1 = 1
w4 = 1
