Tiempo de corrida total: 1.28068
Tiempo de corrida recorrer el arbol: 1.15167
Valor de la funcion objetivo: 1
x6_2 = 1
x14_2 = 1
x28_2 = 1
x35_2 = 1
x40_2 = 1
w2 = 1
