Tiempo de corrida total: 0.59632
Tiempo de corrida recorrer el arbol: 0.387789
Valor de la funcion objetivo: 1
x1_5 = 1
x4_5 = 1
x7_5 = 1
x8_5 = 1
x12_5 = 1
x16_5 = 1
x20_5 = 1
x22_5 = 1
x27_5 = 1
x29_5 = 1
x43_5 = 1
x47_5 = 1
x48_5 = 1
x49_5 = 1
x50_5 = 1
w5 = 1
