Tiempo de corrida total: 0.270625
Tiempo de corrida recorrer el arbol: 0.25158
Valor de la funcion objetivo: 2
x1_14 = 1
x2_14 = 1
x3_14 = 1
x4_14 = 1
x7_14 = 1
x9_14 = 1
x17_14 = 1
x25_14 = 1
x26_14 = 1
x28_14 = 1
x5_15 = 1
x10_15 = 1
x19_15 = 1
x22_15 = 1
x29_15 = 1
w14 = 1
w15 = 1
