Tiempo de corrida total: 0.751025
Tiempo de corrida recorrer el arbol: 0.695611
Valor de la funcion objetivo: 2
x8_9 = 1
x12_9 = 1
x1_12 = 1
x5_12 = 1
x10_12 = 1
x13_12 = 1
x18_12 = 1
x20_12 = 1
x23_12 = 1
x29_12 = 1
x32_12 = 1
x34_12 = 1
x36_12 = 1
x37_12 = 1
x38_12 = 1
w9 = 1
w12 = 1
