Tiempo de corrida total: 0.788097
Tiempo de corrida recorrer el arbol: 0.784325
Valor de la funcion objetivo: 2
x2_1 = 1
x5_1 = 1
x9_1 = 1
x36_1 = 1
x3_3 = 1
x16_3 = 1
x31_3 = 1
x34_3 = 1
x38_3 = 1
x40_3 = 1
w1 = 1
w3 = 1
