Tiempo de corrida total: 5.47064
Tiempo de corrida recorrer el arbol: 5.22504
Valor de la funcion objetivo: 3
x20_1 = 1
x25_1 = 1
x5_2 = 1
x8_2 = 1
x18_2 = 1
x22_2 = 1
x27_2 = 1
x4_8 = 1
x14_8 = 1
x30_8 = 1
w1 = 1
w2 = 1
w8 = 1
