Tiempo de corrida total: 0.623924
Tiempo de corrida recorrer el arbol: 0.550649
Valor de la funcion objetivo: 3
x1_3 = 1
x4_3 = 1
x11_3 = 1
x20_3 = 1
x2_7 = 1
x15_7 = 1
x18_7 = 1
x27_7 = 1
x28_7 = 1
x5_13 = 1
x6_13 = 1
x8_13 = 1
x14_13 = 1
x23_13 = 1
x25_13 = 1
w3 = 1
w7 = 1
w13 = 1
