Tiempo de corrida total: 0.130226
Tiempo de corrida recorrer el arbol: 0.0827432
Valor de la funcion objetivo: 1
x2_2 = 1
x15_2 = 1
x17_2 = 1
x25_2 = 1
x35_2 = 1
w2 = 1
