Tiempo de corrida total: 0.0624609
Tiempo de corrida recorrer el arbol: 0.019798
Valor de la funcion objetivo: 2
x4_3 = 1
x9_3 = 1
x18_3 = 1
x27_3 = 1
x3_13 = 1
x7_13 = 1
x12_13 = 1
x16_13 = 1
x17_13 = 1
x19_13 = 1
x20_13 = 1
x23_13 = 1
x26_13 = 1
x29_13 = 1
x30_13 = 1
w3 = 1
w13 = 1
