Tiempo de corrida total: 0.161825
Tiempo de corrida recorrer el arbol: 0.061625
Valor de la funcion objetivo: 2
x5_2 = 1
x8_2 = 1
x15_2 = 1
x3_5 = 1
x21_5 = 1
w2 = 1
w5 = 1
