Tiempo de corrida total: 0.437443
Tiempo de corrida recorrer el arbol: 0.0423641
Valor de la funcion objetivo: 5
x3_2 = 1
x14_2 = 1
x19_2 = 1
x23_3 = 1
x27_3 = 1
x10_4 = 1
x15_5 = 1
x17_5 = 1
x9_10 = 1
x30_10 = 1
w2 = 1
w3 = 1
w4 = 1
w5 = 1
w10 = 1
