Tiempo de corrida total: 0.751146
Tiempo de corrida recorrer el arbol: 0.747855
Valor de la funcion objetivo: 2
x2_5 = 1
x4_5 = 1
x6_5 = 1
x9_5 = 1
x11_5 = 1
x22_5 = 1
x25_5 = 1
x28_5 = 1
x3_13 = 1
x13_13 = 1
x15_13 = 1
x18_13 = 1
x20_13 = 1
x27_13 = 1
x29_13 = 1
w5 = 1
w13 = 1
