Tiempo de corrida total: 0.0149741
Tiempo de corrida recorrer el arbol: 0.01282
Valor de la funcion objetivo: 1
x1_1 = 1
x2_1 = 1
x3_1 = 1
x13_1 = 1
x38_1 = 1
w1 = 1
