Tiempo de corrida total: 0.999027
Tiempo de corrida recorrer el arbol: 0.885319
Valor de la funcion objetivo: 2
x5_1 = 1
x29_1 = 1
x37_1 = 1
x1_5 = 1
x28_5 = 1
w1 = 1
w5 = 1
