Tiempo de corrida total: 1.52683
Tiempo de corrida recorrer el arbol: 1.51859
Valor de la funcion objetivo: 2
x5_1 = 1
x8_1 = 1
x13_1 = 1
x18_1 = 1
x25_1 = 1
x39_1 = 1
x45_1 = 1
x3_2 = 1
x6_2 = 1
x7_2 = 1
x19_2 = 1
x20_2 = 1
x34_2 = 1
x43_2 = 1
x49_2 = 1
w1 = 1
w2 = 1
