Tiempo de corrida total: 3.08357
Tiempo de corrida recorrer el arbol: 0.956571
Valor de la funcion objetivo: 2
x1_4 = 1
x8_4 = 1
x19_4 = 1
x7_6 = 1
x17_6 = 1
x28_6 = 1
x35_6 = 1
x46_6 = 1
x48_6 = 1
x49_6 = 1
w4 = 1
w6 = 1
