Tiempo de corrida total: 0.049546
Tiempo de corrida recorrer el arbol: 0.018333
Valor de la funcion objetivo: 1
x4_4 = 1
x20_4 = 1
x25_4 = 1
x29_4 = 1
x30_4 = 1
w4 = 1
