Tiempo de corrida total: 0.0554409
Tiempo de corrida recorrer el arbol: 0.0170789
Valor de la funcion objetivo: 1
x12_2 = 1
x14_2 = 1
x17_2 = 1
x22_2 = 1
x23_2 = 1
w2 = 1
