Tiempo de corrida total: 0.0133369
Tiempo de corrida recorrer el arbol: 0.00617218
Valor de la funcion objetivo: 1
x1_3 = 1
x2_3 = 1
x3_3 = 1
x5_3 = 1
x12_3 = 1
w3 = 1
