Tiempo de corrida total: 0.276767
Tiempo de corrida recorrer el arbol: 0.0557399
Valor de la funcion objetivo: 2
x6_12 = 1
x12_12 = 1
x15_12 = 1
x17_12 = 1
x25_12 = 1
x31_12 = 1
x36_12 = 1
x3_15 = 1
x11_15 = 1
x20_15 = 1
x21_15 = 1
x27_15 = 1
x33_15 = 1
x39_15 = 1
x40_15 = 1
w12 = 1
w15 = 1
