Tiempo de corrida total: 0.492699
Tiempo de corrida recorrer el arbol: 0.0501959
Valor de la funcion objetivo: 2
x18_1 = 1
x20_1 = 1
x24_1 = 1
x26_1 = 1
x36_1 = 1
x37_1 = 1
x42_1 = 1
x23_3 = 1
x25_3 = 1
x30_3 = 1
x34_3 = 1
x35_3 = 1
x39_3 = 1
x43_3 = 1
x46_3 = 1
w1 = 1
w3 = 1
