Tiempo de corrida total: 0.668085
Tiempo de corrida recorrer el arbol: 0.141111
Valor de la funcion objetivo: 1
x5_3 = 1
x6_3 = 1
x37_3 = 1
x45_3 = 1
x50_3 = 1
w3 = 1
