Tiempo de corrida total: 0.0240979
Tiempo de corrida recorrer el arbol: 0.00900698
Valor de la funcion objetivo: 1
x1_1 = 1
x2_1 = 1
x4_1 = 1
x10_1 = 1
x13_1 = 1
w1 = 1
