Tiempo de corrida total: 4.86932
Tiempo de corrida recorrer el arbol: 4.45312
Valor de la funcion objetivo: 3
x3_10 = 1
x10_10 = 1
x18_10 = 1
x24_10 = 1
x29_10 = 1
x33_10 = 1
x34_10 = 1
x37_10 = 1
x13_17 = 1
x21_17 = 1
x30_17 = 1
x32_17 = 1
x35_17 = 1
x36_17 = 1
x39_17 = 1
x40_17 = 1
x4_18 = 1
x20_18 = 1
x23_18 = 1
x25_18 = 1
w10 = 1
w17 = 1
w18 = 1
