Tiempo de corrida total: 0.567518
Tiempo de corrida recorrer el arbol: 0.0862598
Valor de la funcion objetivo: 3
x2_4 = 1
x4_4 = 1
x5_4 = 1
x6_4 = 1
x17_4 = 1
x1_10 = 1
x10_10 = 1
x16_10 = 1
x18_10 = 1
x29_10 = 1
x12_15 = 1
x22_15 = 1
x24_15 = 1
x26_15 = 1
x28_15 = 1
w4 = 1
w10 = 1
w15 = 1
