Tiempo de corrida total: 0.050976
Tiempo de corrida recorrer el arbol: 0.00939703
Valor de la funcion objetivo: 1
x15_5 = 1
x18_5 = 1
x20_5 = 1
x23_5 = 1
x29_5 = 1
w5 = 1
