Tiempo de corrida total: 0.12066
Tiempo de corrida recorrer el arbol: 0.0428338
Valor de la funcion objetivo: 1
x2_5 = 1
x5_5 = 1
x16_5 = 1
x23_5 = 1
x43_5 = 1
w5 = 1
