Tiempo de corrida total: 0.056211
Tiempo de corrida recorrer el arbol: 0.0212531
Valor de la funcion objetivo: 2
x2_8 = 1
x5_8 = 1
x28_8 = 1
x29_8 = 1
x10_9 = 1
x18_9 = 1
x23_9 = 1
x24_9 = 1
x25_9 = 1
x30_9 = 1
w8 = 1
w9 = 1
