Tiempo de corrida total: 9.86322
Tiempo de corrida recorrer el arbol: 9.36819
Valor de la funcion objetivo: 5
x7_1 = 1
x19_1 = 1
x10_3 = 1
x24_3 = 1
x23_6 = 1
x30_6 = 1
x1_8 = 1
x16_8 = 1
x8_9 = 1
x9_9 = 1
w1 = 1
w3 = 1
w6 = 1
w8 = 1
w9 = 1
