Tiempo de corrida total: 0.078027
Tiempo de corrida recorrer el arbol: 0.0601451
Valor de la funcion objetivo: 2
x3_2 = 1
x4_2 = 1
x5_2 = 1
x12_2 = 1
x15_2 = 1
x16_2 = 1
x21_2 = 1
x23_2 = 1
x24_2 = 1
x25_2 = 1
x27_2 = 1
x29_2 = 1
x1_7 = 1
x2_7 = 1
x30_7 = 1
w2 = 1
w7 = 1
