Tiempo de corrida total: 0.195715
Tiempo de corrida recorrer el arbol: 0.0956969
Valor de la funcion objetivo: 2
x21_1 = 1
x32_1 = 1
x29_3 = 1
x34_3 = 1
x37_3 = 1
w1 = 1
w3 = 1
