Tiempo de corrida total: 2.46357
Tiempo de corrida recorrer el arbol: 2.29664
Valor de la funcion objetivo: 3
x3_10 = 1
x5_10 = 1
x14_10 = 1
x16_10 = 1
x19_10 = 1
x24_10 = 1
x30_10 = 1
x1_16 = 1
x17_16 = 1
x18_16 = 1
x20_16 = 1
x27_16 = 1
x29_16 = 1
x8_20 = 1
x9_20 = 1
x10_20 = 1
x13_20 = 1
x21_20 = 1
x22_20 = 1
x23_20 = 1
w10 = 1
w16 = 1
w20 = 1
