Tiempo de corrida total: 0.084321
Tiempo de corrida recorrer el arbol: 0.0517972
Valor de la funcion objetivo: 1
x6_3 = 1
x12_3 = 1
x18_3 = 1
x36_3 = 1
x37_3 = 1
w3 = 1
