Tiempo de corrida total: 0.495938
Tiempo de corrida recorrer el arbol: 0.308662
Valor de la funcion objetivo: 2
x13_5 = 1
x19_5 = 1
x23_5 = 1
x27_5 = 1
x29_5 = 1
x30_5 = 1
x1_11 = 1
x5_11 = 1
x6_11 = 1
x10_11 = 1
x11_11 = 1
x12_11 = 1
x16_11 = 1
x18_11 = 1
x25_11 = 1
w5 = 1
w11 = 1
