Tiempo de corrida total: 0.803161
Tiempo de corrida recorrer el arbol: 0.781975
Valor de la funcion objetivo: 2
x5_2 = 1
x6_2 = 1
x9_2 = 1
x11_2 = 1
x13_2 = 1
x20_2 = 1
x25_2 = 1
x29_2 = 1
x4_15 = 1
x7_15 = 1
x16_15 = 1
x17_15 = 1
x23_15 = 1
x26_15 = 1
x30_15 = 1
w2 = 1
w15 = 1
