Tiempo de corrida total: 9.96764
Tiempo de corrida recorrer el arbol: 6.56279
Valor de la funcion objetivo: 3
x5_1 = 1
x11_1 = 1
x13_1 = 1
x20_1 = 1
x21_1 = 1
x34_1 = 1
x2_3 = 1
x12_3 = 1
x28_3 = 1
x37_3 = 1
x1_4 = 1
x14_4 = 1
x16_4 = 1
x25_4 = 1
x29_4 = 1
w1 = 1
w3 = 1
w4 = 1
