Tiempo de corrida total: 0.135957
Tiempo de corrida recorrer el arbol: 0.0167589
Valor de la funcion objetivo: 2
x3_4 = 1
x9_4 = 1
x18_4 = 1
x25_4 = 1
x29_4 = 1
x37_4 = 1
x39_4 = 1
x43_4 = 1
x5_8 = 1
x10_8 = 1
x12_8 = 1
x31_8 = 1
x34_8 = 1
x35_8 = 1
x49_8 = 1
w4 = 1
w8 = 1
