Tiempo de corrida total: 3.69757
Tiempo de corrida recorrer el arbol: 3.27259
Valor de la funcion objetivo: 2
x5_4 = 1
x12_4 = 1
x13_4 = 1
x38_4 = 1
x48_4 = 1
x17_8 = 1
x21_8 = 1
x37_8 = 1
x45_8 = 1
x49_8 = 1
w4 = 1
w8 = 1
