Tiempo de corrida total: 0.0973899
Tiempo de corrida recorrer el arbol: 0.0325131
Valor de la funcion objetivo: 3
x3_9 = 1
x5_9 = 1
x18_9 = 1
x21_9 = 1
x1_11 = 1
x7_11 = 1
x12_11 = 1
x16_11 = 1
x17_11 = 1
x27_11 = 1
x4_13 = 1
x9_13 = 1
x13_13 = 1
x15_13 = 1
x30_13 = 1
w9 = 1
w11 = 1
w13 = 1
