Tiempo de corrida total: 0.0889132
Tiempo de corrida recorrer el arbol: 0.0254152
Valor de la funcion objetivo: 2
x1_12 = 1
x3_12 = 1
x4_12 = 1
x8_12 = 1
x10_12 = 1
x18_12 = 1
x20_12 = 1
x23_12 = 1
x24_12 = 1
x5_19 = 1
x6_19 = 1
x9_19 = 1
x12_19 = 1
x13_19 = 1
x16_19 = 1
x22_19 = 1
x25_19 = 1
x26_19 = 1
x28_19 = 1
x30_19 = 1
w12 = 1
w19 = 1
