Tiempo de corrida total: 0.527276
Tiempo de corrida recorrer el arbol: 0.519074
Valor de la funcion objetivo: 2
x2_1 = 1
x3_1 = 1
x8_1 = 1
x10_1 = 1
x16_1 = 1
x18_1 = 1
x19_1 = 1
x26_1 = 1
x14_15 = 1
x28_15 = 1
x32_15 = 1
x34_15 = 1
x36_15 = 1
x37_15 = 1
x40_15 = 1
w1 = 1
w15 = 1
