Tiempo de corrida total: 0.018923
Tiempo de corrida recorrer el arbol: 0.0166779
Valor de la funcion objetivo: 1
x1_1 = 1
x9_1 = 1
x11_1 = 1
x27_1 = 1
x29_1 = 1
w1 = 1
