Tiempo de corrida total: 0.420646
Tiempo de corrida recorrer el arbol: 0.0432229
Valor de la funcion objetivo: 1
x1_4 = 1
x2_4 = 1
x11_4 = 1
x12_4 = 1
x13_4 = 1
x14_4 = 1
x17_4 = 1
x25_4 = 1
x29_4 = 1
x44_4 = 1
w4 = 1
