Tiempo de corrida total: 5.85367
Tiempo de corrida recorrer el arbol: 5.50418
Valor de la funcion objetivo: 1
x3_6 = 1
x12_6 = 1
x14_6 = 1
x17_6 = 1
x33_6 = 1
x34_6 = 1
x37_6 = 1
x39_6 = 1
x44_6 = 1
x48_6 = 1
w6 = 1
