Tiempo de corrida total: 3.31364
Tiempo de corrida recorrer el arbol: 3.01348
Valor de la funcion objetivo: 2
x1_12 = 1
x8_12 = 1
x14_12 = 1
x16_12 = 1
x24_12 = 1
x31_12 = 1
x32_12 = 1
x50_12 = 1
x3_14 = 1
x5_14 = 1
x22_14 = 1
x29_14 = 1
x45_14 = 1
x46_14 = 1
x49_14 = 1
w12 = 1
w14 = 1
