Tiempo de corrida total: 0.0110531
Tiempo de corrida recorrer el arbol: 0.00886393
Valor de la funcion objetivo: 1
x1_1 = 1
x3_1 = 1
x5_1 = 1
x6_1 = 1
x15_1 = 1
w1 = 1
