Tiempo de corrida total: 0.0302401
Tiempo de corrida recorrer el arbol: 0.00641012
Valor de la funcion objetivo: 1
x3_1 = 1
x4_1 = 1
x8_1 = 1
x9_1 = 1
x12_1 = 1
w1 = 1
