Tiempo de corrida total: 0.113485
Tiempo de corrida recorrer el arbol: 0.033349
Valor de la funcion objetivo: 1
x1_2 = 1
x10_2 = 1
x17_2 = 1
x23_2 = 1
x29_2 = 1
w2 = 1
