Tiempo de corrida total: 0.04125
Tiempo de corrida recorrer el arbol: 0.0266769
Valor de la funcion objetivo: 1
x6_8 = 1
x14_8 = 1
x16_8 = 1
x18_8 = 1
x21_8 = 1
x30_8 = 1
x35_8 = 1
x36_8 = 1
x37_8 = 1
x40_8 = 1
w8 = 1
