Tiempo de corrida total: 0.750867
Tiempo de corrida recorrer el arbol: 0.43633
Valor de la funcion objetivo: 2
x7_1 = 1
x12_1 = 1
x27_1 = 1
x39_1 = 1
x45_1 = 1
x49_1 = 1
x8_8 = 1
x9_8 = 1
x16_8 = 1
x18_8 = 1
x20_8 = 1
x29_8 = 1
x34_8 = 1
x36_8 = 1
x37_8 = 1
w1 = 1
w8 = 1
