Tiempo de corrida total: 0.75905
Tiempo de corrida recorrer el arbol: 0.74472
Valor de la funcion objetivo: 3
x5_1 = 1
x27_1 = 1
x29_1 = 1
x25_4 = 1
x22_5 = 1
w1 = 1
w4 = 1
w5 = 1
