Tiempo de corrida total: 1.54654
Tiempo de corrida recorrer el arbol: 1.36276
Valor de la funcion objetivo: 2
x1_2 = 1
x13_2 = 1
x19_2 = 1
x22_2 = 1
x27_2 = 1
x15_8 = 1
x16_8 = 1
x25_8 = 1
x29_8 = 1
x30_8 = 1
w2 = 1
w8 = 1
