Tiempo de corrida total: 0.0342932
Tiempo de corrida recorrer el arbol: 0.031512
Valor de la funcion objetivo: 1
x4_2 = 1
x5_2 = 1
x9_2 = 1
x10_2 = 1
x22_2 = 1
w2 = 1
