Tiempo de corrida total: 1.29448
Tiempo de corrida recorrer el arbol: 1.27429
Valor de la funcion objetivo: 2
x1_1 = 1
x6_1 = 1
x7_1 = 1
x14_1 = 1
x15_1 = 1
x18_1 = 1
x22_1 = 1
x47_1 = 1
x3_14 = 1
x13_14 = 1
x37_14 = 1
x41_14 = 1
x42_14 = 1
x46_14 = 1
x48_14 = 1
w1 = 1
w14 = 1
