Tiempo de corrida total: 0.371438
Tiempo de corrida recorrer el arbol: 0.367408
Valor de la funcion objetivo: 2
x3_1 = 1
x23_1 = 1
x27_1 = 1
x29_1 = 1
x30_1 = 1
x4_20 = 1
x5_20 = 1
x8_20 = 1
x10_20 = 1
x12_20 = 1
x14_20 = 1
x15_20 = 1
x16_20 = 1
x17_20 = 1
x19_20 = 1
x20_20 = 1
x22_20 = 1
x24_20 = 1
x25_20 = 1
x26_20 = 1
w1 = 1
w20 = 1
