Tiempo de corrida total: 0.520773
Tiempo de corrida recorrer el arbol: 0.50218
Valor de la funcion objetivo: 2
x1_3 = 1
x3_3 = 1
x5_3 = 1
x6_3 = 1
x9_3 = 1
x10_3 = 1
x16_3 = 1
x17_3 = 1
x19_3 = 1
x29_3 = 1
x2_12 = 1
x12_12 = 1
x13_12 = 1
x18_12 = 1
x28_12 = 1
w3 = 1
w12 = 1
