Tiempo de corrida total: 0.114147
Tiempo de corrida recorrer el arbol: 0.039016
Valor de la funcion objetivo: 2
x4_10 = 1
x5_10 = 1
x10_10 = 1
x14_10 = 1
x16_10 = 1
x19_10 = 1
x25_10 = 1
x28_10 = 1
x2_16 = 1
x3_16 = 1
x6_16 = 1
x8_16 = 1
x9_16 = 1
x17_16 = 1
x18_16 = 1
x20_16 = 1
x26_16 = 1
x27_16 = 1
x29_16 = 1
x30_16 = 1
w10 = 1
w16 = 1
