Tiempo de corrida total: 4.13998
Tiempo de corrida recorrer el arbol: 4.09152
Valor de la funcion objetivo: 3
x2_3 = 1
x3_3 = 1
x5_3 = 1
x10_3 = 1
x17_3 = 1
x1_15 = 1
x9_15 = 1
x12_15 = 1
x13_15 = 1
x14_15 = 1
x21_15 = 1
x23_15 = 1
x24_15 = 1
x29_15 = 1
x4_17 = 1
x16_17 = 1
x18_17 = 1
x19_17 = 1
x25_17 = 1
x26_17 = 1
w3 = 1
w15 = 1
w17 = 1
