Tiempo de corrida total: 0.514655
Tiempo de corrida recorrer el arbol: 0.507177
Valor de la funcion objetivo: 2
x5_4 = 1
x13_4 = 1
x17_4 = 1
x18_4 = 1
x21_4 = 1
x6_7 = 1
x12_7 = 1
x28_7 = 1
x34_7 = 1
x37_7 = 1
w4 = 1
w7 = 1
