Tiempo de corrida total: 0.0297511
Tiempo de corrida recorrer el arbol: 0.00757909
Valor de la funcion objetivo: 1
x1_3 = 1
x5_3 = 1
x10_3 = 1
x13_3 = 1
x23_3 = 1
w3 = 1
