Tiempo de corrida total: 1.11359
Tiempo de corrida recorrer el arbol: 1.08161
Valor de la funcion objetivo: 2
x7_3 = 1
x11_3 = 1
x21_3 = 1
x26_3 = 1
x29_3 = 1
x36_3 = 1
x37_3 = 1
x10_10 = 1
x27_10 = 1
x38_10 = 1
w3 = 1
w10 = 1
