Tiempo de corrida total: 1.59872
Tiempo de corrida recorrer el arbol: 1.57946
Valor de la funcion objetivo: 2
x3_5 = 1
x10_5 = 1
x19_5 = 1
x25_5 = 1
x31_5 = 1
x2_9 = 1
x8_9 = 1
x16_9 = 1
x26_9 = 1
x40_9 = 1
w5 = 1
w9 = 1
