Tiempo de corrida total: 0.645965
Tiempo de corrida recorrer el arbol: 0.640265
Valor de la funcion objetivo: 2
x1_1 = 1
x2_1 = 1
x3_1 = 1
x5_1 = 1
x7_1 = 1
x8_1 = 1
x9_1 = 1
x16_1 = 1
x22_1 = 1
x24_1 = 1
x25_1 = 1
x27_1 = 1
x18_2 = 1
x20_2 = 1
x40_2 = 1
w1 = 1
w2 = 1
