Tiempo de corrida total: 0.112927
Tiempo de corrida recorrer el arbol: 0.0292389
Valor de la funcion objetivo: 1
x7_1 = 1
x8_1 = 1
x23_1 = 1
x24_1 = 1
x37_1 = 1
w1 = 1
