Tiempo de corrida total: 1.82894
Tiempo de corrida recorrer el arbol: 1.80237
Valor de la funcion objetivo: 3
x1_6 = 1
x20_6 = 1
x4_7 = 1
x6_7 = 1
x9_7 = 1
x15_7 = 1
x27_7 = 1
x2_13 = 1
x5_13 = 1
x8_13 = 1
x10_13 = 1
x16_13 = 1
x17_13 = 1
x18_13 = 1
x25_13 = 1
w6 = 1
w7 = 1
w13 = 1
