Tiempo de corrida total: 0.0187581
Tiempo de corrida recorrer el arbol: 0.0141499
Valor de la funcion objetivo: 1
x5_1 = 1
x9_1 = 1
x11_1 = 1
x13_1 = 1
x14_1 = 1
x16_1 = 1
x18_1 = 1
x26_1 = 1
x27_1 = 1
x28_1 = 1
w1 = 1
