Tiempo de corrida total: 0.0152569
Tiempo de corrida recorrer el arbol: 0.0133049
Valor de la funcion objetivo: 1
x1_1 = 1
x4_1 = 1
x7_1 = 1
x8_1 = 1
x10_1 = 1
x11_1 = 1
x26_1 = 1
x32_1 = 1
x33_1 = 1
x43_1 = 1
w1 = 1
