Tiempo de corrida total: 0.0569201
Tiempo de corrida recorrer el arbol: 0.0498409
Valor de la funcion objetivo: 1
x1_1 = 1
x3_1 = 1
x4_1 = 1
x18_1 = 1
x24_1 = 1
x25_1 = 1
x29_1 = 1
x31_1 = 1
x34_1 = 1
x36_1 = 1
x39_1 = 1
x40_1 = 1
x42_1 = 1
x48_1 = 1
x49_1 = 1
w1 = 1
