Tiempo de corrida total: 0.26576
Tiempo de corrida recorrer el arbol: 0.04089
Valor de la funcion objetivo: 2
x6_14 = 1
x7_14 = 1
x8_14 = 1
x11_14 = 1
x20_14 = 1
x23_14 = 1
x27_14 = 1
x28_14 = 1
x30_14 = 1
x36_14 = 1
x37_14 = 1
x14_19 = 1
x16_19 = 1
x19_19 = 1
x34_19 = 1
x38_19 = 1
x44_19 = 1
x46_19 = 1
x48_19 = 1
x49_19 = 1
w14 = 1
w19 = 1
