Tiempo de corrida total: 0.136398
Tiempo de corrida recorrer el arbol: 0.0834119
Valor de la funcion objetivo: 2
x3_1 = 1
x5_1 = 1
x10_1 = 1
x11_1 = 1
x23_4 = 1
w1 = 1
w4 = 1
