Tiempo de corrida total: 0.186726
Tiempo de corrida recorrer el arbol: 0.0348961
Valor de la funcion objetivo: 1
x2_4 = 1
x13_4 = 1
x14_4 = 1
x37_4 = 1
x42_4 = 1
w4 = 1
