Tiempo de corrida total: 0.051317
Tiempo de corrida recorrer el arbol: 0.0476511
Valor de la funcion objetivo: 1
x7_5 = 1
x14_5 = 1
x28_5 = 1
x35_5 = 1
x36_5 = 1
w5 = 1
