Tiempo de corrida total: 3.55108
Tiempo de corrida recorrer el arbol: 3.54893
Valor de la funcion objetivo: 3
x1_1 = 1
x3_1 = 1
x4_1 = 1
x6_1 = 1
x11_1 = 1
x13_1 = 1
x17_1 = 1
x18_1 = 1
x25_1 = 1
x2_2 = 1
x5_2 = 1
x9_2 = 1
x10_2 = 1
x15_2 = 1
x20_3 = 1
w1 = 1
w2 = 1
w3 = 1
