Tiempo de corrida total: 0.036196
Tiempo de corrida recorrer el arbol: 0.0281689
Valor de la funcion objetivo: 1
x1_5 = 1
x5_5 = 1
x7_5 = 1
x24_5 = 1
x26_5 = 1
w5 = 1
