Tiempo de corrida total: 2.18604
Tiempo de corrida recorrer el arbol: 1.57091
Valor de la funcion objetivo: 4
x1_3 = 1
x3_3 = 1
x14_3 = 1
x17_3 = 1
x18_3 = 1
x29_3 = 1
x4_4 = 1
x5_4 = 1
x9_4 = 1
x26_4 = 1
x28_4 = 1
x6_9 = 1
x19_9 = 1
x25_9 = 1
x27_9 = 1
x10_19 = 1
x13_19 = 1
x15_19 = 1
x21_19 = 1
x23_19 = 1
w3 = 1
w4 = 1
w9 = 1
w19 = 1
