Tiempo de corrida total: 6.48523
Tiempo de corrida recorrer el arbol: 5.68424
Valor de la funcion objetivo: 2
x4_1 = 1
x16_1 = 1
x18_1 = 1
x21_1 = 1
x29_1 = 1
x30_1 = 1
x39_1 = 1
x3_6 = 1
x5_6 = 1
x43_6 = 1
w1 = 1
w6 = 1
