Tiempo de corrida total: 0.746618
Tiempo de corrida recorrer el arbol: 0.731009
Valor de la funcion objetivo: 2
x1_1 = 1
x2_1 = 1
x9_1 = 1
x14_1 = 1
x16_1 = 1
x20_1 = 1
x22_1 = 1
x23_1 = 1
x34_1 = 1
x35_1 = 1
x4_4 = 1
x15_4 = 1
x19_4 = 1
x24_4 = 1
x39_4 = 1
w1 = 1
w4 = 1
