Tiempo de corrida total: 0.126748
Tiempo de corrida recorrer el arbol: 0.053802
Valor de la funcion objetivo: 1
x40_5 = 1
x42_5 = 1
x43_5 = 1
x44_5 = 1
x49_5 = 1
w5 = 1
