Tiempo de corrida total: 0.202194
Tiempo de corrida recorrer el arbol: 0.042593
Valor de la funcion objetivo: 2
x1_11 = 1
x7_11 = 1
x15_11 = 1
x22_11 = 1
x23_11 = 1
x25_11 = 1
x29_11 = 1
x30_11 = 1
x32_11 = 1
x39_11 = 1
x40_11 = 1
x3_18 = 1
x11_18 = 1
x12_18 = 1
x14_18 = 1
x20_18 = 1
x26_18 = 1
x27_18 = 1
x28_18 = 1
x35_18 = 1
w11 = 1
w18 = 1
