Tiempo de corrida total: 1.91672
Tiempo de corrida recorrer el arbol: 1.59886
Valor de la funcion objetivo: 2
x7_7 = 1
x15_7 = 1
x17_7 = 1
x22_7 = 1
x34_7 = 1
x36_7 = 1
x40_7 = 1
x1_15 = 1
x4_15 = 1
x6_15 = 1
x8_15 = 1
x10_15 = 1
x20_15 = 1
x21_15 = 1
x23_15 = 1
w7 = 1
w15 = 1
