Tiempo de corrida total: 0.20998
Tiempo de corrida recorrer el arbol: 0.0661252
Valor de la funcion objetivo: 2
x2_1 = 1
x3_1 = 1
x9_1 = 1
x12_1 = 1
x13_1 = 1
x18_1 = 1
x19_1 = 1
x34_1 = 1
x5_5 = 1
x7_5 = 1
x8_5 = 1
x10_5 = 1
x14_5 = 1
x16_5 = 1
x23_5 = 1
x24_5 = 1
x27_5 = 1
x32_5 = 1
x37_5 = 1
x40_5 = 1
w1 = 1
w5 = 1
