Tiempo de corrida total: 0.105096
Tiempo de corrida recorrer el arbol: 0.085552
Valor de la funcion objetivo: 1
x2_2 = 1
x7_2 = 1
x12_2 = 1
x16_2 = 1
x23_2 = 1
x24_2 = 1
x33_2 = 1
x44_2 = 1
x45_2 = 1
x50_2 = 1
w2 = 1
