Tiempo de corrida total: 0.021033
Tiempo de corrida recorrer el arbol: 0.0179751
Valor de la funcion objetivo: 1
x1_1 = 1
x3_1 = 1
x5_1 = 1
x6_1 = 1
x7_1 = 1
w1 = 1
