Tiempo de corrida total: 3.75922
Tiempo de corrida recorrer el arbol: 3.41398
Valor de la funcion objetivo: 2
x31_1 = 1
x36_1 = 1
x45_1 = 1
x47_1 = 1
x49_1 = 1
x12_3 = 1
x14_3 = 1
x22_3 = 1
x27_3 = 1
x38_3 = 1
w1 = 1
w3 = 1
