Tiempo de corrida total: 0.00844908
Tiempo de corrida recorrer el arbol: 0.00360203
Valor de la funcion objetivo: 1
x1_1 = 1
x3_1 = 1
x6_1 = 1
x8_1 = 1
x22_1 = 1
w1 = 1
