Tiempo de corrida total: 0.186578
Tiempo de corrida recorrer el arbol: 0.039006
Valor de la funcion objetivo: 2
x2_11 = 1
x3_11 = 1
x24_11 = 1
x26_11 = 1
x29_11 = 1
x32_11 = 1
x36_11 = 1
x37_11 = 1
x40_11 = 1
x1_14 = 1
x6_14 = 1
x9_14 = 1
x11_14 = 1
x19_14 = 1
x20_14 = 1
x21_14 = 1
x30_14 = 1
x33_14 = 1
x35_14 = 1
x38_14 = 1
w11 = 1
w14 = 1
