Tiempo de corrida total: 0.658957
Tiempo de corrida recorrer el arbol: 0.169777
Valor de la funcion objetivo: 1
x13_5 = 1
x18_5 = 1
x25_5 = 1
x27_5 = 1
x49_5 = 1
w5 = 1
