Tiempo de corrida total: 2.00238
Tiempo de corrida recorrer el arbol: 1.95348
Valor de la funcion objetivo: 2
x5_5 = 1
x7_5 = 1
x8_5 = 1
x13_5 = 1
x18_5 = 1
x19_5 = 1
x29_5 = 1
x33_5 = 1
x36_5 = 1
x39_5 = 1
x2_8 = 1
x3_8 = 1
x6_8 = 1
x10_8 = 1
x11_8 = 1
x26_8 = 1
x27_8 = 1
x32_8 = 1
x34_8 = 1
x35_8 = 1
w5 = 1
w8 = 1
