Tiempo de corrida total: 0.119031
Tiempo de corrida recorrer el arbol: 0.0187671
Valor de la funcion objetivo: 1
x8_3 = 1
x13_3 = 1
x15_3 = 1
x19_3 = 1
x28_3 = 1
w3 = 1
