Tiempo de corrida total: 0.105632
Tiempo de corrida recorrer el arbol: 0.0212018
Valor de la funcion objetivo: 1
x6_9 = 1
x8_9 = 1
x11_9 = 1
x18_9 = 1
x21_9 = 1
x25_9 = 1
x36_9 = 1
x41_9 = 1
x44_9 = 1
x49_9 = 1
w9 = 1
