Tiempo de corrida total: 0.154614
Tiempo de corrida recorrer el arbol: 0.0236399
Valor de la funcion objetivo: 1
x2_1 = 1
x5_1 = 1
x7_1 = 1
x8_1 = 1
x13_1 = 1
x21_1 = 1
x24_1 = 1
x32_1 = 1
x33_1 = 1
x48_1 = 1
w1 = 1
