Tiempo de corrida total: 0.416559
Tiempo de corrida recorrer el arbol: 0.409854
Valor de la funcion objetivo: 2
x1_1 = 1
x3_1 = 1
x5_1 = 1
x6_1 = 1
x13_1 = 1
x14_1 = 1
x20_1 = 1
x35_1 = 1
x16_14 = 1
x18_14 = 1
x22_14 = 1
x29_14 = 1
x32_14 = 1
x36_14 = 1
x40_14 = 1
w1 = 1
w14 = 1
