Tiempo de corrida total: 0.832499
Tiempo de corrida recorrer el arbol: 0.766179
Valor de la funcion objetivo: 2
x2_5 = 1
x6_5 = 1
x10_5 = 1
x18_5 = 1
x21_5 = 1
x27_5 = 1
x32_5 = 1
x9_8 = 1
x14_8 = 1
x39_8 = 1
w5 = 1
w8 = 1
