Tiempo de corrida total: 0.050122
Tiempo de corrida recorrer el arbol: 0.0144989
Valor de la funcion objetivo: 1
x1_1 = 1
x10_1 = 1
x17_1 = 1
x29_1 = 1
x30_1 = 1
w1 = 1
