Tiempo de corrida total: 4.60815
Tiempo de corrida recorrer el arbol: 4.51393
Valor de la funcion objetivo: 2
x9_2 = 1
x25_2 = 1
x47_2 = 1
x48_2 = 1
x50_2 = 1
x5_3 = 1
x27_3 = 1
x28_3 = 1
x29_3 = 1
x41_3 = 1
w2 = 1
w3 = 1
