Tiempo de corrida total: 0.411794
Tiempo de corrida recorrer el arbol: 0.169185
Valor de la funcion objetivo: 1
x9_3 = 1
x18_3 = 1
x25_3 = 1
x28_3 = 1
x37_3 = 1
w3 = 1
