Tiempo de corrida total: 0.135375
Tiempo de corrida recorrer el arbol: 0.0537908
Valor de la funcion objetivo: 1
x2_2 = 1
x3_2 = 1
x6_2 = 1
x24_2 = 1
x40_2 = 1
w2 = 1
