Tiempo de corrida total: 7.48954
Tiempo de corrida recorrer el arbol: 7.43088
Valor de la funcion objetivo: 2
x5_1 = 1
x18_1 = 1
x28_1 = 1
x40_1 = 1
x12_2 = 1
x16_2 = 1
x24_2 = 1
x25_2 = 1
x36_2 = 1
x37_2 = 1
w1 = 1
w2 = 1
