Tiempo de corrida total: 0.442295
Tiempo de corrida recorrer el arbol: 0.42593
Valor de la funcion objetivo: 2
x4_1 = 1
x16_1 = 1
x26_1 = 1
x40_1 = 1
x3_10 = 1
x11_10 = 1
x13_10 = 1
x14_10 = 1
x27_10 = 1
x36_10 = 1
w1 = 1
w10 = 1
