Tiempo de corrida total: 0.0842371
Tiempo de corrida recorrer el arbol: 0.070709
Valor de la funcion objetivo: 2
x2_5 = 1
x8_5 = 1
x10_5 = 1
x17_5 = 1
x12_8 = 1
x13_8 = 1
x14_8 = 1
x19_8 = 1
x27_8 = 1
x30_8 = 1
w5 = 1
w8 = 1
