Tiempo de corrida total: 0.403775
Tiempo de corrida recorrer el arbol: 0.386752
Valor de la funcion objetivo: 2
x9_6 = 1
x11_6 = 1
x12_6 = 1
x15_6 = 1
x20_6 = 1
x21_6 = 1
x24_6 = 1
x7_10 = 1
x10_10 = 1
x13_10 = 1
w6 = 1
w10 = 1
