Tiempo de corrida total: 0.011086
Tiempo de corrida recorrer el arbol: 0.00923491
Valor de la funcion objetivo: 1
x1_1 = 1
x4_1 = 1
x5_1 = 1
x12_1 = 1
x18_1 = 1
w1 = 1
