Tiempo de corrida total: 0.541329
Tiempo de corrida recorrer el arbol: 0.130403
Valor de la funcion objetivo: 3
x5_1 = 1
x16_1 = 1
x20_1 = 1
x26_1 = 1
x11_4 = 1
x13_4 = 1
x25_4 = 1
x6_9 = 1
x8_9 = 1
x30_9 = 1
w1 = 1
w4 = 1
w9 = 1
