Tiempo de corrida total: 0.143547
Tiempo de corrida recorrer el arbol: 0.0464671
Valor de la funcion objetivo: 2
x10_1 = 1
x17_1 = 1
x26_1 = 1
x9_2 = 1
x27_2 = 1
w1 = 1
w2 = 1
