Tiempo de corrida total: 0.0439799
Tiempo de corrida recorrer el arbol: 0.00856304
Valor de la funcion objetivo: 1
x1_2 = 1
x2_2 = 1
x5_2 = 1
x16_2 = 1
x38_2 = 1
w2 = 1
