Tiempo de corrida total: 0.416873
Tiempo de corrida recorrer el arbol: 0.381685
Valor de la funcion objetivo: 2
x6_1 = 1
x9_1 = 1
x28_1 = 1
x30_1 = 1
x1_4 = 1
w1 = 1
w4 = 1
