Tiempo de corrida total: 0.059638
Tiempo de corrida recorrer el arbol: 0.0111439
Valor de la funcion objetivo: 1
x1_4 = 1
x4_4 = 1
x5_4 = 1
x8_4 = 1
x27_4 = 1
w4 = 1
