Tiempo de corrida total: 0.0726261
Tiempo de corrida recorrer el arbol: 0.0358429
Valor de la funcion objetivo: 2
x5_3 = 1
x6_3 = 1
x7_3 = 1
x8_3 = 1
x9_3 = 1
x11_3 = 1
x10_10 = 1
x18_10 = 1
x19_10 = 1
x27_10 = 1
w3 = 1
w10 = 1
