Tiempo de corrida total: 0.799462
Tiempo de corrida recorrer el arbol: 0.681943
Valor de la funcion objetivo: 4
x5_3 = 1
x15_3 = 1
x21_3 = 1
x6_4 = 1
x27_4 = 1
x12_5 = 1
x13_5 = 1
x2_7 = 1
x17_7 = 1
x18_7 = 1
w3 = 1
w4 = 1
w5 = 1
w7 = 1
