Tiempo de corrida total: 0.124282
Tiempo de corrida recorrer el arbol: 0.030606
Valor de la funcion objetivo: 1
x2_4 = 1
x7_4 = 1
x8_4 = 1
x13_4 = 1
x20_4 = 1
x22_4 = 1
x23_4 = 1
x24_4 = 1
x32_4 = 1
x33_4 = 1
w4 = 1
