Tiempo de corrida total: 0.455566
Tiempo de corrida recorrer el arbol: 0.070621
Valor de la funcion objetivo: 2
x4_4 = 1
x7_4 = 1
x12_4 = 1
x14_4 = 1
x18_4 = 1
x26_4 = 1
x27_4 = 1
x1_5 = 1
x3_5 = 1
x5_5 = 1
x6_5 = 1
x10_5 = 1
x16_5 = 1
x17_5 = 1
x25_5 = 1
w4 = 1
w5 = 1
