Tiempo de corrida total: 0.156776
Tiempo de corrida recorrer el arbol: 0.051949
Valor de la funcion objetivo: 1
x6_4 = 1
x14_4 = 1
x29_4 = 1
x30_4 = 1
x37_4 = 1
w4 = 1
