Tiempo de corrida total: 0.0201039
Tiempo de corrida recorrer el arbol: 0.0104241
Valor de la funcion objetivo: 1
x1_4 = 1
x4_4 = 1
x10_4 = 1
x16_4 = 1
x25_4 = 1
w4 = 1
