Tiempo de corrida total: 1.22129
Tiempo de corrida recorrer el arbol: 1.05235
Valor de la funcion objetivo: 2
x19_4 = 1
x22_4 = 1
x32_4 = 1
x12_5 = 1
x33_5 = 1
w4 = 1
w5 = 1
