Tiempo de corrida total: 0.0856299
Tiempo de corrida recorrer el arbol: 0.0138519
Valor de la funcion objetivo: 1
x2_5 = 1
x10_5 = 1
x26_5 = 1
x34_5 = 1
x38_5 = 1
w5 = 1
