Tiempo de corrida total: 0.175483
Tiempo de corrida recorrer el arbol: 0.167245
Valor de la funcion objetivo: 2
x1_1 = 1
x3_1 = 1
x4_1 = 1
x6_1 = 1
x8_1 = 1
x9_1 = 1
x10_1 = 1
x13_1 = 1
x25_1 = 1
x27_1 = 1
x32_1 = 1
x37_1 = 1
x5_2 = 1
x11_2 = 1
x21_2 = 1
w1 = 1
w2 = 1
