Tiempo de corrida total: 0.00722694
Tiempo de corrida recorrer el arbol: 0.00669312
Valor de la funcion objetivo: 1
x1_1 = 1
x5_1 = 1
x6_1 = 1
x7_1 = 1
x14_1 = 1
w1 = 1
