Tiempo de corrida total: 0.218968
Tiempo de corrida recorrer el arbol: 0.0331581
Valor de la funcion objetivo: 2
x14_2 = 1
x16_2 = 1
x22_2 = 1
x28_4 = 1
x29_4 = 1
w2 = 1
w4 = 1
