Tiempo de corrida total: 0.352249
Tiempo de corrida recorrer el arbol: 0.320406
Valor de la funcion objetivo: 2
x3_3 = 1
x15_3 = 1
x28_3 = 1
x24_5 = 1
x35_5 = 1
w3 = 1
w5 = 1
