Tiempo de corrida total: 5.20638
Tiempo de corrida recorrer el arbol: 4.39228
Valor de la funcion objetivo: 2
x24_1 = 1
x29_1 = 1
x39_1 = 1
x45_1 = 1
x49_1 = 1
x3_4 = 1
x22_4 = 1
x27_4 = 1
x38_4 = 1
x48_4 = 1
w1 = 1
w4 = 1
