Tiempo de corrida total: 0.0131531
Tiempo de corrida recorrer el arbol: 0.00404906
Valor de la funcion objetivo: 1
x11_3 = 1
x24_3 = 1
x25_3 = 1
x27_3 = 1
x28_3 = 1
w3 = 1
