Tiempo de corrida total: 0.537559
Tiempo de corrida recorrer el arbol: 0.524808
Valor de la funcion objetivo: 3
x1_1 = 1
x3_1 = 1
x10_1 = 1
x16_1 = 1
x27_1 = 1
x4_2 = 1
x6_2 = 1
x7_2 = 1
x13_3 = 1
x17_3 = 1
w1 = 1
w2 = 1
w3 = 1
