Tiempo de corrida total: 0.212061
Tiempo de corrida recorrer el arbol: 0.0897739
Valor de la funcion objetivo: 1
x6_4 = 1
x11_4 = 1
x14_4 = 1
x24_4 = 1
x40_4 = 1
w4 = 1
