Tiempo de corrida total: 0.299637
Tiempo de corrida recorrer el arbol: 0.0344579
Valor de la funcion objetivo: 1
x10_3 = 1
x14_3 = 1
x15_3 = 1
x25_3 = 1
x27_3 = 1
w3 = 1
