Tiempo de corrida total: 0.143352
Tiempo de corrida recorrer el arbol: 0.0716732
Valor de la funcion objetivo: 2
x6_3 = 1
x16_3 = 1
x8_4 = 1
x14_4 = 1
x25_4 = 1
w3 = 1
w4 = 1
