Tiempo de corrida total: 2.56207
Tiempo de corrida recorrer el arbol: 2.51171
Valor de la funcion objetivo: 1
x2_1 = 1
x7_1 = 1
x12_1 = 1
x16_1 = 1
x23_1 = 1
x24_1 = 1
x33_1 = 1
x44_1 = 1
x45_1 = 1
x50_1 = 1
w1 = 1
