Tiempo de corrida total: 0.323272
Tiempo de corrida recorrer el arbol: 0.0717499
Valor de la funcion objetivo: 3
x11_6 = 1
x14_6 = 1
x16_6 = 1
x18_6 = 1
x30_6 = 1
x5_11 = 1
x10_11 = 1
x19_11 = 1
x21_11 = 1
x24_11 = 1
x26_11 = 1
x1_16 = 1
x3_16 = 1
x4_16 = 1
x6_16 = 1
x9_16 = 1
x12_16 = 1
x17_16 = 1
x25_16 = 1
x29_16 = 1
w6 = 1
w11 = 1
w16 = 1
