Tiempo de corrida total: 0.196082
Tiempo de corrida recorrer el arbol: 0.032037
Valor de la funcion objetivo: 2
x26_2 = 1
x1_3 = 1
x21_3 = 1
x28_3 = 1
x29_3 = 1
w2 = 1
w3 = 1
