Tiempo de corrida total: 0.143313
Tiempo de corrida recorrer el arbol: 0.038002
Valor de la funcion objetivo: 2
x9_9 = 1
x10_9 = 1
x12_9 = 1
x18_9 = 1
x21_9 = 1
x22_9 = 1
x24_9 = 1
x27_9 = 1
x29_9 = 1
x36_9 = 1
x39_9 = 1
x1_17 = 1
x11_17 = 1
x13_17 = 1
x16_17 = 1
x19_17 = 1
x26_17 = 1
x28_17 = 1
x33_17 = 1
x37_17 = 1
w9 = 1
w17 = 1
