Tiempo de corrida total: 2.42356
Tiempo de corrida recorrer el arbol: 2.18388
Valor de la funcion objetivo: 2
x3_8 = 1
x12_8 = 1
x16_8 = 1
x21_8 = 1
x29_8 = 1
x30_8 = 1
x39_8 = 1
x46_8 = 1
x48_8 = 1
x5_14 = 1
x19_14 = 1
x22_14 = 1
x27_14 = 1
x28_14 = 1
x31_14 = 1
x33_14 = 1
x36_14 = 1
x37_14 = 1
x44_14 = 1
x49_14 = 1
w8 = 1
w14 = 1
