Tiempo de corrida total: 3.31604
Tiempo de corrida recorrer el arbol: 2.81913
Valor de la funcion objetivo: 2
x9_9 = 1
x15_9 = 1
x21_9 = 1
x29_9 = 1
x31_9 = 1
x37_9 = 1
x3_10 = 1
x17_10 = 1
x18_10 = 1
x39_10 = 1
w9 = 1
w10 = 1
