Tiempo de corrida total: 2.87591
Tiempo de corrida recorrer el arbol: 2.65856
Valor de la funcion objetivo: 4
x7_4 = 1
x29_4 = 1
x2_5 = 1
x20_5 = 1
x30_5 = 1
x4_7 = 1
x8_7 = 1
x28_7 = 1
x5_8 = 1
x27_8 = 1
w4 = 1
w5 = 1
w7 = 1
w8 = 1
