Tiempo de corrida total: 0.119476
Tiempo de corrida recorrer el arbol: 0.037071
Valor de la funcion objetivo: 1
x9_10 = 1
x10_10 = 1
x12_10 = 1
x18_10 = 1
x26_10 = 1
x29_10 = 1
x30_10 = 1
x32_10 = 1
x36_10 = 1
x40_10 = 1
w10 = 1
