Tiempo de corrida total: 0.132262
Tiempo de corrida recorrer el arbol: 0.0961132
Valor de la funcion objetivo: 1
x4_2 = 1
x12_2 = 1
x22_2 = 1
x23_2 = 1
x32_2 = 1
w2 = 1
