Tiempo de corrida total: 5.46245
Tiempo de corrida recorrer el arbol: 4.38631
Valor de la funcion objetivo: 2
x6_1 = 1
x14_1 = 1
x20_1 = 1
x24_1 = 1
x31_1 = 1
x2_3 = 1
x13_3 = 1
x18_3 = 1
x21_3 = 1
x40_3 = 1
w1 = 1
w3 = 1
