Tiempo de corrida total: 0.146005
Tiempo de corrida recorrer el arbol: 0.050519
Valor de la funcion objetivo: 2
x32_4 = 1
x33_4 = 1
x17_5 = 1
x23_5 = 1
x36_5 = 1
w4 = 1
w5 = 1
