Tiempo de corrida total: 0.255824
Tiempo de corrida recorrer el arbol: 0.0648999
Valor de la funcion objetivo: 2
x1_12 = 1
x11_12 = 1
x13_12 = 1
x21_12 = 1
x26_12 = 1
x27_12 = 1
x28_12 = 1
x29_12 = 1
x32_12 = 1
x34_12 = 1
x3_16 = 1
x5_16 = 1
x10_16 = 1
x18_16 = 1
x19_16 = 1
x33_16 = 1
x35_16 = 1
x36_16 = 1
x39_16 = 1
x40_16 = 1
w12 = 1
w16 = 1
