Tiempo de corrida total: 0.193843
Tiempo de corrida recorrer el arbol: 0.057446
Valor de la funcion objetivo: 2
x12_9 = 1
x18_9 = 1
x27_9 = 1
x5_15 = 1
x6_15 = 1
x9_15 = 1
x19_15 = 1
x20_15 = 1
x23_15 = 1
x24_15 = 1
x26_15 = 1
x29_15 = 1
x31_15 = 1
x36_15 = 1
x37_15 = 1
w9 = 1
w15 = 1
