Tiempo de corrida total: 2.79025
Tiempo de corrida recorrer el arbol: 0.307126
Valor de la funcion objetivo: 2
x3_6 = 1
x22_6 = 1
x28_6 = 1
x29_6 = 1
x30_6 = 1
x39_6 = 1
x25_8 = 1
x35_8 = 1
x44_8 = 1
x50_8 = 1
w6 = 1
w8 = 1
