Tiempo de corrida total: 0.0189421
Tiempo de corrida recorrer el arbol: 0.00446916
Valor de la funcion objetivo: 1
x2_1 = 1
x4_1 = 1
x5_1 = 1
x12_1 = 1
x21_1 = 1
w1 = 1
