Tiempo de corrida total: 0.0337751
Tiempo de corrida recorrer el arbol: 0.00692797
Valor de la funcion objetivo: 1
x1_3 = 1
x8_3 = 1
x11_3 = 1
x23_3 = 1
x25_3 = 1
w3 = 1
