Tiempo de corrida total: 6.24484
Tiempo de corrida recorrer el arbol: 5.70758
Valor de la funcion objetivo: 2
x3_6 = 1
x9_6 = 1
x12_6 = 1
x20_6 = 1
x25_6 = 1
x29_6 = 1
x30_6 = 1
x32_6 = 1
x38_6 = 1
x39_6 = 1
x41_6 = 1
x43_6 = 1
x45_6 = 1
x6_10 = 1
x28_10 = 1
w6 = 1
w10 = 1
