Tiempo de corrida total: 0.219811
Tiempo de corrida recorrer el arbol: 0.165305
Valor de la funcion objetivo: 2
x3_6 = 1
x4_6 = 1
x8_6 = 1
x16_6 = 1
x20_6 = 1
x23_6 = 1
x25_6 = 1
x27_6 = 1
x29_6 = 1
x1_7 = 1
x10_7 = 1
x15_7 = 1
x18_7 = 1
x26_7 = 1
x28_7 = 1
w6 = 1
w7 = 1
