Tiempo de corrida total: 1.08924
Tiempo de corrida recorrer el arbol: 0.648102
Valor de la funcion objetivo: 4
x7_3 = 1
x27_3 = 1
x29_3 = 1
x3_4 = 1
x25_4 = 1
x20_5 = 1
x30_5 = 1
x4_9 = 1
x8_9 = 1
x28_9 = 1
w3 = 1
w4 = 1
w5 = 1
w9 = 1
