Tiempo de corrida total: 0.140374
Tiempo de corrida recorrer el arbol: 0.0581479
Valor de la funcion objetivo: 1
x3_1 = 1
x5_1 = 1
x13_1 = 1
x14_1 = 1
x16_1 = 1
x18_1 = 1
x27_1 = 1
x29_1 = 1
x38_1 = 1
x40_1 = 1
w1 = 1
