Tiempo de corrida total: 0.274974
Tiempo de corrida recorrer el arbol: 0.029505
Valor de la funcion objetivo: 1
x7_5 = 1
x20_5 = 1
x21_5 = 1
x31_5 = 1
x42_5 = 1
w5 = 1
