Tiempo de corrida total: 1.81133
Tiempo de corrida recorrer el arbol: 0.628516
Valor de la funcion objetivo: 2
x20_4 = 1
x23_4 = 1
x30_4 = 1
x4_7 = 1
x14_7 = 1
x15_7 = 1
x17_7 = 1
x31_7 = 1
x36_7 = 1
x38_7 = 1
w4 = 1
w7 = 1
