Tiempo de corrida total: 0.18339
Tiempo de corrida recorrer el arbol: 0.0857592
Valor de la funcion objetivo: 2
x5_1 = 1
x24_1 = 1
x35_1 = 1
x34_3 = 1
x40_3 = 1
w1 = 1
w3 = 1
