Tiempo de corrida total: 0.101852
Tiempo de corrida recorrer el arbol: 0.053535
Valor de la funcion objetivo: 1
x2_1 = 1
x7_1 = 1
x17_1 = 1
x31_1 = 1
x40_1 = 1
w1 = 1
