Tiempo de corrida total: 0.0211489
Tiempo de corrida recorrer el arbol: 0.00859189
Valor de la funcion objetivo: 1
x1_3 = 1
x4_3 = 1
x5_3 = 1
x12_3 = 1
x18_3 = 1
w3 = 1
