Tiempo de corrida total: 0.789445
Tiempo de corrida recorrer el arbol: 0.744736
Valor de la funcion objetivo: 2
x4_5 = 1
x7_5 = 1
x9_5 = 1
x11_5 = 1
x15_5 = 1
x17_5 = 1
x19_5 = 1
x21_5 = 1
x22_5 = 1
x23_5 = 1
x25_5 = 1
x27_5 = 1
x1_13 = 1
x2_13 = 1
x24_13 = 1
w5 = 1
w13 = 1
