Tiempo de corrida total: 0.105131
Tiempo de corrida recorrer el arbol: 0.059278
Valor de la funcion objetivo: 1
x3_13 = 1
x4_13 = 1
x9_13 = 1
x10_13 = 1
x13_13 = 1
x14_13 = 1
x17_13 = 1
x18_13 = 1
x22_13 = 1
x28_13 = 1
x32_13 = 1
x36_13 = 1
x38_13 = 1
x39_13 = 1
x40_13 = 1
w13 = 1
