Tiempo de corrida total: 0.137654
Tiempo de corrida recorrer el arbol: 0.0494769
Valor de la funcion objetivo: 2
x1_9 = 1
x8_9 = 1
x12_9 = 1
x17_9 = 1
x19_9 = 1
x22_9 = 1
x24_9 = 1
x25_9 = 1
x26_9 = 1
x27_9 = 1
x29_9 = 1
x2_19 = 1
x4_19 = 1
x5_19 = 1
x9_19 = 1
x10_19 = 1
x13_19 = 1
x14_19 = 1
x23_19 = 1
x30_19 = 1
w9 = 1
w19 = 1
