Tiempo de corrida total: 0.903324
Tiempo de corrida recorrer el arbol: 0.675972
Valor de la funcion objetivo: 5
x13_3 = 1
x15_3 = 1
x23_3 = 1
x18_5 = 1
x19_5 = 1
x3_6 = 1
x20_6 = 1
x6_8 = 1
x10_10 = 1
x27_10 = 1
w3 = 1
w5 = 1
w6 = 1
w8 = 1
w10 = 1
