Tiempo de corrida total: 0.21371
Tiempo de corrida recorrer el arbol: 0.198161
Valor de la funcion objetivo: 2
x3_4 = 1
x5_4 = 1
x1_5 = 1
x10_5 = 1
x28_5 = 1
w4 = 1
w5 = 1
