Tiempo de corrida total: 0.0189149
Tiempo de corrida recorrer el arbol: 0.0126858
Valor de la funcion objetivo: 1
x1_1 = 1
x3_1 = 1
x16_1 = 1
x27_1 = 1
x28_1 = 1
w1 = 1
