Tiempo de corrida total: 0.0361221
Tiempo de corrida recorrer el arbol: 0.00713086
Valor de la funcion objetivo: 1
x26_5 = 1
x32_5 = 1
x37_5 = 1
x38_5 = 1
x40_5 = 1
w5 = 1
