Tiempo de corrida total: 0.392616
Tiempo de corrida recorrer el arbol: 0.277147
Valor de la funcion objetivo: 3
x1_9 = 1
x5_9 = 1
x30_9 = 1
x13_10 = 1
x17_10 = 1
x21_10 = 1
x22_10 = 1
x29_10 = 1
x4_15 = 1
x6_15 = 1
x16_15 = 1
x18_15 = 1
x20_15 = 1
x23_15 = 1
x26_15 = 1
w9 = 1
w10 = 1
w15 = 1
