Tiempo de corrida total: 0.132889
Tiempo de corrida recorrer el arbol: 0.0343049
Valor de la funcion objetivo: 2
x1_13 = 1
x4_13 = 1
x6_13 = 1
x14_13 = 1
x16_13 = 1
x17_13 = 1
x19_13 = 1
x25_13 = 1
x26_13 = 1
x27_13 = 1
x5_15 = 1
x9_15 = 1
x10_15 = 1
x13_15 = 1
x15_15 = 1
x18_15 = 1
x23_15 = 1
x24_15 = 1
x29_15 = 1
x30_15 = 1
w13 = 1
w15 = 1
