Tiempo de corrida total: 0.508219
Tiempo de corrida recorrer el arbol: 0.196032
Valor de la funcion objetivo: 2
x3_1 = 1
x9_1 = 1
x20_1 = 1
x31_1 = 1
x38_1 = 1
x39_1 = 1
x4_6 = 1
x13_6 = 1
x17_6 = 1
x18_6 = 1
x19_6 = 1
x25_6 = 1
x28_6 = 1
x29_6 = 1
x30_6 = 1
w1 = 1
w6 = 1
