Tiempo de corrida total: 0.125992
Tiempo de corrida recorrer el arbol: 0.0413411
Valor de la funcion objetivo: 1
x1_5 = 1
x13_5 = 1
x14_5 = 1
x20_5 = 1
x23_5 = 1
x29_5 = 1
x31_5 = 1
x34_5 = 1
x36_5 = 1
x37_5 = 1
w5 = 1
