Tiempo de corrida total: 0.292619
Tiempo de corrida recorrer el arbol: 0.07393
Valor de la funcion objetivo: 2
x4_9 = 1
x13_9 = 1
x20_9 = 1
x1_12 = 1
x6_12 = 1
x9_12 = 1
x12_12 = 1
x16_12 = 1
x21_12 = 1
x22_12 = 1
x24_12 = 1
x26_12 = 1
x32_12 = 1
x36_12 = 1
x38_12 = 1
w9 = 1
w12 = 1
