Tiempo de corrida total: 0.476746
Tiempo de corrida recorrer el arbol: 0.46921
Valor de la funcion objetivo: 2
x1_1 = 1
x5_1 = 1
x7_1 = 1
x9_1 = 1
x16_1 = 1
x24_1 = 1
x25_1 = 1
x29_1 = 1
x4_13 = 1
x10_13 = 1
x12_13 = 1
x13_13 = 1
x20_13 = 1
x28_13 = 1
x30_13 = 1
w1 = 1
w13 = 1
