Tiempo de corrida total: 5.01549
Tiempo de corrida recorrer el arbol: 4.96924
Valor de la funcion objetivo: 2
x16_10 = 1
x20_10 = 1
x22_10 = 1
x24_10 = 1
x25_10 = 1
x29_10 = 1
x37_10 = 1
x40_10 = 1
x43_10 = 1
x45_10 = 1
x46_10 = 1
x49_10 = 1
x3_12 = 1
x47_12 = 1
x48_12 = 1
w10 = 1
w12 = 1
