Tiempo de corrida total: 0.391581
Tiempo de corrida recorrer el arbol: 0.0576138
Valor de la funcion objetivo: 1
x9_4 = 1
x10_4 = 1
x22_4 = 1
x25_4 = 1
x37_4 = 1
w4 = 1
