Tiempo de corrida total: 0.667218
Tiempo de corrida recorrer el arbol: 0.510833
Valor de la funcion objetivo: 2
x12_3 = 1
x25_3 = 1
x9_4 = 1
x16_4 = 1
x36_4 = 1
w3 = 1
w4 = 1
