Tiempo de corrida total: 0.121517
Tiempo de corrida recorrer el arbol: 0.03825
Valor de la funcion objetivo: 1
x3_2 = 1
x9_2 = 1
x13_2 = 1
x18_2 = 1
x23_2 = 1
w2 = 1
