Tiempo de corrida total: 0.0287309
Tiempo de corrida recorrer el arbol: 0.00694799
Valor de la funcion objetivo: 1
x1_3 = 1
x4_3 = 1
x6_3 = 1
x8_3 = 1
x20_3 = 1
w3 = 1
