Tiempo de corrida total: 1.21404
Tiempo de corrida recorrer el arbol: 1.13017
Valor de la funcion objetivo: 2
x2_6 = 1
x6_6 = 1
x12_6 = 1
x13_6 = 1
x15_6 = 1
x17_6 = 1
x18_6 = 1
x21_6 = 1
x25_6 = 1
x26_6 = 1
x27_6 = 1
x34_6 = 1
x1_15 = 1
x20_15 = 1
x33_15 = 1
w6 = 1
w15 = 1
