Tiempo de corrida total: 0.535407
Tiempo de corrida recorrer el arbol: 0.15921
Valor de la funcion objetivo: 3
x11_6 = 1
x15_6 = 1
x18_6 = 1
x23_6 = 1
x3_11 = 1
x4_11 = 1
x20_11 = 1
x21_11 = 1
x27_11 = 1
x28_11 = 1
x1_13 = 1
x6_13 = 1
x9_13 = 1
x26_13 = 1
x30_13 = 1
w6 = 1
w11 = 1
w13 = 1
