Tiempo de corrida total: 1.21108
Tiempo de corrida recorrer el arbol: 1.19647
Valor de la funcion objetivo: 2
x7_1 = 1
x8_1 = 1
x10_1 = 1
x14_1 = 1
x5_7 = 1
x11_7 = 1
x15_7 = 1
x18_7 = 1
x19_7 = 1
x22_7 = 1
w1 = 1
w7 = 1
