Tiempo de corrida total: 0.0871329
Tiempo de corrida recorrer el arbol: 0.0204399
Valor de la funcion objetivo: 2
x20_1 = 1
x29_1 = 1
x27_5 = 1
x28_5 = 1
x30_5 = 1
w1 = 1
w5 = 1
