Tiempo de corrida total: 0.431059
Tiempo de corrida recorrer el arbol: 0.269787
Valor de la funcion objetivo: 2
x4_4 = 1
x7_4 = 1
x16_4 = 1
x17_4 = 1
x23_4 = 1
x26_4 = 1
x30_4 = 1
x5_9 = 1
x6_9 = 1
x9_9 = 1
x14_9 = 1
x20_9 = 1
x24_9 = 1
x25_9 = 1
x29_9 = 1
w4 = 1
w9 = 1
