Tiempo de corrida total: 6.59488
Tiempo de corrida recorrer el arbol: 6.06828
Valor de la funcion objetivo: 3
x5_2 = 1
x17_2 = 1
x22_2 = 1
x26_2 = 1
x31_2 = 1
x49_2 = 1
x4_9 = 1
x27_9 = 1
x32_9 = 1
x40_9 = 1
x41_9 = 1
x48_9 = 1
x1_17 = 1
x3_17 = 1
x18_17 = 1
x28_17 = 1
x29_17 = 1
x30_17 = 1
x42_17 = 1
x43_17 = 1
w2 = 1
w9 = 1
w17 = 1
