Tiempo de corrida total: 0.273155
Tiempo de corrida recorrer el arbol: 0.196877
Valor de la funcion objetivo: 3
x9_1 = 1
x29_1 = 1
x6_3 = 1
x13_3 = 1
x24_4 = 1
w1 = 1
w3 = 1
w4 = 1
