Tiempo de corrida total: 0.181082
Tiempo de corrida recorrer el arbol: 0.0267422
Valor de la funcion objetivo: 2
x8_1 = 1
x10_1 = 1
x25_1 = 1
x6_5 = 1
x14_5 = 1
w1 = 1
w5 = 1
