Tiempo de corrida total: 0.0487249
Tiempo de corrida recorrer el arbol: 0.0109451
Valor de la funcion objetivo: 1
x3_1 = 1
x4_1 = 1
x11_1 = 1
x16_1 = 1
x28_1 = 1
w1 = 1
