Tiempo de corrida total: 0.120759
Tiempo de corrida recorrer el arbol: 0.0485129
Valor de la funcion objetivo: 1
x9_4 = 1
x17_4 = 1
x24_4 = 1
x25_4 = 1
x28_4 = 1
w4 = 1
