Tiempo de corrida total: 2.95111
Tiempo de corrida recorrer el arbol: 2.02906
Valor de la funcion objetivo: 2
x5_3 = 1
x15_3 = 1
x24_3 = 1
x33_3 = 1
x37_3 = 1
x40_3 = 1
x49_3 = 1
x1_9 = 1
x2_9 = 1
x4_9 = 1
w3 = 1
w9 = 1
