Tiempo de corrida total: 0.774512
Tiempo de corrida recorrer el arbol: 0.655517
Valor de la funcion objetivo: 2
x14_1 = 1
x34_1 = 1
x2_2 = 1
x5_2 = 1
x38_2 = 1
w1 = 1
w2 = 1
