Tiempo de corrida total: 0.482609
Tiempo de corrida recorrer el arbol: 0.464036
Valor de la funcion objetivo: 2
x5_5 = 1
x11_5 = 1
x22_5 = 1
x28_5 = 1
x31_5 = 1
x35_5 = 1
x38_5 = 1
x39_5 = 1
x7_12 = 1
x9_12 = 1
x21_12 = 1
x23_12 = 1
x26_12 = 1
x29_12 = 1
x33_12 = 1
w5 = 1
w12 = 1
