Tiempo de corrida total: 0.937959
Tiempo de corrida recorrer el arbol: 0.484761
Valor de la funcion objetivo: 5
x20_1 = 1
x23_1 = 1
x17_4 = 1
x19_4 = 1
x5_5 = 1
x30_5 = 1
x14_7 = 1
x26_7 = 1
x1_8 = 1
x21_8 = 1
w1 = 1
w4 = 1
w5 = 1
w7 = 1
w8 = 1
