Tiempo de corrida total: 0.592815
Tiempo de corrida recorrer el arbol: 0.558979
Valor de la funcion objetivo: 2
x3_11 = 1
x14_11 = 1
x16_11 = 1
x27_11 = 1
x32_11 = 1
x2_16 = 1
x5_16 = 1
x7_16 = 1
x9_16 = 1
x12_16 = 1
x13_16 = 1
x18_16 = 1
x19_16 = 1
x20_16 = 1
x22_16 = 1
x24_16 = 1
x26_16 = 1
x29_16 = 1
x34_16 = 1
x36_16 = 1
w11 = 1
w16 = 1
