Tiempo de corrida total: 0.09865
Tiempo de corrida recorrer el arbol: 0.019767
Valor de la funcion objetivo: 1
x1_4 = 1
x9_4 = 1
x17_4 = 1
x23_4 = 1
x29_4 = 1
w4 = 1
