Tiempo de corrida total: 1.23094
Tiempo de corrida recorrer el arbol: 1.15116
Valor de la funcion objetivo: 2
x5_8 = 1
x11_8 = 1
x15_8 = 1
x18_8 = 1
x19_8 = 1
x22_8 = 1
x7_9 = 1
x8_9 = 1
x10_9 = 1
x14_9 = 1
w8 = 1
w9 = 1
