Tiempo de corrida total: 0.112067
Tiempo de corrida recorrer el arbol: 0.069963
Valor de la funcion objetivo: 1
x3_4 = 1
x15_4 = 1
x38_4 = 1
x44_4 = 1
x46_4 = 1
w4 = 1
