Tiempo de corrida total: 0.226673
Tiempo de corrida recorrer el arbol: 0.176888
Valor de la funcion objetivo: 1
x1_2 = 1
x8_2 = 1
x16_2 = 1
x20_2 = 1
x22_2 = 1
x28_2 = 1
x29_2 = 1
x32_2 = 1
x33_2 = 1
x36_2 = 1
x41_2 = 1
x46_2 = 1
x47_2 = 1
x49_2 = 1
x50_2 = 1
w2 = 1
