Tiempo de corrida total: 2.72854
Tiempo de corrida recorrer el arbol: 2.69924
Valor de la funcion objetivo: 2
x1_8 = 1
x2_8 = 1
x3_8 = 1
x6_8 = 1
x10_8 = 1
x14_8 = 1
x16_8 = 1
x17_8 = 1
x22_8 = 1
x27_8 = 1
x31_8 = 1
x32_8 = 1
x20_15 = 1
x35_15 = 1
x38_15 = 1
w8 = 1
w15 = 1
