Tiempo de corrida total: 0.247783
Tiempo de corrida recorrer el arbol: 0.021863
Valor de la funcion objetivo: 2
x3_7 = 1
x5_7 = 1
x15_7 = 1
x24_7 = 1
x31_7 = 1
x37_7 = 1
x40_7 = 1
x41_7 = 1
x50_7 = 1
x6_12 = 1
x10_12 = 1
x12_12 = 1
x14_12 = 1
x20_12 = 1
x26_12 = 1
x27_12 = 1
x28_12 = 1
x29_12 = 1
x45_12 = 1
x48_12 = 1
w7 = 1
w12 = 1
