Tiempo de corrida total: 0.308922
Tiempo de corrida recorrer el arbol: 0.116068
Valor de la funcion objetivo: 2
x1_1 = 1
x6_1 = 1
x10_1 = 1
x12_1 = 1
x13_1 = 1
x18_1 = 1
x29_1 = 1
x36_1 = 1
x40_1 = 1
x16_7 = 1
x25_7 = 1
x26_7 = 1
x27_7 = 1
x32_7 = 1
x37_7 = 1
w1 = 1
w7 = 1
