Tiempo de corrida total: 1.76265
Tiempo de corrida recorrer el arbol: 1.75404
Valor de la funcion objetivo: 2
x1_9 = 1
x5_9 = 1
x9_9 = 1
x21_9 = 1
x25_9 = 1
x29_9 = 1
x11_15 = 1
x12_15 = 1
x13_15 = 1
x16_15 = 1
x18_15 = 1
x20_15 = 1
x36_15 = 1
x45_15 = 1
x48_15 = 1
w9 = 1
w15 = 1
