Tiempo de corrida total: 1.32028
Tiempo de corrida recorrer el arbol: 1.20895
Valor de la funcion objetivo: 2
x3_2 = 1
x21_2 = 1
x27_2 = 1
x16_5 = 1
x30_5 = 1
w2 = 1
w5 = 1
