Tiempo de corrida total: 0.0758469
Tiempo de corrida recorrer el arbol: 0.00981188
Valor de la funcion objetivo: 1
x1_1 = 1
x3_1 = 1
x8_1 = 1
x11_1 = 1
x37_1 = 1
w1 = 1
