Tiempo de corrida total: 0.933875
Tiempo de corrida recorrer el arbol: 0.929933
Valor de la funcion objetivo: 2
x1_1 = 1
x2_1 = 1
x4_1 = 1
x5_1 = 1
x6_1 = 1
x14_1 = 1
x23_1 = 1
x7_2 = 1
x10_2 = 1
x37_2 = 1
w1 = 1
w2 = 1
