Tiempo de corrida total: 3.11857
Tiempo de corrida recorrer el arbol: 2.97764
Valor de la funcion objetivo: 3
x4_1 = 1
x16_1 = 1
x19_1 = 1
x29_1 = 1
x1_4 = 1
x18_4 = 1
x6_10 = 1
x8_10 = 1
x10_10 = 1
x12_10 = 1
w1 = 1
w4 = 1
w10 = 1
