Tiempo de corrida total: 0.595359
Tiempo de corrida recorrer el arbol: 0.0687821
Valor de la funcion objetivo: 3
x4_1 = 1
x6_1 = 1
x13_1 = 1
x17_1 = 1
x23_1 = 1
x26_1 = 1
x3_4 = 1
x5_4 = 1
x14_4 = 1
x16_4 = 1
x18_4 = 1
x19_4 = 1
x21_4 = 1
x24_4 = 1
x30_4 = 1
x9_17 = 1
x10_17 = 1
x12_17 = 1
x25_17 = 1
x27_17 = 1
w1 = 1
w4 = 1
w17 = 1
