Tiempo de corrida total: 0.239356
Tiempo de corrida recorrer el arbol: 0.066992
Valor de la funcion objetivo: 2
x17_2 = 1
x18_2 = 1
x30_2 = 1
x6_3 = 1
x21_3 = 1
w2 = 1
w3 = 1
