Tiempo de corrida total: 0.837458
Tiempo de corrida recorrer el arbol: 0.0991991
Valor de la funcion objetivo: 2
x12_6 = 1
x17_6 = 1
x18_6 = 1
x20_6 = 1
x24_6 = 1
x41_6 = 1
x47_6 = 1
x48_6 = 1
x2_14 = 1
x14_14 = 1
x29_14 = 1
x31_14 = 1
x35_14 = 1
x40_14 = 1
x44_14 = 1
w6 = 1
w14 = 1
