Tiempo de corrida total: 0.00976706
Tiempo de corrida recorrer el arbol: 0.00482893
Valor de la funcion objetivo: 1
x5_10 = 1
x12_10 = 1
x13_10 = 1
x16_10 = 1
x18_10 = 1
x20_10 = 1
x24_10 = 1
x27_10 = 1
x29_10 = 1
x30_10 = 1
w10 = 1
