Tiempo de corrida total: 0.143232
Tiempo de corrida recorrer el arbol: 0.117705
Valor de la funcion objetivo: 2
x10_3 = 1
x13_3 = 1
x16_3 = 1
x17_3 = 1
x19_3 = 1
x24_3 = 1
x11_7 = 1
x12_7 = 1
x25_7 = 1
x30_7 = 1
w3 = 1
w7 = 1
