Tiempo de corrida total: 0.672526
Tiempo de corrida recorrer el arbol: 0.208871
Valor de la funcion objetivo: 2
x10_4 = 1
x18_4 = 1
x30_4 = 1
x32_4 = 1
x2_10 = 1
x4_10 = 1
x20_10 = 1
x23_10 = 1
x36_10 = 1
x38_10 = 1
w4 = 1
w10 = 1
