Tiempo de corrida total: 0.464444
Tiempo de corrida recorrer el arbol: 0.455185
Valor de la funcion objetivo: 2
x1_1 = 1
x2_1 = 1
x3_1 = 1
x8_1 = 1
x10_1 = 1
x11_1 = 1
x13_1 = 1
x15_1 = 1
x16_1 = 1
x18_1 = 1
x24_1 = 1
x30_1 = 1
x5_2 = 1
x6_2 = 1
x7_2 = 1
x9_2 = 1
x12_2 = 1
x19_2 = 1
x26_2 = 1
x28_2 = 1
w1 = 1
w2 = 1
