Tiempo de corrida total: 8.39426
Tiempo de corrida recorrer el arbol: 5.51903
Valor de la funcion objetivo: 2
x7_17 = 1
x8_17 = 1
x20_17 = 1
x21_17 = 1
x24_17 = 1
x27_17 = 1
x28_17 = 1
x30_17 = 1
x31_17 = 1
x42_17 = 1
x4_20 = 1
x14_20 = 1
x15_20 = 1
x16_20 = 1
x26_20 = 1
x37_20 = 1
x46_20 = 1
x48_20 = 1
x49_20 = 1
x50_20 = 1
w17 = 1
w20 = 1
