Tiempo de corrida total: 8.55338
Tiempo de corrida recorrer el arbol: 7.03872
Valor de la funcion objetivo: 3
x4_2 = 1
x12_2 = 1
x31_2 = 1
x33_2 = 1
x7_3 = 1
x22_3 = 1
x32_3 = 1
x13_10 = 1
x29_10 = 1
x39_10 = 1
w2 = 1
w3 = 1
w10 = 1
