Tiempo de corrida total: 0.299381
Tiempo de corrida recorrer el arbol: 0.0888751
Valor de la funcion objetivo: 5
x4_3 = 1
x16_3 = 1
x3_5 = 1
x14_5 = 1
x19_5 = 1
x23_6 = 1
x27_6 = 1
x2_9 = 1
x21_9 = 1
x18_10 = 1
w3 = 1
w5 = 1
w6 = 1
w9 = 1
w10 = 1
