Tiempo de corrida total: 0.0469949
Tiempo de corrida recorrer el arbol: 0.00652885
Valor de la funcion objetivo: 2
x2_3 = 1
x5_3 = 1
x7_3 = 1
x18_3 = 1
x19_3 = 1
x3_10 = 1
x4_10 = 1
x9_10 = 1
x10_10 = 1
x12_10 = 1
x13_10 = 1
x16_10 = 1
x23_10 = 1
x26_10 = 1
x28_10 = 1
w3 = 1
w10 = 1
