Tiempo de corrida total: 3.90797
Tiempo de corrida recorrer el arbol: 1.62355
Valor de la funcion objetivo: 3
x23_1 = 1
x32_1 = 1
x34_1 = 1
x36_1 = 1
x37_1 = 1
x3_5 = 1
x19_5 = 1
x20_5 = 1
x26_5 = 1
x31_5 = 1
x5_10 = 1
x8_10 = 1
x27_10 = 1
x30_10 = 1
x38_10 = 1
w1 = 1
w5 = 1
w10 = 1
