Tiempo de corrida total: 1.12727
Tiempo de corrida recorrer el arbol: 1.06049
Valor de la funcion objetivo: 2
x2_6 = 1
x4_15 = 1
x11_15 = 1
x12_15 = 1
x18_15 = 1
x20_15 = 1
x22_15 = 1
x24_15 = 1
x26_15 = 1
x27_15 = 1
x28_15 = 1
x30_15 = 1
x33_15 = 1
x34_15 = 1
x40_15 = 1
w6 = 1
w15 = 1
