Tiempo de corrida total: 0.509973
Tiempo de corrida recorrer el arbol: 0.45222
Valor de la funcion objetivo: 2
x11_14 = 1
x17_14 = 1
x28_14 = 1
x34_14 = 1
x42_14 = 1
x44_14 = 1
x48_14 = 1
x49_14 = 1
x9_15 = 1
x14_15 = 1
x16_15 = 1
x18_15 = 1
x27_15 = 1
x36_15 = 1
x46_15 = 1
w14 = 1
w15 = 1
