Tiempo de corrida total: 0.022032
Tiempo de corrida recorrer el arbol: 0.00506401
Valor de la funcion objetivo: 1
x18_5 = 1
x30_5 = 1
x33_5 = 1
x35_5 = 1
x37_5 = 1
w5 = 1
