Tiempo de corrida total: 3.97344
Tiempo de corrida recorrer el arbol: 3.33916
Valor de la funcion objetivo: 3
x1_3 = 1
x10_3 = 1
x13_3 = 1
x21_3 = 1
x5_4 = 1
x14_4 = 1
x38_4 = 1
x19_5 = 1
x29_5 = 1
x31_5 = 1
w3 = 1
w4 = 1
w5 = 1
