Tiempo de corrida total: 0.0431449
Tiempo de corrida recorrer el arbol: 0.0198219
Valor de la funcion objetivo: 1
x2_4 = 1
x3_4 = 1
x8_4 = 1
x10_4 = 1
x13_4 = 1
w4 = 1
