Tiempo de corrida total: 0.339528
Tiempo de corrida recorrer el arbol: 0.270797
Valor de la funcion objetivo: 3
x2_1 = 1
x10_1 = 1
x15_3 = 1
x21_3 = 1
x1_5 = 1
w1 = 1
w3 = 1
w5 = 1
