Tiempo de corrida total: 0.0136371
Tiempo de corrida recorrer el arbol: 0.011415
Valor de la funcion objetivo: 1
x5_1 = 1
x6_1 = 1
x10_1 = 1
x12_1 = 1
x18_1 = 1
w1 = 1
