Tiempo de corrida total: 0.204822
Tiempo de corrida recorrer el arbol: 0.20201
Valor de la funcion objetivo: 2
x1_1 = 1
x2_1 = 1
x4_1 = 1
x6_1 = 1
x11_1 = 1
x13_1 = 1
x15_1 = 1
x27_1 = 1
x10_2 = 1
x16_2 = 1
w1 = 1
w2 = 1
