Tiempo de corrida total: 0.587643
Tiempo de corrida recorrer el arbol: 0.476993
Valor de la funcion objetivo: 2
x1_2 = 1
x3_2 = 1
x12_4 = 1
x24_4 = 1
x39_4 = 1
w2 = 1
w4 = 1
