Tiempo de corrida total: 0.626885
Tiempo de corrida recorrer el arbol: 0.595471
Valor de la funcion objetivo: 3
x5_3 = 1
x15_3 = 1
x27_3 = 1
x3_6 = 1
x11_6 = 1
x12_6 = 1
x25_6 = 1
x6_10 = 1
x8_10 = 1
x30_10 = 1
w3 = 1
w6 = 1
w10 = 1
