Tiempo de corrida total: 1.12067
Tiempo de corrida recorrer el arbol: 0.912058
Valor de la funcion objetivo: 1
x12_5 = 1
x14_5 = 1
x22_5 = 1
x27_5 = 1
x29_5 = 1
x35_5 = 1
x42_5 = 1
x47_5 = 1
x49_5 = 1
x50_5 = 1
w5 = 1
