Tiempo de corrida total: 5.90236
Tiempo de corrida recorrer el arbol: 5.54604
Valor de la funcion objetivo: 5
x9_1 = 1
x24_1 = 1
x25_1 = 1
x1_4 = 1
x17_4 = 1
x30_4 = 1
x5_5 = 1
x16_5 = 1
x22_5 = 1
x3_9 = 1
x12_9 = 1
x23_9 = 1
x13_11 = 1
x26_11 = 1
x27_11 = 1
w1 = 1
w4 = 1
w5 = 1
w9 = 1
w11 = 1
