Tiempo de corrida total: 2.72086
Tiempo de corrida recorrer el arbol: 0.740331
Valor de la funcion objetivo: 2
x3_10 = 1
x4_10 = 1
x14_10 = 1
x15_10 = 1
x20_10 = 1
x22_10 = 1
x26_10 = 1
x33_10 = 1
x34_10 = 1
x9_14 = 1
x16_14 = 1
x17_14 = 1
x23_14 = 1
x46_14 = 1
x48_14 = 1
w10 = 1
w14 = 1
