Tiempo de corrida total: 1.71932
Tiempo de corrida recorrer el arbol: 1.70934
Valor de la funcion objetivo: 2
x3_1 = 1
x5_1 = 1
x33_1 = 1
x38_1 = 1
x43_1 = 1
x4_2 = 1
x16_2 = 1
x22_2 = 1
x29_2 = 1
x39_2 = 1
w1 = 1
w2 = 1
