Tiempo de corrida total: 0.25216
Tiempo de corrida recorrer el arbol: 0.049036
Valor de la funcion objetivo: 2
x1_4 = 1
x9_4 = 1
x11_4 = 1
x16_4 = 1
x32_4 = 1
x33_4 = 1
x40_4 = 1
x3_12 = 1
x5_12 = 1
x8_12 = 1
x12_12 = 1
x13_12 = 1
x15_12 = 1
x18_12 = 1
x26_12 = 1
x29_12 = 1
x31_12 = 1
x34_12 = 1
x36_12 = 1
x37_12 = 1
w4 = 1
w12 = 1
