Tiempo de corrida total: 0.01722
Tiempo de corrida recorrer el arbol: 0.013633
Valor de la funcion objetivo: 1
x1_1 = 1
x2_1 = 1
x3_1 = 1
x5_1 = 1
x35_1 = 1
w1 = 1
