Tiempo de corrida total: 0.0640528
Tiempo de corrida recorrer el arbol: 0.015394
Valor de la funcion objetivo: 2
x9_1 = 1
x11_1 = 1
x13_1 = 1
x15_1 = 1
x16_1 = 1
x20_1 = 1
x23_1 = 1
x27_1 = 1
x4_8 = 1
x8_8 = 1
x12_8 = 1
x17_8 = 1
x22_8 = 1
x28_8 = 1
x29_8 = 1
w1 = 1
w8 = 1
