Tiempo de corrida total: 0.0589111
Tiempo de corrida recorrer el arbol: 0.0419018
Valor de la funcion objetivo: 1
x6_13 = 1
x9_13 = 1
x10_13 = 1
x11_13 = 1
x12_13 = 1
x13_13 = 1
x14_13 = 1
x18_13 = 1
x28_13 = 1
x29_13 = 1
x32_13 = 1
x34_13 = 1
x36_13 = 1
x37_13 = 1
x38_13 = 1
w13 = 1
