Tiempo de corrida total: 0.257282
Tiempo de corrida recorrer el arbol: 0.0471141
Valor de la funcion objetivo: 2
x2_4 = 1
x8_4 = 1
x14_4 = 1
x16_4 = 1
x18_4 = 1
x24_4 = 1
x29_4 = 1
x30_4 = 1
x32_4 = 1
x37_4 = 1
x38_4 = 1
x1_11 = 1
x3_11 = 1
x34_11 = 1
x36_11 = 1
w4 = 1
w11 = 1
