Tiempo de corrida total: 0.176596
Tiempo de corrida recorrer el arbol: 0.0771961
Valor de la funcion objetivo: 1
x5_3 = 1
x6_3 = 1
x8_3 = 1
x11_3 = 1
x17_3 = 1
x22_3 = 1
x29_3 = 1
x35_3 = 1
x37_3 = 1
x44_3 = 1
w3 = 1
