Tiempo de corrida total: 0.178247
Tiempo de corrida recorrer el arbol: 0.0763941
Valor de la funcion objetivo: 1
x4_1 = 1
x18_1 = 1
x20_1 = 1
x21_1 = 1
x25_1 = 1
w1 = 1
