Tiempo de corrida total: 1.43835
Tiempo de corrida recorrer el arbol: 0.930666
Valor de la funcion objetivo: 4
x5_2 = 1
x12_2 = 1
x11_5 = 1
x25_5 = 1
x2_7 = 1
x17_7 = 1
x30_7 = 1
x9_10 = 1
x10_10 = 1
x29_10 = 1
w2 = 1
w5 = 1
w7 = 1
w10 = 1
