Tiempo de corrida total: 1.31791
Tiempo de corrida recorrer el arbol: 1.30158
Valor de la funcion objetivo: 2
x2_3 = 1
x24_3 = 1
x28_3 = 1
x32_3 = 1
x38_3 = 1
x4_6 = 1
x17_6 = 1
x23_6 = 1
x36_6 = 1
x40_6 = 1
w3 = 1
w6 = 1
