Tiempo de corrida total: 1.26593
Tiempo de corrida recorrer el arbol: 1.25153
Valor de la funcion objetivo: 3
x17_1 = 1
x30_1 = 1
x29_4 = 1
x3_5 = 1
x18_5 = 1
w1 = 1
w4 = 1
w5 = 1
