Tiempo de corrida total: 3.01935
Tiempo de corrida recorrer el arbol: 0.41433
Valor de la funcion objetivo: 2
x4_3 = 1
x25_3 = 1
x30_3 = 1
x36_3 = 1
x49_3 = 1
x9_8 = 1
x11_8 = 1
x21_8 = 1
x40_8 = 1
x50_8 = 1
w3 = 1
w8 = 1
