Tiempo de corrida total: 0.630238
Tiempo de corrida recorrer el arbol: 0.598291
Valor de la funcion objetivo: 2
x11_4 = 1
x14_4 = 1
x24_4 = 1
x29_4 = 1
x38_4 = 1
x6_8 = 1
x17_8 = 1
x18_8 = 1
x34_8 = 1
x37_8 = 1
w4 = 1
w8 = 1
