Tiempo de corrida total: 0.0241568
Tiempo de corrida recorrer el arbol: 0.00458097
Valor de la funcion objetivo: 1
x2_1 = 1
x3_1 = 1
x9_1 = 1
x23_1 = 1
x30_1 = 1
w1 = 1
