Tiempo de corrida total: 0.072957
Tiempo de corrida recorrer el arbol: 0.021318
Valor de la funcion objetivo: 1
x2_2 = 1
x12_2 = 1
x14_2 = 1
x18_2 = 1
x22_2 = 1
w2 = 1
