Tiempo de corrida total: 0.26465
Tiempo de corrida recorrer el arbol: 0.031606
Valor de la funcion objetivo: 2
x32_4 = 1
x33_4 = 1
x2_5 = 1
x17_5 = 1
x22_5 = 1
w4 = 1
w5 = 1
