Tiempo de corrida total: 7.63605
Tiempo de corrida recorrer el arbol: 7.18845
Valor de la funcion objetivo: 4
x26_4 = 1
x30_4 = 1
x31_4 = 1
x24_5 = 1
x38_5 = 1
x20_6 = 1
x36_6 = 1
x3_8 = 1
x23_8 = 1
x34_8 = 1
w4 = 1
w5 = 1
w6 = 1
w8 = 1
