Tiempo de corrida total: 0.0314131
Tiempo de corrida recorrer el arbol: 0.00837398
Valor de la funcion objetivo: 1
x1_6 = 1
x2_6 = 1
x5_6 = 1
x7_6 = 1
x10_6 = 1
x12_6 = 1
x17_6 = 1
x18_6 = 1
x27_6 = 1
x30_6 = 1
w6 = 1
