Tiempo de corrida total: 0.475612
Tiempo de corrida recorrer el arbol: 0.445626
Valor de la funcion objetivo: 3
x3_10 = 1
x5_10 = 1
x7_10 = 1
x11_10 = 1
x14_10 = 1
x16_10 = 1
x1_13 = 1
x10_13 = 1
x12_13 = 1
x20_13 = 1
x4_15 = 1
x9_15 = 1
x18_15 = 1
x23_15 = 1
x29_15 = 1
w10 = 1
w13 = 1
w15 = 1
