Tiempo de corrida total: 0.887003
Tiempo de corrida recorrer el arbol: 0.865291
Valor de la funcion objetivo: 2
x5_4 = 1
x24_4 = 1
x35_4 = 1
x11_5 = 1
x25_5 = 1
w4 = 1
w5 = 1
