Tiempo de corrida total: 0.52696
Tiempo de corrida recorrer el arbol: 0.515439
Valor de la funcion objetivo: 2
x4_4 = 1
x11_4 = 1
x36_4 = 1
x33_5 = 1
x37_5 = 1
w4 = 1
w5 = 1
