Tiempo de corrida total: 0.988938
Tiempo de corrida recorrer el arbol: 0.790679
Valor de la funcion objetivo: 2
x20_14 = 1
x26_14 = 1
x27_14 = 1
x29_14 = 1
x40_14 = 1
x2_15 = 1
x3_15 = 1
x4_15 = 1
x11_15 = 1
x12_15 = 1
x14_15 = 1
x16_15 = 1
x32_15 = 1
x37_15 = 1
x38_15 = 1
w14 = 1
w15 = 1
