Tiempo de corrida total: 0.074116
Tiempo de corrida recorrer el arbol: 0.0528688
Valor de la funcion objetivo: 1
x4_1 = 1
x6_1 = 1
x12_1 = 1
x13_1 = 1
x24_1 = 1
w1 = 1
