Tiempo de corrida total: 1.11162
Tiempo de corrida recorrer el arbol: 1.10433
Valor de la funcion objetivo: 1
x1_10 = 1
x2_10 = 1
x14_10 = 1
x16_10 = 1
x21_10 = 1
x26_10 = 1
x32_10 = 1
x36_10 = 1
x46_10 = 1
x47_10 = 1
w10 = 1
