Tiempo de corrida total: 2.25643
Tiempo de corrida recorrer el arbol: 2.22425
Valor de la funcion objetivo: 3
x1_5 = 1
x2_5 = 1
x4_5 = 1
x8_5 = 1
x14_5 = 1
x18_5 = 1
x19_5 = 1
x20_5 = 1
x22_5 = 1
x23_5 = 1
x28_5 = 1
x30_5 = 1
x10_16 = 1
x17_16 = 1
x29_16 = 1
x16_17 = 1
x21_17 = 1
x24_17 = 1
x26_17 = 1
x27_17 = 1
w5 = 1
w16 = 1
w17 = 1
