Tiempo de corrida total: 0.219035
Tiempo de corrida recorrer el arbol: 0.0320652
Valor de la funcion objetivo: 1
x11_4 = 1
x15_4 = 1
x38_4 = 1
x40_4 = 1
x46_4 = 1
w4 = 1
