Tiempo de corrida total: 0.0246131
Tiempo de corrida recorrer el arbol: 0.0107749
Valor de la funcion objetivo: 1
x4_3 = 1
x9_3 = 1
x12_3 = 1
x13_3 = 1
x14_3 = 1
x19_3 = 1
x26_3 = 1
x29_3 = 1
x32_3 = 1
x37_3 = 1
w3 = 1
