Tiempo de corrida total: 0.19169
Tiempo de corrida recorrer el arbol: 0.034234
Valor de la funcion objetivo: 2
x5_5 = 1
x12_5 = 1
x27_5 = 1
x32_5 = 1
x33_5 = 1
x37_5 = 1
x40_5 = 1
x41_5 = 1
x43_5 = 1
x4_10 = 1
x9_10 = 1
x11_10 = 1
x16_10 = 1
x20_10 = 1
x22_10 = 1
x25_10 = 1
x28_10 = 1
x29_10 = 1
x47_10 = 1
x48_10 = 1
w5 = 1
w10 = 1
