Tiempo de corrida total: 0.104715
Tiempo de corrida recorrer el arbol: 0.08148
Valor de la funcion objetivo: 1
x6_4 = 1
x8_4 = 1
x13_4 = 1
x33_4 = 1
x34_4 = 1
x36_4 = 1
x37_4 = 1
x38_4 = 1
x42_4 = 1
x43_4 = 1
w4 = 1
