Tiempo de corrida total: 0.370639
Tiempo de corrida recorrer el arbol: 0.131773
Valor de la funcion objetivo: 1
x7_2 = 1
x14_2 = 1
x28_2 = 1
x35_2 = 1
x36_2 = 1
w2 = 1
