Tiempo de corrida total: 0.516282
Tiempo de corrida recorrer el arbol: 0.343203
Valor de la funcion objetivo: 2
x11_3 = 1
x18_3 = 1
x31_3 = 1
x3_4 = 1
x25_4 = 1
w3 = 1
w4 = 1
