Tiempo de corrida total: 0.163767
Tiempo de corrida recorrer el arbol: 0.143409
Valor de la funcion objetivo: 2
x3_7 = 1
x20_7 = 1
x21_7 = 1
x29_7 = 1
x4_15 = 1
x7_15 = 1
x9_15 = 1
x10_15 = 1
x16_15 = 1
x22_15 = 1
x23_15 = 1
x24_15 = 1
x25_15 = 1
x27_15 = 1
x28_15 = 1
w7 = 1
w15 = 1
