Tiempo de corrida total: 0.0955071
Tiempo de corrida recorrer el arbol: 0.0416491
Valor de la funcion objetivo: 1
x19_3 = 1
x24_3 = 1
x32_3 = 1
x38_3 = 1
x40_3 = 1
w3 = 1
