Tiempo de corrida total: 1.61988
Tiempo de corrida recorrer el arbol: 0.423358
Valor de la funcion objetivo: 2
x20_2 = 1
x28_2 = 1
x29_2 = 1
x31_2 = 1
x43_2 = 1
x45_2 = 1
x14_3 = 1
x24_3 = 1
x38_3 = 1
x44_3 = 1
w2 = 1
w3 = 1
