Tiempo de corrida total: 0.22795
Tiempo de corrida recorrer el arbol: 0.090611
Valor de la funcion objetivo: 3
x1_2 = 1
x9_2 = 1
x19_2 = 1
x21_2 = 1
x24_2 = 1
x25_2 = 1
x3_16 = 1
x5_16 = 1
x14_16 = 1
x18_16 = 1
x20_16 = 1
x27_16 = 1
x29_16 = 1
x4_20 = 1
x6_20 = 1
x10_20 = 1
x13_20 = 1
x16_20 = 1
x23_20 = 1
x26_20 = 1
w2 = 1
w16 = 1
w20 = 1
