Tiempo de corrida total: 0.410612
Tiempo de corrida recorrer el arbol: 0.382344
Valor de la funcion objetivo: 1
x1_1 = 1
x7_1 = 1
x12_1 = 1
x16_1 = 1
x20_1 = 1
x22_1 = 1
x26_1 = 1
x27_1 = 1
x29_1 = 1
x36_1 = 1
x43_1 = 1
x47_1 = 1
x48_1 = 1
x49_1 = 1
x50_1 = 1
w1 = 1
