Tiempo de corrida total: 0.0265782
Tiempo de corrida recorrer el arbol: 0.010329
Valor de la funcion objetivo: 1
x6_4 = 1
x29_4 = 1
x37_4 = 1
x46_4 = 1
x49_4 = 1
w4 = 1
