Tiempo de corrida total: 2.16682
Tiempo de corrida recorrer el arbol: 2.12656
Valor de la funcion objetivo: 3
x12_3 = 1
x20_3 = 1
x38_3 = 1
x9_4 = 1
x13_4 = 1
x32_4 = 1
x39_4 = 1
x6_9 = 1
x24_9 = 1
x25_9 = 1
w3 = 1
w4 = 1
w9 = 1
