Tiempo de corrida total: 1.72836
Tiempo de corrida recorrer el arbol: 1.60986
Valor de la funcion objetivo: 2
x7_8 = 1
x10_8 = 1
x12_8 = 1
x13_8 = 1
x14_8 = 1
x16_8 = 1
x18_8 = 1
x20_8 = 1
x22_8 = 1
x23_8 = 1
x37_8 = 1
x39_8 = 1
x40_8 = 1
x4_10 = 1
x15_10 = 1
w8 = 1
w10 = 1
