Tiempo de corrida total: 0.18282
Tiempo de corrida recorrer el arbol: 0.0248129
Valor de la funcion objetivo: 1
x2_2 = 1
x11_2 = 1
x20_2 = 1
x21_2 = 1
x38_2 = 1
w2 = 1
