Tiempo de corrida total: 1.80404
Tiempo de corrida recorrer el arbol: 1.38164
Valor de la funcion objetivo: 2
x3_1 = 1
x34_1 = 1
x1_10 = 1
x2_10 = 1
x4_10 = 1
x5_10 = 1
x6_10 = 1
x14_10 = 1
x19_10 = 1
x20_10 = 1
w1 = 1
w10 = 1
