Tiempo de corrida total: 0.128272
Tiempo de corrida recorrer el arbol: 0.123876
Valor de la funcion objetivo: 2
x1_1 = 1
x2_1 = 1
x3_1 = 1
x4_1 = 1
x7_1 = 1
x8_1 = 1
x13_1 = 1
x14_1 = 1
x22_1 = 1
x23_1 = 1
x27_1 = 1
x9_2 = 1
x12_2 = 1
x20_2 = 1
x29_2 = 1
w1 = 1
w2 = 1
