Tiempo de corrida total: 0.190108
Tiempo de corrida recorrer el arbol: 0.121362
Valor de la funcion objetivo: 3
x18_1 = 1
x22_1 = 1
x27_4 = 1
x29_4 = 1
x6_5 = 1
w1 = 1
w4 = 1
w5 = 1
