Tiempo de corrida total: 0.0178139
Tiempo de corrida recorrer el arbol: 0.011838
Valor de la funcion objetivo: 1
x1_3 = 1
x2_3 = 1
x9_3 = 1
x11_3 = 1
x16_3 = 1
w3 = 1
