Tiempo de corrida total: 0.925574
Tiempo de corrida recorrer el arbol: 0.889738
Valor de la funcion objetivo: 2
x1_7 = 1
x4_7 = 1
x12_7 = 1
x16_7 = 1
x26_7 = 1
x29_7 = 1
x37_7 = 1
x40_7 = 1
x3_20 = 1
x10_20 = 1
x18_20 = 1
x20_20 = 1
x24_20 = 1
x25_20 = 1
x28_20 = 1
x33_20 = 1
x34_20 = 1
x35_20 = 1
x36_20 = 1
x39_20 = 1
w7 = 1
w20 = 1
