Tiempo de corrida total: 4.94125
Tiempo de corrida recorrer el arbol: 4.89649
Valor de la funcion objetivo: 3
x1_2 = 1
x2_2 = 1
x3_2 = 1
x16_2 = 1
x17_2 = 1
x26_2 = 1
x28_2 = 1
x29_2 = 1
x5_6 = 1
x14_6 = 1
x18_6 = 1
x19_6 = 1
x30_6 = 1
x4_20 = 1
x6_20 = 1
x9_20 = 1
x12_20 = 1
x20_20 = 1
x23_20 = 1
x27_20 = 1
w2 = 1
w6 = 1
w20 = 1
