Tiempo de corrida total: 3.43754
Tiempo de corrida recorrer el arbol: 3.41892
Valor de la funcion objetivo: 2
x1_4 = 1
x5_4 = 1
x11_4 = 1
x27_4 = 1
x29_4 = 1
x7_7 = 1
x18_7 = 1
x25_7 = 1
x28_7 = 1
x45_7 = 1
w4 = 1
w7 = 1
