Tiempo de corrida total: 0.351183
Tiempo de corrida recorrer el arbol: 0.307491
Valor de la funcion objetivo: 2
x16_2 = 1
x32_2 = 1
x13_4 = 1
x17_4 = 1
x23_4 = 1
w2 = 1
w4 = 1
