Tiempo de corrida total: 1.78533
Tiempo de corrida recorrer el arbol: 1.74603
Valor de la funcion objetivo: 2
x1_5 = 1
x4_5 = 1
x5_5 = 1
x25_5 = 1
x29_5 = 1
x36_5 = 1
x3_9 = 1
x15_9 = 1
x16_9 = 1
x17_9 = 1
x18_9 = 1
x19_9 = 1
x20_9 = 1
x28_9 = 1
x39_9 = 1
w5 = 1
w9 = 1
