Tiempo de corrida total: 1.03526
Tiempo de corrida recorrer el arbol: 1.02306
Valor de la funcion objetivo: 2
x3_1 = 1
x5_1 = 1
x9_1 = 1
x10_1 = 1
x12_1 = 1
x15_1 = 1
x16_1 = 1
x17_1 = 1
x18_1 = 1
x20_1 = 1
x22_1 = 1
x24_1 = 1
x25_1 = 1
x27_1 = 1
x28_18 = 1
x29_18 = 1
x33_18 = 1
x34_18 = 1
x37_18 = 1
x40_18 = 1
w1 = 1
w18 = 1
