Tiempo de corrida total: 0.275008
Tiempo de corrida recorrer el arbol: 0.0761099
Valor de la funcion objetivo: 1
x9_1 = 1
x13_1 = 1
x17_1 = 1
x24_1 = 1
x25_1 = 1
w1 = 1
