Tiempo de corrida total: 7.94189
Tiempo de corrida recorrer el arbol: 7.77833
Valor de la funcion objetivo: 3
x21_4 = 1
x30_4 = 1
x32_4 = 1
x33_4 = 1
x41_4 = 1
x44_4 = 1
x5_13 = 1
x7_13 = 1
x18_13 = 1
x20_13 = 1
x45_13 = 1
x47_13 = 1
x49_13 = 1
x1_16 = 1
x3_16 = 1
x4_16 = 1
x19_16 = 1
x37_16 = 1
x38_16 = 1
x42_16 = 1
w4 = 1
w13 = 1
w16 = 1
