Tiempo de corrida total: 0.280575
Tiempo de corrida recorrer el arbol: 0.140418
Valor de la funcion objetivo: 2
x1_7 = 1
x11_7 = 1
x24_7 = 1
x27_7 = 1
x28_7 = 1
x2_8 = 1
x9_8 = 1
x10_8 = 1
x17_8 = 1
x25_8 = 1
w7 = 1
w8 = 1
