Tiempo de corrida total: 0.129911
Tiempo de corrida recorrer el arbol: 0.023072
Valor de la funcion objetivo: 2
x8_4 = 1
x14_4 = 1
x17_4 = 1
x18_4 = 1
x23_4 = 1
x25_4 = 1
x27_4 = 1
x29_4 = 1
x30_4 = 1
x1_16 = 1
x3_16 = 1
x4_16 = 1
x5_16 = 1
x10_16 = 1
x12_16 = 1
x13_16 = 1
x15_16 = 1
x19_16 = 1
x20_16 = 1
x26_16 = 1
w4 = 1
w16 = 1
