Tiempo de corrida total: 0.861998
Tiempo de corrida recorrer el arbol: 0.839189
Valor de la funcion objetivo: 2
x6_4 = 1
x10_4 = 1
x12_4 = 1
x26_4 = 1
x27_4 = 1
x4_9 = 1
x5_9 = 1
x15_9 = 1
x16_9 = 1
x20_9 = 1
x34_9 = 1
x36_9 = 1
x37_9 = 1
x38_9 = 1
x40_9 = 1
w4 = 1
w9 = 1
