Tiempo de corrida total: 2.88065
Tiempo de corrida recorrer el arbol: 2.33486
Valor de la funcion objetivo: 4
x9_1 = 1
x36_1 = 1
x5_2 = 1
x23_2 = 1
x31_2 = 1
x15_3 = 1
x21_3 = 1
x37_3 = 1
x7_7 = 1
x18_7 = 1
w1 = 1
w2 = 1
w3 = 1
w7 = 1
