Tiempo de corrida total: 0.0272501
Tiempo de corrida recorrer el arbol: 0.0136509
Valor de la funcion objetivo: 1
x1_3 = 1
x3_3 = 1
x17_3 = 1
x24_3 = 1
x29_3 = 1
w3 = 1
