Tiempo de corrida total: 0.150681
Tiempo de corrida recorrer el arbol: 0.065753
Valor de la funcion objetivo: 1
x4_3 = 1
x5_3 = 1
x15_3 = 1
x24_3 = 1
x25_3 = 1
w3 = 1
