Tiempo de corrida total: 0.224838
Tiempo de corrida recorrer el arbol: 0.099859
Valor de la funcion objetivo: 2
x6_5 = 1
x15_5 = 1
x18_5 = 1
x22_5 = 1
x23_5 = 1
x29_5 = 1
x30_5 = 1
x5_14 = 1
x7_14 = 1
x17_14 = 1
x19_14 = 1
x20_14 = 1
x24_14 = 1
x26_14 = 1
x28_14 = 1
w5 = 1
w14 = 1
