Tiempo de corrida total: 0.0271049
Tiempo de corrida recorrer el arbol: 0.0240161
Valor de la funcion objetivo: 1
x1_1 = 1
x3_1 = 1
x6_1 = 1
x28_1 = 1
x49_1 = 1
w1 = 1
