Tiempo de corrida total: 0.172079
Tiempo de corrida recorrer el arbol: 0.168011
Valor de la funcion objetivo: 1
x7_1 = 1
x9_1 = 1
x10_1 = 1
x17_1 = 1
x23_1 = 1
x26_1 = 1
x29_1 = 1
x33_1 = 1
x35_1 = 1
x39_1 = 1
w1 = 1
