Tiempo de corrida total: 0.0642769
Tiempo de corrida recorrer el arbol: 0.0466721
Valor de la funcion objetivo: 2
x1_7 = 1
x3_7 = 1
x4_7 = 1
x5_7 = 1
x7_7 = 1
x10_7 = 1
x12_7 = 1
x19_7 = 1
x22_7 = 1
x25_7 = 1
x26_7 = 1
x11_11 = 1
x23_11 = 1
x27_11 = 1
x30_11 = 1
w7 = 1
w11 = 1
