Tiempo de corrida total: 0.0260191
Tiempo de corrida recorrer el arbol: 0.0201781
Valor de la funcion objetivo: 1
x5_2 = 1
x6_2 = 1
x7_2 = 1
x8_2 = 1
x12_2 = 1
x14_2 = 1
x15_2 = 1
x18_2 = 1
x38_2 = 1
x41_2 = 1
w2 = 1
