Tiempo de corrida total: 5.25057
Tiempo de corrida recorrer el arbol: 4.80379
Valor de la funcion objetivo: 2
x4_7 = 1
x16_7 = 1
x24_7 = 1
x27_7 = 1
x36_7 = 1
x2_10 = 1
x7_10 = 1
x34_10 = 1
x38_10 = 1
x43_10 = 1
w7 = 1
w10 = 1
