Tiempo de corrida total: 0.017421
Tiempo de corrida recorrer el arbol: 0.0152559
Valor de la funcion objetivo: 1
x6_2 = 1
x19_2 = 1
x21_2 = 1
x27_2 = 1
x29_2 = 1
x30_2 = 1
x36_2 = 1
x41_2 = 1
x44_2 = 1
x50_2 = 1
w2 = 1
