Tiempo de corrida total: 0.0724621
Tiempo de corrida recorrer el arbol: 0.029722
Valor de la funcion objetivo: 1
x1_1 = 1
x10_1 = 1
x17_1 = 1
x22_1 = 1
x37_1 = 1
w1 = 1
