Tiempo de corrida total: 0.408558
Tiempo de corrida recorrer el arbol: 0.078789
Valor de la funcion objetivo: 2
x9_3 = 1
x19_3 = 1
x30_3 = 1
x11_4 = 1
x36_4 = 1
w3 = 1
w4 = 1
