Tiempo de corrida total: 1.68583
Tiempo de corrida recorrer el arbol: 0.440436
Valor de la funcion objetivo: 4
x13_2 = 1
x35_2 = 1
x8_4 = 1
x38_4 = 1
x4_5 = 1
x7_5 = 1
x29_5 = 1
x26_9 = 1
x30_9 = 1
x31_9 = 1
w2 = 1
w4 = 1
w5 = 1
w9 = 1
