Tiempo de corrida total: 1.78201
Tiempo de corrida recorrer el arbol: 1.62053
Valor de la funcion objetivo: 2
x3_4 = 1
x10_4 = 1
x13_4 = 1
x15_4 = 1
x24_4 = 1
x35_4 = 1
x5_12 = 1
x12_12 = 1
x16_12 = 1
x18_12 = 1
x23_12 = 1
x25_12 = 1
x27_12 = 1
x30_12 = 1
x31_12 = 1
w4 = 1
w12 = 1
