Tiempo de corrida total: 0.139091
Tiempo de corrida recorrer el arbol: 0.031395
Valor de la funcion objetivo: 2
x6_11 = 1
x11_11 = 1
x14_11 = 1
x18_11 = 1
x20_11 = 1
x23_11 = 1
x24_11 = 1
x26_11 = 1
x29_11 = 1
x30_11 = 1
x2_20 = 1
x5_20 = 1
x8_20 = 1
x10_20 = 1
x13_20 = 1
x16_20 = 1
x19_20 = 1
x22_20 = 1
x25_20 = 1
x27_20 = 1
w11 = 1
w20 = 1
