Tiempo de corrida total: 2.18304
Tiempo de corrida recorrer el arbol: 2.01413
Valor de la funcion objetivo: 2
x4_1 = 1
x14_1 = 1
x28_1 = 1
x24_2 = 1
x34_2 = 1
w1 = 1
w2 = 1
