Tiempo de corrida total: 0.21438
Tiempo de corrida recorrer el arbol: 0.128744
Valor de la funcion objetivo: 1
x7_5 = 1
x9_5 = 1
x10_5 = 1
x16_5 = 1
x26_5 = 1
x27_5 = 1
x28_5 = 1
x33_5 = 1
x41_5 = 1
x45_5 = 1
w5 = 1
