Tiempo de corrida total: 0.0335438
Tiempo de corrida recorrer el arbol: 0.00688314
Valor de la funcion objetivo: 1
x2_1 = 1
x3_1 = 1
x6_1 = 1
x14_1 = 1
x23_1 = 1
w1 = 1
