Tiempo de corrida total: 3.06165
Tiempo de corrida recorrer el arbol: 2.83513
Valor de la funcion objetivo: 2
x1_3 = 1
x5_3 = 1
x8_3 = 1
x12_3 = 1
x22_3 = 1
x26_3 = 1
x36_3 = 1
x43_3 = 1
x7_8 = 1
x9_8 = 1
w3 = 1
w8 = 1
