Tiempo de corrida total: 6.38385
Tiempo de corrida recorrer el arbol: 6.37701
Valor de la funcion objetivo: 3
x9_1 = 1
x11_1 = 1
x12_1 = 1
x13_1 = 1
x16_1 = 1
x18_1 = 1
x24_1 = 1
x28_1 = 1
x3_14 = 1
x6_14 = 1
x14_14 = 1
x30_14 = 1
x4_15 = 1
x7_15 = 1
x21_15 = 1
w1 = 1
w14 = 1
w15 = 1
