Tiempo de corrida total: 0.155026
Tiempo de corrida recorrer el arbol: 0.0781021
Valor de la funcion objetivo: 1
x5_7 = 1
x14_7 = 1
x17_7 = 1
x18_7 = 1
x21_7 = 1
x25_7 = 1
x29_7 = 1
x35_7 = 1
x36_7 = 1
x39_7 = 1
w7 = 1
