Tiempo de corrida total: 3.54188
Tiempo de corrida recorrer el arbol: 3.47586
Valor de la funcion objetivo: 2
x5_2 = 1
x29_2 = 1
x35_2 = 1
x37_2 = 1
x44_2 = 1
x13_5 = 1
x14_5 = 1
x32_5 = 1
x38_5 = 1
x42_5 = 1
w2 = 1
w5 = 1
