Tiempo de corrida total: 0.170108
Tiempo de corrida recorrer el arbol: 0.04756
Valor de la funcion objetivo: 2
x7_1 = 1
x10_1 = 1
x11_1 = 1
x15_1 = 1
x16_1 = 1
x23_1 = 1
x3_5 = 1
x5_5 = 1
x8_5 = 1
x12_5 = 1
x17_5 = 1
x18_5 = 1
x19_5 = 1
x24_5 = 1
x28_5 = 1
w1 = 1
w5 = 1
