Tiempo de corrida total: 0.677652
Tiempo de corrida recorrer el arbol: 0.250329
Valor de la funcion objetivo: 5
x9_1 = 1
x26_1 = 1
x1_5 = 1
x3_5 = 1
x21_5 = 1
x5_6 = 1
x22_6 = 1
x27_7 = 1
x23_9 = 1
x30_9 = 1
w1 = 1
w5 = 1
w6 = 1
w7 = 1
w9 = 1
