Tiempo de corrida total: 3.56959
Tiempo de corrida recorrer el arbol: 3.22567
Valor de la funcion objetivo: 2
x15_5 = 1
x22_5 = 1
x29_5 = 1
x1_9 = 1
x4_9 = 1
x8_9 = 1
x10_9 = 1
x30_9 = 1
x36_9 = 1
x37_9 = 1
w5 = 1
w9 = 1
