Tiempo de corrida total: 0.113953
Tiempo de corrida recorrer el arbol: 0.086616
Valor de la funcion objetivo: 1
x5_5 = 1
x7_5 = 1
x9_5 = 1
x12_5 = 1
x42_5 = 1
w5 = 1
