Tiempo de corrida total: 0.0275578
Tiempo de corrida recorrer el arbol: 0.00426602
Valor de la funcion objetivo: 1
x1_1 = 1
x3_1 = 1
x18_1 = 1
x22_1 = 1
x24_1 = 1
w1 = 1
