Tiempo de corrida total: 0.768011
Tiempo de corrida recorrer el arbol: 0.343312
Valor de la funcion objetivo: 2
x6_1 = 1
x12_1 = 1
x26_1 = 1
x35_1 = 1
x39_1 = 1
x9_8 = 1
x25_8 = 1
x28_8 = 1
x36_8 = 1
x37_8 = 1
w1 = 1
w8 = 1
