Tiempo de corrida total: 0.210173
Tiempo de corrida recorrer el arbol: 0.200418
Valor de la funcion objetivo: 2
x4_1 = 1
x6_1 = 1
x10_1 = 1
x15_1 = 1
x18_1 = 1
x24_1 = 1
x27_1 = 1
x29_1 = 1
x34_1 = 1
x38_1 = 1
x1_14 = 1
x22_14 = 1
x26_14 = 1
x36_14 = 1
x37_14 = 1
w1 = 1
w14 = 1
