Tiempo de corrida total: 0.0525842
Tiempo de corrida recorrer el arbol: 0.0146501
Valor de la funcion objetivo: 2
x5_4 = 1
x18_4 = 1
x1_12 = 1
x2_12 = 1
x3_12 = 1
x4_12 = 1
x9_12 = 1
x11_12 = 1
x14_12 = 1
x17_12 = 1
x19_12 = 1
x20_12 = 1
x23_12 = 1
x27_12 = 1
x28_12 = 1
w4 = 1
w12 = 1
