Tiempo de corrida total: 0.26773
Tiempo de corrida recorrer el arbol: 0.163422
Valor de la funcion objetivo: 1
x3_8 = 1
x4_8 = 1
x9_8 = 1
x10_8 = 1
x14_8 = 1
x17_8 = 1
x18_8 = 1
x19_8 = 1
x22_8 = 1
x28_8 = 1
x32_8 = 1
x34_8 = 1
x36_8 = 1
x39_8 = 1
x40_8 = 1
w8 = 1
