Tiempo de corrida total: 0.117258
Tiempo de corrida recorrer el arbol: 0.045316
Valor de la funcion objetivo: 1
x10_9 = 1
x27_9 = 1
x35_9 = 1
x38_9 = 1
x40_9 = 1
x43_9 = 1
x44_9 = 1
x47_9 = 1
x49_9 = 1
x50_9 = 1
w9 = 1
