Tiempo de corrida total: 1.64222
Tiempo de corrida recorrer el arbol: 1.59401
Valor de la funcion objetivo: 2
x3_1 = 1
x25_1 = 1
x27_1 = 1
x34_1 = 1
x37_1 = 1
x1_5 = 1
x7_5 = 1
x15_5 = 1
x31_5 = 1
x35_5 = 1
w1 = 1
w5 = 1
