Tiempo de corrida total: 0.448774
Tiempo de corrida recorrer el arbol: 0.443261
Valor de la funcion objetivo: 2
x1_1 = 1
x3_1 = 1
x13_1 = 1
x6_2 = 1
x14_2 = 1
w1 = 1
w2 = 1
