Tiempo de corrida total: 0.851872
Tiempo de corrida recorrer el arbol: 0.158284
Valor de la funcion objetivo: 1
x10_8 = 1
x13_8 = 1
x16_8 = 1
x25_8 = 1
x32_8 = 1
x37_8 = 1
x38_8 = 1
x41_8 = 1
x42_8 = 1
x49_8 = 1
w8 = 1
