Tiempo de corrida total: 5.00231
Tiempo de corrida recorrer el arbol: 4.99631
Valor de la funcion objetivo: 3
x1_1 = 1
x2_1 = 1
x6_1 = 1
x10_1 = 1
x25_1 = 1
x3_2 = 1
x4_2 = 1
x15_2 = 1
x19_3 = 1
x30_3 = 1
w1 = 1
w2 = 1
w3 = 1
