Tiempo de corrida total: 0.480683
Tiempo de corrida recorrer el arbol: 0.470017
Valor de la funcion objetivo: 2
x5_3 = 1
x11_3 = 1
x18_3 = 1
x25_3 = 1
x27_3 = 1
x2_5 = 1
x9_5 = 1
x10_5 = 1
x17_5 = 1
x26_5 = 1
w3 = 1
w5 = 1
