Tiempo de corrida total: 0.0284569
Tiempo de corrida recorrer el arbol: 0.021503
Valor de la funcion objetivo: 1
x6_2 = 1
x10_2 = 1
x15_2 = 1
x16_2 = 1
x19_2 = 1
x24_2 = 1
x25_2 = 1
x30_2 = 1
x36_2 = 1
x37_2 = 1
x42_2 = 1
x44_2 = 1
x47_2 = 1
x49_2 = 1
x50_2 = 1
w2 = 1
