Tiempo de corrida total: 0.0301051
Tiempo de corrida recorrer el arbol: 0.00896883
Valor de la funcion objetivo: 1
x3_1 = 1
x4_1 = 1
x8_1 = 1
x9_1 = 1
x12_1 = 1
w1 = 1
