Tiempo de corrida total: 3.87869
Tiempo de corrida recorrer el arbol: 3.74232
Valor de la funcion objetivo: 2
x4_3 = 1
x21_3 = 1
x27_3 = 1
x33_3 = 1
x5_8 = 1
x8_8 = 1
x9_8 = 1
x29_8 = 1
x37_8 = 1
x48_8 = 1
w3 = 1
w8 = 1
