Tiempo de corrida total: 0.354408
Tiempo de corrida recorrer el arbol: 0.288566
Valor de la funcion objetivo: 2
x9_5 = 1
x19_5 = 1
x23_5 = 1
x28_5 = 1
x29_5 = 1
x34_5 = 1
x36_5 = 1
x44_5 = 1
x47_5 = 1
x48_5 = 1
x3_9 = 1
x4_9 = 1
x7_9 = 1
x18_9 = 1
x25_9 = 1
x26_9 = 1
x33_9 = 1
x35_9 = 1
x38_9 = 1
x42_9 = 1
w5 = 1
w9 = 1
