Tiempo de corrida total: 1.53574
Tiempo de corrida recorrer el arbol: 1.51568
Valor de la funcion objetivo: 2
x1_1 = 1
x2_1 = 1
x10_1 = 1
x13_1 = 1
x20_1 = 1
x4_10 = 1
x5_10 = 1
x14_10 = 1
x21_10 = 1
x36_10 = 1
w1 = 1
w10 = 1
