Tiempo de corrida total: 0.146081
Tiempo de corrida recorrer el arbol: 0.060714
Valor de la funcion objetivo: 2
x11_1 = 1
x18_1 = 1
x19_1 = 1
x20_1 = 1
x27_1 = 1
x3_9 = 1
x7_9 = 1
x10_9 = 1
x17_9 = 1
x29_9 = 1
w1 = 1
w9 = 1
