Tiempo de corrida total: 0.031831
Tiempo de corrida recorrer el arbol: 0.0288908
Valor de la funcion objetivo: 1
x1_1 = 1
x8_1 = 1
x11_1 = 1
x16_1 = 1
x20_1 = 1
x22_1 = 1
x28_1 = 1
x29_1 = 1
x32_1 = 1
x36_1 = 1
x43_1 = 1
x46_1 = 1
x47_1 = 1
x49_1 = 1
x50_1 = 1
w1 = 1
