Tiempo de corrida total: 0.0337739
Tiempo de corrida recorrer el arbol: 0.0283852
Valor de la funcion objetivo: 1
x6_13 = 1
x9_13 = 1
x10_13 = 1
x12_13 = 1
x14_13 = 1
x18_13 = 1
x20_13 = 1
x21_13 = 1
x28_13 = 1
x29_13 = 1
x32_13 = 1
x34_13 = 1
x35_13 = 1
x37_13 = 1
x38_13 = 1
w13 = 1
