Tiempo de corrida total: 0.107027
Tiempo de corrida recorrer el arbol: 0.0272892
Valor de la funcion objetivo: 1
x4_2 = 1
x8_2 = 1
x10_2 = 1
x16_2 = 1
x18_2 = 1
w2 = 1
