Tiempo de corrida total: 0.0157828
Tiempo de corrida recorrer el arbol: 0.00810695
Valor de la funcion objetivo: 1
x1_4 = 1
x13_4 = 1
x14_4 = 1
x15_4 = 1
x16_4 = 1
x19_4 = 1
x25_4 = 1
x32_4 = 1
x33_4 = 1
x37_4 = 1
w4 = 1
