Tiempo de corrida total: 0.488228
Tiempo de corrida recorrer el arbol: 0.428655
Valor de la funcion objetivo: 2
x1_4 = 1
x8_4 = 1
x12_4 = 1
x13_4 = 1
x16_4 = 1
x17_4 = 1
x20_4 = 1
x23_4 = 1
x24_4 = 1
x28_4 = 1
x32_4 = 1
x35_4 = 1
x43_4 = 1
x44_4 = 1
x2_8 = 1
x7_8 = 1
x18_8 = 1
x19_8 = 1
x34_8 = 1
x39_8 = 1
w4 = 1
w8 = 1
