Tiempo de corrida total: 0.171816
Tiempo de corrida recorrer el arbol: 0.0536771
Valor de la funcion objetivo: 2
x5_3 = 1
x11_3 = 1
x18_3 = 1
x23_3 = 1
x25_3 = 1
x26_3 = 1
x27_3 = 1
x28_3 = 1
x31_3 = 1
x34_3 = 1
x40_3 = 1
x1_7 = 1
x2_7 = 1
x3_7 = 1
x7_7 = 1
x9_7 = 1
x12_7 = 1
x14_7 = 1
x20_7 = 1
x22_7 = 1
w3 = 1
w7 = 1
