Tiempo de corrida total: 0.132823
Tiempo de corrida recorrer el arbol: 0.0369251
Valor de la funcion objetivo: 2
x1_5 = 1
x9_5 = 1
x13_5 = 1
x18_5 = 1
x21_5 = 1
x23_5 = 1
x25_5 = 1
x29_5 = 1
x32_5 = 1
x36_5 = 1
x5_6 = 1
x7_6 = 1
x12_6 = 1
x20_6 = 1
x26_6 = 1
x27_6 = 1
x34_6 = 1
x37_6 = 1
x39_6 = 1
x40_6 = 1
w5 = 1
w6 = 1
