Tiempo de corrida total: 0.178228
Tiempo de corrida recorrer el arbol: 0.0464211
Valor de la funcion objetivo: 2
x1_14 = 1
x3_14 = 1
x13_14 = 1
x17_14 = 1
x19_14 = 1
x22_14 = 1
x23_14 = 1
x24_14 = 1
x26_14 = 1
x4_16 = 1
x6_16 = 1
x8_16 = 1
x10_16 = 1
x12_16 = 1
x14_16 = 1
x15_16 = 1
x16_16 = 1
x18_16 = 1
x29_16 = 1
x30_16 = 1
w14 = 1
w16 = 1
