Tiempo de corrida total: 0.0410979
Tiempo de corrida recorrer el arbol: 0.0342119
Valor de la funcion objetivo: 1
x10_1 = 1
x13_1 = 1
x14_1 = 1
x16_1 = 1
x20_1 = 1
x27_1 = 1
x33_1 = 1
x37_1 = 1
x39_1 = 1
x40_1 = 1
x41_1 = 1
x44_1 = 1
x48_1 = 1
x49_1 = 1
x50_1 = 1
w1 = 1
