Tiempo de corrida total: 0.0237269
Tiempo de corrida recorrer el arbol: 0.0224402
Valor de la funcion objetivo: 1
x5_5 = 1
x6_5 = 1
x9_5 = 1
x15_5 = 1
x28_5 = 1
w5 = 1
