Tiempo de corrida total: 1.38172
Tiempo de corrida recorrer el arbol: 1.37806
Valor de la funcion objetivo: 3
x1_1 = 1
x2_1 = 1
x7_1 = 1
x12_1 = 1
x16_1 = 1
x18_1 = 1
x27_1 = 1
x29_1 = 1
x3_2 = 1
x5_2 = 1
x21_2 = 1
x4_3 = 1
x15_3 = 1
x17_3 = 1
x30_3 = 1
w1 = 1
w2 = 1
w3 = 1
