Tiempo de corrida total: 0.0716441
Tiempo de corrida recorrer el arbol: 0.026361
Valor de la funcion objetivo: 1
x18_5 = 1
x20_5 = 1
x23_5 = 1
x27_5 = 1
x30_5 = 1
w5 = 1
