Tiempo de corrida total: 0.171191
Tiempo de corrida recorrer el arbol: 0.147104
Valor de la funcion objetivo: 2
x4_9 = 1
x12_9 = 1
x20_9 = 1
x28_9 = 1
x30_9 = 1
x5_12 = 1
x7_12 = 1
x9_12 = 1
x10_12 = 1
x13_12 = 1
x15_12 = 1
x16_12 = 1
x22_12 = 1
x23_12 = 1
x27_12 = 1
w9 = 1
w12 = 1
