Tiempo de corrida total: 0.341604
Tiempo de corrida recorrer el arbol: 0.303908
Valor de la funcion objetivo: 3
x18_1 = 1
x14_2 = 1
x21_2 = 1
x10_3 = 1
x22_3 = 1
w1 = 1
w2 = 1
w3 = 1
