Tiempo de corrida total: 0.0112419
Tiempo de corrida recorrer el arbol: 0.00789499
Valor de la funcion objetivo: 1
x1_1 = 1
x2_1 = 1
x3_1 = 1
x4_1 = 1
x32_1 = 1
w1 = 1
