Tiempo de corrida total: 0.213896
Tiempo de corrida recorrer el arbol: 0.03563
Valor de la funcion objetivo: 2
x10_10 = 1
x12_10 = 1
x14_10 = 1
x15_10 = 1
x19_10 = 1
x21_10 = 1
x25_10 = 1
x32_10 = 1
x33_10 = 1
x36_10 = 1
x37_10 = 1
x39_10 = 1
x40_10 = 1
x3_19 = 1
x4_19 = 1
x5_19 = 1
x9_19 = 1
x13_19 = 1
x18_19 = 1
x24_19 = 1
w10 = 1
w19 = 1
