Tiempo de corrida total: 2.80267
Tiempo de corrida recorrer el arbol: 2.67874
Valor de la funcion objetivo: 5
x17_5 = 1
x22_5 = 1
x16_7 = 1
x23_7 = 1
x5_8 = 1
x30_8 = 1
x27_9 = 1
x1_10 = 1
x3_10 = 1
x21_10 = 1
w5 = 1
w7 = 1
w8 = 1
w9 = 1
w10 = 1
