Tiempo de corrida total: 0.0632031
Tiempo de corrida recorrer el arbol: 0.0166581
Valor de la funcion objetivo: 1
x3_5 = 1
x5_5 = 1
x12_5 = 1
x13_5 = 1
x14_5 = 1
w5 = 1
