Tiempo de corrida total: 0.0199111
Tiempo de corrida recorrer el arbol: 0.00505996
Valor de la funcion objetivo: 1
x13_4 = 1
x15_4 = 1
x18_4 = 1
x21_4 = 1
x23_4 = 1
w4 = 1
