Tiempo de corrida total: 0.750638
Tiempo de corrida recorrer el arbol: 0.68253
Valor de la funcion objetivo: 2
x5_10 = 1
x10_10 = 1
x13_10 = 1
x16_10 = 1
x31_10 = 1
x37_10 = 1
x38_10 = 1
x41_10 = 1
x46_10 = 1
x50_10 = 1
x1_12 = 1
x9_12 = 1
x11_12 = 1
x12_12 = 1
x17_12 = 1
x18_12 = 1
x20_12 = 1
x32_12 = 1
x34_12 = 1
x39_12 = 1
w10 = 1
w12 = 1
