Tiempo de corrida total: 0.069077
Tiempo de corrida recorrer el arbol: 0.0172961
Valor de la funcion objetivo: 1
x5_3 = 1
x17_3 = 1
x21_3 = 1
x23_3 = 1
x25_3 = 1
w3 = 1
