Tiempo de corrida total: 1.08603
Tiempo de corrida recorrer el arbol: 0.968532
Valor de la funcion objetivo: 2
x3_1 = 1
x26_1 = 1
x11_3 = 1
x18_3 = 1
x31_3 = 1
w1 = 1
w3 = 1
