Tiempo de corrida total: 0.00951099
Tiempo de corrida recorrer el arbol: 0.00814891
Valor de la funcion objetivo: 1
x5_4 = 1
x15_4 = 1
x20_4 = 1
x27_4 = 1
x36_4 = 1
w4 = 1
