Tiempo de corrida total: 0.05913
Tiempo de corrida recorrer el arbol: 0.0392761
Valor de la funcion objetivo: 1
x5_3 = 1
x9_3 = 1
x10_3 = 1
x13_3 = 1
x15_3 = 1
x19_3 = 1
x24_3 = 1
x25_3 = 1
x26_3 = 1
x30_3 = 1
w3 = 1
