Tiempo de corrida total: 1.20029
Tiempo de corrida recorrer el arbol: 1.13598
Valor de la funcion objetivo: 2
x2_12 = 1
x9_12 = 1
x10_12 = 1
x14_12 = 1
x33_12 = 1
x39_12 = 1
x42_12 = 1
x18_13 = 1
x20_13 = 1
x22_13 = 1
x24_13 = 1
x41_13 = 1
x43_13 = 1
x44_13 = 1
x48_13 = 1
w12 = 1
w13 = 1
