Tiempo de corrida total: 0.991044
Tiempo de corrida recorrer el arbol: 0.83272
Valor de la funcion objetivo: 2
x1_1 = 1
x3_1 = 1
x2_5 = 1
x4_5 = 1
x5_5 = 1
w1 = 1
w5 = 1
