Tiempo de corrida total: 0.689199
Tiempo de corrida recorrer el arbol: 0.679736
Valor de la funcion objetivo: 2
x1_1 = 1
x2_1 = 1
x3_1 = 1
x5_1 = 1
x6_1 = 1
x7_1 = 1
x15_1 = 1
x17_1 = 1
x19_1 = 1
x29_1 = 1
x34_1 = 1
x37_1 = 1
x8_2 = 1
x25_2 = 1
x39_2 = 1
w1 = 1
w2 = 1
