Tiempo de corrida total: 5.59525
Tiempo de corrida recorrer el arbol: 5.30333
Valor de la funcion objetivo: 3
x9_9 = 1
x11_9 = 1
x12_9 = 1
x13_9 = 1
x16_9 = 1
x18_9 = 1
x24_9 = 1
x28_9 = 1
x23_13 = 1
x30_13 = 1
x1_14 = 1
x3_14 = 1
x4_14 = 1
x15_14 = 1
x29_14 = 1
w9 = 1
w13 = 1
w14 = 1
