Tiempo de corrida total: 0.524842
Tiempo de corrida recorrer el arbol: 0.45889
Valor de la funcion objetivo: 2
x5_11 = 1
x19_11 = 1
x22_11 = 1
x30_11 = 1
x37_11 = 1
x41_11 = 1
x49_11 = 1
x2_15 = 1
x3_15 = 1
x4_15 = 1
x8_15 = 1
x16_15 = 1
x18_15 = 1
x25_15 = 1
x33_15 = 1
x34_15 = 1
x35_15 = 1
x36_15 = 1
x47_15 = 1
x48_15 = 1
w11 = 1
w15 = 1
