Tiempo de corrida total: 0.378786
Tiempo de corrida recorrer el arbol: 0.0968561
Valor de la funcion objetivo: 2
x1_2 = 1
x28_2 = 1
x5_5 = 1
x29_5 = 1
x37_5 = 1
w2 = 1
w5 = 1
