Tiempo de corrida total: 0.264269
Tiempo de corrida recorrer el arbol: 0.252628
Valor de la funcion objetivo: 2
x1_3 = 1
x16_3 = 1
x25_3 = 1
x29_3 = 1
x9_6 = 1
x10_6 = 1
x11_6 = 1
x14_6 = 1
x18_6 = 1
x27_6 = 1
w3 = 1
w6 = 1
