Tiempo de corrida total: 0.525926
Tiempo de corrida recorrer el arbol: 0.52164
Valor de la funcion objetivo: 2
x5_14 = 1
x12_14 = 1
x25_14 = 1
x33_14 = 1
x35_14 = 1
x39_14 = 1
x6_15 = 1
x16_15 = 1
x17_15 = 1
x20_15 = 1
x23_15 = 1
x31_15 = 1
x32_15 = 1
x34_15 = 1
x36_15 = 1
w14 = 1
w15 = 1
