Tiempo de corrida total: 0.40687
Tiempo de corrida recorrer el arbol: 0.386449
Valor de la funcion objetivo: 1
x5_3 = 1
x7_3 = 1
x16_3 = 1
x21_3 = 1
x30_3 = 1
w3 = 1
