Tiempo de corrida total: 8.48734
Tiempo de corrida recorrer el arbol: 7.87432
Valor de la funcion objetivo: 3
x3_8 = 1
x10_8 = 1
x18_8 = 1
x27_8 = 1
x28_8 = 1
x35_8 = 1
x40_8 = 1
x6_9 = 1
x11_9 = 1
x22_9 = 1
x41_9 = 1
x42_9 = 1
x7_12 = 1
x12_12 = 1
x16_12 = 1
x20_12 = 1
x26_12 = 1
x37_12 = 1
x38_12 = 1
x48_12 = 1
w8 = 1
w9 = 1
w12 = 1
