Tiempo de corrida total: 3.91696
Tiempo de corrida recorrer el arbol: 3.39318
Valor de la funcion objetivo: 4
x21_1 = 1
x22_1 = 1
x27_1 = 1
x4_2 = 1
x8_2 = 1
x2_6 = 1
x20_6 = 1
x30_6 = 1
x7_9 = 1
x15_9 = 1
w1 = 1
w2 = 1
w6 = 1
w9 = 1
