Tiempo de corrida total: 0.182995
Tiempo de corrida recorrer el arbol: 0.027271
Valor de la funcion objetivo: 2
x1_13 = 1
x4_13 = 1
x5_13 = 1
x7_13 = 1
x26_13 = 1
x33_13 = 1
x34_13 = 1
x36_13 = 1
x37_13 = 1
x40_13 = 1
x11_15 = 1
x16_15 = 1
x17_15 = 1
x18_15 = 1
x19_15 = 1
x25_15 = 1
x29_15 = 1
x30_15 = 1
x32_15 = 1
x35_15 = 1
w13 = 1
w15 = 1
