Tiempo de corrida total: 0.0160909
Tiempo de corrida recorrer el arbol: 0.00444889
Valor de la funcion objetivo: 1
x4_5 = 1
x6_5 = 1
x8_5 = 1
x15_5 = 1
x24_5 = 1
w5 = 1
