Tiempo de corrida total: 0.152671
Tiempo de corrida recorrer el arbol: 0.0640399
Valor de la funcion objetivo: 1
x10_2 = 1
x14_2 = 1
x21_2 = 1
x23_2 = 1
x24_2 = 1
x37_2 = 1
x38_2 = 1
x43_2 = 1
x45_2 = 1
x46_2 = 1
w2 = 1
