Tiempo de corrida total: 0.682297
Tiempo de corrida recorrer el arbol: 0.668584
Valor de la funcion objetivo: 2
x1_1 = 1
x3_1 = 1
x11_5 = 1
x35_5 = 1
x36_5 = 1
w1 = 1
w5 = 1
