Tiempo de corrida total: 0.101996
Tiempo de corrida recorrer el arbol: 0.0218258
Valor de la funcion objetivo: 2
x4_15 = 1
x7_15 = 1
x8_15 = 1
x9_15 = 1
x12_15 = 1
x13_15 = 1
x19_15 = 1
x24_15 = 1
x27_15 = 1
x30_15 = 1
x1_18 = 1
x2_18 = 1
x3_18 = 1
x6_18 = 1
x11_18 = 1
x16_18 = 1
x17_18 = 1
x21_18 = 1
x23_18 = 1
x26_18 = 1
w15 = 1
w18 = 1
