Tiempo de corrida total: 0.157939
Tiempo de corrida recorrer el arbol: 0.151969
Valor de la funcion objetivo: 2
x5_1 = 1
x6_1 = 1
x16_1 = 1
x23_1 = 1
x24_1 = 1
x25_1 = 1
x26_1 = 1
x28_1 = 1
x27_8 = 1
x30_8 = 1
w1 = 1
w8 = 1
