Tiempo de corrida total: 0.0476899
Tiempo de corrida recorrer el arbol: 0.013088
Valor de la funcion objetivo: 1
x17_5 = 1
x23_5 = 1
x27_5 = 1
x32_5 = 1
x38_5 = 1
w5 = 1
