Tiempo de corrida total: 0.248625
Tiempo de corrida recorrer el arbol: 0.076833
Valor de la funcion objetivo: 2
x3_3 = 1
x9_3 = 1
x29_5 = 1
x30_5 = 1
x37_5 = 1
w3 = 1
w5 = 1
