Tiempo de corrida total: 0.061322
Tiempo de corrida recorrer el arbol: 0.014375
Valor de la funcion objetivo: 1
x12_5 = 1
x20_5 = 1
x23_5 = 1
x24_5 = 1
x30_5 = 1
w5 = 1
