Tiempo de corrida total: 0.0140269
Tiempo de corrida recorrer el arbol: 0.0123441
Valor de la funcion objetivo: 1
x2_1 = 1
x4_1 = 1
x10_1 = 1
x13_1 = 1
x18_1 = 1
x23_1 = 1
x27_1 = 1
x28_1 = 1
x29_1 = 1
x30_1 = 1
w1 = 1
