Tiempo de corrida total: 0.469045
Tiempo de corrida recorrer el arbol: 0.327926
Valor de la funcion objetivo: 2
x6_3 = 1
x12_3 = 1
x15_3 = 1
x25_3 = 1
x27_3 = 1
x31_3 = 1
x36_3 = 1
x2_14 = 1
x3_14 = 1
x10_14 = 1
x11_14 = 1
x17_14 = 1
x20_14 = 1
x21_14 = 1
x29_14 = 1
w3 = 1
w14 = 1
