Tiempo de corrida total: 0.691022
Tiempo de corrida recorrer el arbol: 0.680949
Valor de la funcion objetivo: 2
x1_1 = 1
x2_1 = 1
x3_1 = 1
x4_1 = 1
x6_1 = 1
x15_1 = 1
x18_1 = 1
x20_1 = 1
x24_1 = 1
x34_1 = 1
x35_1 = 1
x44_1 = 1
x48_1 = 1
x8_2 = 1
x49_2 = 1
w1 = 1
w2 = 1
