Tiempo de corrida total: 0.0573061
Tiempo de corrida recorrer el arbol: 0.0519328
Valor de la funcion objetivo: 1
x17_5 = 1
x20_5 = 1
x33_5 = 1
x41_5 = 1
x45_5 = 1
w5 = 1
