Tiempo de corrida total: 0.285322
Tiempo de corrida recorrer el arbol: 0.06866
Valor de la funcion objetivo: 2
x12_1 = 1
x15_1 = 1
x23_1 = 1
x25_1 = 1
x26_1 = 1
x28_1 = 1
x29_1 = 1
x37_1 = 1
x42_1 = 1
x3_10 = 1
x17_10 = 1
x18_10 = 1
x19_10 = 1
x22_10 = 1
x31_10 = 1
x32_10 = 1
x39_10 = 1
x43_10 = 1
x48_10 = 1
x50_10 = 1
w1 = 1
w10 = 1
