Tiempo de corrida total: 9.10949
Tiempo de corrida recorrer el arbol: 9.07891
Valor de la funcion objetivo: 4
x5_3 = 1
x16_3 = 1
x29_3 = 1
x7_4 = 1
x18_4 = 1
x27_4 = 1
x12_6 = 1
x19_6 = 1
x10_9 = 1
x22_9 = 1
w3 = 1
w4 = 1
w6 = 1
w9 = 1
