Tiempo de corrida total: 1.70212
Tiempo de corrida recorrer el arbol: 0.802578
Valor de la funcion objetivo: 1
x3_1 = 1
x4_1 = 1
x6_1 = 1
x8_1 = 1
x11_1 = 1
x14_1 = 1
x19_1 = 1
x28_1 = 1
x47_1 = 1
x48_1 = 1
w1 = 1
