Tiempo de corrida total: 0.401573
Tiempo de corrida recorrer el arbol: 0.056458
Valor de la funcion objetivo: 2
x10_4 = 1
x36_4 = 1
x37_4 = 1
x35_5 = 1
x40_5 = 1
w4 = 1
w5 = 1
