Tiempo de corrida total: 1.93519
Tiempo de corrida recorrer el arbol: 1.76063
Valor de la funcion objetivo: 2
x16_13 = 1
x26_13 = 1
x28_13 = 1
x36_13 = 1
x47_13 = 1
x1_18 = 1
x5_18 = 1
x6_18 = 1
x12_18 = 1
x13_18 = 1
x17_18 = 1
x25_18 = 1
x27_18 = 1
x30_18 = 1
x34_18 = 1
x37_18 = 1
x43_18 = 1
x48_18 = 1
x49_18 = 1
x50_18 = 1
w13 = 1
w18 = 1
