Tiempo de corrida total: 0.125855
Tiempo de corrida recorrer el arbol: 0.0291631
Valor de la funcion objetivo: 2
x3_10 = 1
x5_10 = 1
x7_10 = 1
x9_10 = 1
x20_10 = 1
x21_10 = 1
x25_10 = 1
x26_10 = 1
x27_10 = 1
x28_10 = 1
x29_10 = 1
x2_17 = 1
x4_17 = 1
x6_17 = 1
x12_17 = 1
x14_17 = 1
x15_17 = 1
x16_17 = 1
x22_17 = 1
x24_17 = 1
w10 = 1
w17 = 1
