Tiempo de corrida total: 0.209043
Tiempo de corrida recorrer el arbol: 0.0818889
Valor de la funcion objetivo: 3
x1_4 = 1
x10_4 = 1
x12_4 = 1
x22_4 = 1
x23_4 = 1
x28_4 = 1
x5_7 = 1
x13_7 = 1
x17_7 = 1
x27_7 = 1
x7_9 = 1
x8_9 = 1
x11_9 = 1
x25_9 = 1
x30_9 = 1
w4 = 1
w7 = 1
w9 = 1
