Tiempo de corrida total: 0.127336
Tiempo de corrida recorrer el arbol: 0.121364
Valor de la funcion objetivo: 2
x5_1 = 1
x10_1 = 1
x11_1 = 1
x12_1 = 1
x15_1 = 1
x16_1 = 1
x17_1 = 1
x22_1 = 1
x23_1 = 1
x29_1 = 1
x1_15 = 1
x13_15 = 1
x18_15 = 1
x20_15 = 1
x27_15 = 1
w1 = 1
w15 = 1
