Tiempo de corrida total: 0.167345
Tiempo de corrida recorrer el arbol: 0.0528169
Valor de la funcion objetivo: 2
x2_8 = 1
x3_8 = 1
x6_8 = 1
x24_8 = 1
x13_9 = 1
x16_9 = 1
x17_9 = 1
x19_9 = 1
x20_9 = 1
x25_9 = 1
w8 = 1
w9 = 1
