Tiempo de corrida total: 2.98966
Tiempo de corrida recorrer el arbol: 2.40246
Valor de la funcion objetivo: 3
x6_4 = 1
x27_4 = 1
x37_4 = 1
x40_4 = 1
x1_7 = 1
x14_7 = 1
x16_7 = 1
x25_7 = 1
x29_7 = 1
x38_7 = 1
x5_11 = 1
x12_11 = 1
x13_11 = 1
x34_11 = 1
x39_11 = 1
w4 = 1
w7 = 1
w11 = 1
