Tiempo de corrida total: 0.147569
Tiempo de corrida recorrer el arbol: 0.134619
Valor de la funcion objetivo: 2
x1_9 = 1
x3_9 = 1
x4_9 = 1
x5_9 = 1
x10_9 = 1
x12_9 = 1
x15_9 = 1
x23_9 = 1
x27_9 = 1
x7_11 = 1
x9_11 = 1
x16_11 = 1
x18_11 = 1
x20_11 = 1
x29_11 = 1
w9 = 1
w11 = 1
