Tiempo de corrida total: 0.0137401
Tiempo de corrida recorrer el arbol: 0.012054
Valor de la funcion objetivo: 1
x1_1 = 1
x3_1 = 1
x4_1 = 1
x5_1 = 1
x17_1 = 1
w1 = 1
