Tiempo de corrida total: 0.0264361
Tiempo de corrida recorrer el arbol: 0.00704813
Valor de la funcion objetivo: 1
x24_5 = 1
x29_5 = 1
x37_5 = 1
x39_5 = 1
x40_5 = 1
w5 = 1
