Tiempo de corrida total: 1.33106
Tiempo de corrida recorrer el arbol: 1.18902
Valor de la funcion objetivo: 2
x8_9 = 1
x12_9 = 1
x15_9 = 1
x18_9 = 1
x21_9 = 1
x27_9 = 1
x28_9 = 1
x30_9 = 1
x4_10 = 1
x9_10 = 1
x10_10 = 1
x16_10 = 1
x20_10 = 1
x23_10 = 1
x24_10 = 1
w9 = 1
w10 = 1
