Tiempo de corrida total: 0.296134
Tiempo de corrida recorrer el arbol: 0.051079
Valor de la funcion objetivo: 2
x2_2 = 1
x4_2 = 1
x6_2 = 1
x9_2 = 1
x11_2 = 1
x22_2 = 1
x25_2 = 1
x28_2 = 1
x3_3 = 1
x13_3 = 1
x15_3 = 1
x18_3 = 1
x20_3 = 1
x27_3 = 1
x29_3 = 1
w2 = 1
w3 = 1
