Tiempo de corrida total: 6.02163
Tiempo de corrida recorrer el arbol: 5.53575
Valor de la funcion objetivo: 2
x2_1 = 1
x13_1 = 1
x15_1 = 1
x20_1 = 1
x29_1 = 1
x30_1 = 1
x34_1 = 1
x40_1 = 1
x21_5 = 1
x38_5 = 1
w1 = 1
w5 = 1
