Tiempo de corrida total: 0.0588191
Tiempo de corrida recorrer el arbol: 0.0353892
Valor de la funcion objetivo: 1
x6_6 = 1
x14_6 = 1
x17_6 = 1
x24_6 = 1
x25_6 = 1
x40_6 = 1
x43_6 = 1
x44_6 = 1
x45_6 = 1
x49_6 = 1
w6 = 1
