Tiempo de corrida total: 0.225354
Tiempo de corrida recorrer el arbol: 0.120298
Valor de la funcion objetivo: 3
x3_1 = 1
x18_1 = 1
x30_3 = 1
x5_4 = 1
x27_4 = 1
w1 = 1
w3 = 1
w4 = 1
