Tiempo de corrida total: 0.0507751
Tiempo de corrida recorrer el arbol: 0.013927
Valor de la funcion objetivo: 1
x8_3 = 1
x13_3 = 1
x20_3 = 1
x24_3 = 1
x33_3 = 1
w3 = 1
