Tiempo de corrida total: 0.653951
Tiempo de corrida recorrer el arbol: 0.144726
Valor de la funcion objetivo: 2
x9_3 = 1
x25_3 = 1
x36_3 = 1
x5_8 = 1
x12_8 = 1
x16_8 = 1
x24_8 = 1
x29_8 = 1
x37_8 = 1
x39_8 = 1
w3 = 1
w8 = 1
