Tiempo de corrida total: 0.30448
Tiempo de corrida recorrer el arbol: 0.0812211
Valor de la funcion objetivo: 2
x13_5 = 1
x17_5 = 1
x19_5 = 1
x26_5 = 1
x33_5 = 1
x34_5 = 1
x36_5 = 1
x47_5 = 1
x3_13 = 1
x5_13 = 1
x12_13 = 1
x21_13 = 1
x22_13 = 1
x25_13 = 1
x28_13 = 1
x31_13 = 1
x35_13 = 1
x37_13 = 1
x39_13 = 1
x48_13 = 1
w5 = 1
w13 = 1
