Tiempo de corrida total: 0.169421
Tiempo de corrida recorrer el arbol: 0.0463531
Valor de la funcion objetivo: 3
x27_9 = 1
x29_9 = 1
x30_9 = 1
x3_12 = 1
x5_12 = 1
x15_12 = 1
x18_12 = 1
x19_12 = 1
x4_14 = 1
x6_14 = 1
x16_14 = 1
x20_14 = 1
x22_14 = 1
x23_14 = 1
x26_14 = 1
w9 = 1
w12 = 1
w14 = 1
