Tiempo de corrida total: 0.0715759
Tiempo de corrida recorrer el arbol: 0.016299
Valor de la funcion objetivo: 1
x8_3 = 1
x11_3 = 1
x15_3 = 1
x32_3 = 1
x40_3 = 1
w3 = 1
