Tiempo de corrida total: 5.13718
Tiempo de corrida recorrer el arbol: 4.20143
Valor de la funcion objetivo: 2
x4_1 = 1
x17_1 = 1
x21_1 = 1
x25_1 = 1
x37_1 = 1
x6_4 = 1
x8_4 = 1
x10_4 = 1
x15_4 = 1
x18_4 = 1
w1 = 1
w4 = 1
