Tiempo de corrida total: 0.432538
Tiempo de corrida recorrer el arbol: 0.133234
Valor de la funcion objetivo: 1
x4_5 = 1
x12_5 = 1
x16_5 = 1
x17_5 = 1
x20_5 = 1
x23_5 = 1
x24_5 = 1
x33_5 = 1
x38_5 = 1
x47_5 = 1
w5 = 1
