Tiempo de corrida total: 0.93525
Tiempo de corrida recorrer el arbol: 0.698896
Valor de la funcion objetivo: 3
x3_6 = 1
x5_6 = 1
x8_6 = 1
x10_6 = 1
x12_6 = 1
x17_6 = 1
x24_6 = 1
x1_14 = 1
x9_14 = 1
x13_14 = 1
x14_14 = 1
x20_14 = 1
x27_14 = 1
x30_14 = 1
x4_16 = 1
x16_16 = 1
x18_16 = 1
x19_16 = 1
x25_16 = 1
x26_16 = 1
w6 = 1
w14 = 1
w16 = 1
