Tiempo de corrida total: 0.082644
Tiempo de corrida recorrer el arbol: 0.037003
Valor de la funcion objetivo: 2
x14_2 = 1
x16_2 = 1
x21_2 = 1
x1_4 = 1
x28_4 = 1
w2 = 1
w4 = 1
