Tiempo de corrida total: 0.0622771
Tiempo de corrida recorrer el arbol: 0.014791
Valor de la funcion objetivo: 2
x1_1 = 1
x5_1 = 1
x9_1 = 1
x14_1 = 1
x27_1 = 1
x37_1 = 1
x3_9 = 1
x12_9 = 1
x18_9 = 1
x23_9 = 1
x25_9 = 1
x34_9 = 1
x36_9 = 1
x38_9 = 1
x39_9 = 1
w1 = 1
w9 = 1
