Tiempo de corrida total: 0.027344
Tiempo de corrida recorrer el arbol: 0.0259318
Valor de la funcion objetivo: 1
x11_2 = 1
x22_2 = 1
x24_2 = 1
x25_2 = 1
x29_2 = 1
w2 = 1
