Tiempo de corrida total: 2.49478
Tiempo de corrida recorrer el arbol: 2.39264
Valor de la funcion objetivo: 2
x1_6 = 1
x4_6 = 1
x5_6 = 1
x7_6 = 1
x13_6 = 1
x16_6 = 1
x23_6 = 1
x37_6 = 1
x40_6 = 1
x11_7 = 1
x19_7 = 1
x24_7 = 1
x25_7 = 1
x34_7 = 1
x36_7 = 1
w6 = 1
w7 = 1
