Tiempo de corrida total: 0.465295
Tiempo de corrida recorrer el arbol: 0.445407
Valor de la funcion objetivo: 1
x7_4 = 1
x16_4 = 1
x18_4 = 1
x19_4 = 1
x28_4 = 1
w4 = 1
