Tiempo de corrida total: 0.254971
Tiempo de corrida recorrer el arbol: 0.121193
Valor de la funcion objetivo: 2
x2_9 = 1
x12_9 = 1
x13_9 = 1
x15_9 = 1
x18_9 = 1
x21_9 = 1
x26_9 = 1
x27_9 = 1
x28_9 = 1
x33_9 = 1
x34_9 = 1
x25_15 = 1
x30_15 = 1
x31_15 = 1
x32_15 = 1
w9 = 1
w15 = 1
