Tiempo de corrida total: 0.211564
Tiempo de corrida recorrer el arbol: 0.0784221
Valor de la funcion objetivo: 1
x7_4 = 1
x9_4 = 1
x18_4 = 1
x25_4 = 1
x32_4 = 1
w4 = 1
