Tiempo de corrida total: 0.227637
Tiempo de corrida recorrer el arbol: 0.198177
Valor de la funcion objetivo: 2
x5_3 = 1
x7_3 = 1
x12_3 = 1
x16_3 = 1
x23_3 = 1
x29_3 = 1
x1_5 = 1
x4_5 = 1
x9_5 = 1
x18_5 = 1
w3 = 1
w5 = 1
