Tiempo de corrida total: 4.14898
Tiempo de corrida recorrer el arbol: 3.69396
Valor de la funcion objetivo: 2
x16_1 = 1
x36_1 = 1
x47_1 = 1
x50_1 = 1
x6_7 = 1
x13_7 = 1
x42_7 = 1
x46_7 = 1
x48_7 = 1
x49_7 = 1
w1 = 1
w7 = 1
