Tiempo de corrida total: 0.39836
Tiempo de corrida recorrer el arbol: 0.36165
Valor de la funcion objetivo: 2
x2_2 = 1
x10_2 = 1
x16_2 = 1
x18_2 = 1
x20_2 = 1
x22_2 = 1
x24_2 = 1
x3_5 = 1
x7_5 = 1
x9_5 = 1
w2 = 1
w5 = 1
