Tiempo de corrida total: 0.116404
Tiempo de corrida recorrer el arbol: 0.0155602
Valor de la funcion objetivo: 2
x4_8 = 1
x6_8 = 1
x9_8 = 1
x17_8 = 1
x19_8 = 1
x20_8 = 1
x23_8 = 1
x24_8 = 1
x25_8 = 1
x28_8 = 1
x1_12 = 1
x3_12 = 1
x8_12 = 1
x12_12 = 1
x13_12 = 1
x14_12 = 1
x18_12 = 1
x26_12 = 1
x27_12 = 1
x30_12 = 1
w8 = 1
w12 = 1
