Tiempo de corrida total: 0.417203
Tiempo de corrida recorrer el arbol: 0.390521
Valor de la funcion objetivo: 2
x2_10 = 1
x3_10 = 1
x6_10 = 1
x9_10 = 1
x14_10 = 1
x17_10 = 1
x20_10 = 1
x26_10 = 1
x28_10 = 1
x29_10 = 1
x4_17 = 1
x5_17 = 1
x8_17 = 1
x10_17 = 1
x13_17 = 1
x16_17 = 1
x18_17 = 1
x19_17 = 1
x25_17 = 1
x27_17 = 1
w10 = 1
w17 = 1
