Tiempo de corrida total: 0.0205631
Tiempo de corrida recorrer el arbol: 0.00505686
Valor de la funcion objetivo: 1
x17_5 = 1
x21_5 = 1
x25_5 = 1
x29_5 = 1
x30_5 = 1
w5 = 1
