Tiempo de corrida total: 0.125554
Tiempo de corrida recorrer el arbol: 0.0295889
Valor de la funcion objetivo: 1
x9_3 = 1
x17_3 = 1
x20_3 = 1
x24_3 = 1
x26_3 = 1
w3 = 1
