Tiempo de corrida total: 3.34093
Tiempo de corrida recorrer el arbol: 1.78826
Valor de la funcion objetivo: 3
x3_1 = 1
x18_1 = 1
x19_1 = 1
x30_1 = 1
x37_1 = 1
x43_1 = 1
x49_1 = 1
x7_9 = 1
x20_9 = 1
x24_9 = 1
x25_9 = 1
x1_15 = 1
x21_15 = 1
x34_15 = 1
x48_15 = 1
w1 = 1
w9 = 1
w15 = 1
