Tiempo de corrida total: 0.746221
Tiempo de corrida recorrer el arbol: 0.247701
Valor de la funcion objetivo: 1
x13_2 = 1
x16_2 = 1
x21_2 = 1
x36_2 = 1
x42_2 = 1
w2 = 1
