Tiempo de corrida total: 0.42068
Tiempo de corrida recorrer el arbol: 0.051671
Valor de la funcion objetivo: 2
x6_1 = 1
x14_1 = 1
x38_1 = 1
x23_4 = 1
x30_4 = 1
w1 = 1
w4 = 1
