Tiempo de corrida total: 0.588406
Tiempo de corrida recorrer el arbol: 0.551697
Valor de la funcion objetivo: 2
x12_6 = 1
x14_6 = 1
x19_6 = 1
x38_6 = 1
x16_7 = 1
x24_7 = 1
x29_7 = 1
x31_7 = 1
x36_7 = 1
x49_7 = 1
w6 = 1
w7 = 1
