Tiempo de corrida total: 4.01886
Tiempo de corrida recorrer el arbol: 3.56768
Valor de la funcion objetivo: 2
x5_2 = 1
x12_2 = 1
x16_2 = 1
x36_2 = 1
x9_5 = 1
x18_5 = 1
x25_5 = 1
x29_5 = 1
x41_5 = 1
x43_5 = 1
w2 = 1
w5 = 1
