Tiempo de corrida total: 1.46103
Tiempo de corrida recorrer el arbol: 0.861278
Valor de la funcion objetivo: 2
x5_3 = 1
x9_3 = 1
x11_3 = 1
x18_3 = 1
x22_3 = 1
x25_3 = 1
x28_3 = 1
x47_3 = 1
x50_3 = 1
x1_10 = 1
x3_10 = 1
x7_10 = 1
x16_10 = 1
x24_10 = 1
x32_10 = 1
w3 = 1
w10 = 1
