Tiempo de corrida total: 0.191718
Tiempo de corrida recorrer el arbol: 0.0364141
Valor de la funcion objetivo: 3
x3_2 = 1
x5_2 = 1
x11_2 = 1
x18_2 = 1
x25_2 = 1
x4_4 = 1
x19_4 = 1
x27_4 = 1
x29_4 = 1
x30_4 = 1
x6_7 = 1
x20_7 = 1
x22_7 = 1
x23_7 = 1
x26_7 = 1
w2 = 1
w4 = 1
w7 = 1
