Tiempo de corrida total: 4.00259
Tiempo de corrida recorrer el arbol: 2.33711
Valor de la funcion objetivo: 3
x3_7 = 1
x4_7 = 1
x9_7 = 1
x10_7 = 1
x37_7 = 1
x38_7 = 1
x5_14 = 1
x8_14 = 1
x16_14 = 1
x20_14 = 1
x23_14 = 1
x21_15 = 1
x25_15 = 1
x34_15 = 1
x39_15 = 1
w7 = 1
w14 = 1
w15 = 1
