Tiempo de corrida total: 0.610252
Tiempo de corrida recorrer el arbol: 0.242005
Valor de la funcion objetivo: 1
x3_3 = 1
x9_3 = 1
x14_3 = 1
x31_3 = 1
x33_3 = 1
x37_3 = 1
x39_3 = 1
x43_3 = 1
x44_3 = 1
x49_3 = 1
w3 = 1
