Tiempo de corrida total: 9.99368
Tiempo de corrida recorrer el arbol: 9.65509
Valor de la funcion objetivo: 3
x4_6 = 1
x12_6 = 1
x15_6 = 1
x20_6 = 1
x25_6 = 1
x32_6 = 1
x33_6 = 1
x3_9 = 1
x5_9 = 1
x13_9 = 1
x18_9 = 1
x19_9 = 1
x35_9 = 1
x37_9 = 1
x9_13 = 1
x11_13 = 1
x24_13 = 1
x26_13 = 1
x36_13 = 1
x40_13 = 1
w6 = 1
w9 = 1
w13 = 1
