Tiempo de corrida total: 2.83463
Tiempo de corrida recorrer el arbol: 2.68271
Valor de la funcion objetivo: 3
x1_2 = 1
x6_2 = 1
x18_2 = 1
x20_2 = 1
x24_2 = 1
x25_2 = 1
x28_2 = 1
x2_3 = 1
x4_3 = 1
x11_3 = 1
x12_3 = 1
x13_3 = 1
x19_3 = 1
x30_3 = 1
x15_10 = 1
w2 = 1
w3 = 1
w10 = 1
