Tiempo de corrida total: 1.70332
Tiempo de corrida recorrer el arbol: 0.760173
Valor de la funcion objetivo: 2
x13_3 = 1
x25_3 = 1
x29_3 = 1
x36_3 = 1
x49_3 = 1
x4_8 = 1
x14_8 = 1
x16_8 = 1
x17_8 = 1
x39_8 = 1
w3 = 1
w8 = 1
