Tiempo de corrida total: 3.99989
Tiempo de corrida recorrer el arbol: 3.90854
Valor de la funcion objetivo: 2
x11_8 = 1
x35_8 = 1
x36_8 = 1
x47_8 = 1
x8_9 = 1
x12_9 = 1
x13_9 = 1
x38_9 = 1
x42_9 = 1
x48_9 = 1
w8 = 1
w9 = 1
