Tiempo de corrida total: 0.137731
Tiempo de corrida recorrer el arbol: 0.097302
Valor de la funcion objetivo: 2
x6_7 = 1
x8_7 = 1
x12_7 = 1
x23_7 = 1
x24_7 = 1
x25_7 = 1
x7_9 = 1
x21_9 = 1
x27_9 = 1
x30_9 = 1
w7 = 1
w9 = 1
