Tiempo de corrida total: 8.30406
Tiempo de corrida recorrer el arbol: 8.06853
Valor de la funcion objetivo: 4
x9_2 = 1
x10_2 = 1
x21_6 = 1
x27_6 = 1
x29_6 = 1
x4_8 = 1
x5_8 = 1
x7_10 = 1
x15_10 = 1
x18_10 = 1
w2 = 1
w6 = 1
w8 = 1
w10 = 1
