Tiempo de corrida total: 3.01799
Tiempo de corrida recorrer el arbol: 2.62964
Valor de la funcion objetivo: 2
x3_2 = 1
x12_2 = 1
x15_2 = 1
x19_2 = 1
x32_2 = 1
x34_2 = 1
x35_2 = 1
x40_2 = 1
x10_6 = 1
x22_6 = 1
w2 = 1
w6 = 1
