Tiempo de corrida total: 0.607571
Tiempo de corrida recorrer el arbol: 0.599647
Valor de la funcion objetivo: 2
x10_1 = 1
x24_1 = 1
x37_1 = 1
x2_2 = 1
x9_2 = 1
w1 = 1
w2 = 1
