Tiempo de corrida total: 0.177984
Tiempo de corrida recorrer el arbol: 0.0410259
Valor de la funcion objetivo: 2
x14_3 = 1
x21_3 = 1
x8_5 = 1
x10_5 = 1
x11_5 = 1
w3 = 1
w5 = 1
