Tiempo de corrida total: 1.34655
Tiempo de corrida recorrer el arbol: 0.580931
Valor de la funcion objetivo: 3
x2_3 = 1
x3_3 = 1
x4_3 = 1
x11_3 = 1
x27_3 = 1
x5_5 = 1
x16_5 = 1
x18_5 = 1
x25_5 = 1
x1_15 = 1
x6_15 = 1
x8_15 = 1
x24_15 = 1
x26_15 = 1
x30_15 = 1
w3 = 1
w5 = 1
w15 = 1
