Tiempo de corrida total: 0.446369
Tiempo de corrida recorrer el arbol: 0.443793
Valor de la funcion objetivo: 2
x1_1 = 1
x2_1 = 1
x3_1 = 1
x4_1 = 1
x7_1 = 1
x9_1 = 1
x10_1 = 1
x13_1 = 1
x14_1 = 1
x16_1 = 1
x18_1 = 1
x20_1 = 1
x32_1 = 1
x37_1 = 1
x11_2 = 1
x12_2 = 1
x19_2 = 1
x21_2 = 1
x29_2 = 1
x36_2 = 1
w1 = 1
w2 = 1
