Tiempo de corrida total: 0.129846
Tiempo de corrida recorrer el arbol: 0.0248492
Valor de la funcion objetivo: 2
x13_1 = 1
x8_3 = 1
x9_3 = 1
x14_3 = 1
x16_3 = 1
w1 = 1
w3 = 1
