Tiempo de corrida total: 0.113555
Tiempo de corrida recorrer el arbol: 0.0264511
Valor de la funcion objetivo: 2
x1_1 = 1
x29_1 = 1
x11_3 = 1
x12_3 = 1
x21_3 = 1
w1 = 1
w3 = 1
