Tiempo de corrida total: 0.0173309
Tiempo de corrida recorrer el arbol: 0.014504
Valor de la funcion objetivo: 1
x3_1 = 1
x9_1 = 1
x13_1 = 1
x20_1 = 1
x24_1 = 1
w1 = 1
