Tiempo de corrida total: 0.0519738
Tiempo de corrida recorrer el arbol: 0.0129991
Valor de la funcion objetivo: 1
x6_3 = 1
x12_3 = 1
x24_3 = 1
x28_3 = 1
x30_3 = 1
w3 = 1
