Tiempo de corrida total: 0.024992
Tiempo de corrida recorrer el arbol: 0.00760388
Valor de la funcion objetivo: 1
x1_3 = 1
x3_3 = 1
x5_3 = 1
x8_3 = 1
x15_3 = 1
w3 = 1
