Tiempo de corrida total: 0.209142
Tiempo de corrida recorrer el arbol: 0.0861471
Valor de la funcion objetivo: 2
x3_12 = 1
x5_12 = 1
x18_12 = 1
x19_12 = 1
x21_12 = 1
x24_12 = 1
x33_12 = 1
x36_12 = 1
x39_12 = 1
x40_12 = 1
x7_15 = 1
x9_15 = 1
x15_15 = 1
x16_15 = 1
x20_15 = 1
x30_15 = 1
x31_15 = 1
x32_15 = 1
x35_15 = 1
x37_15 = 1
w12 = 1
w15 = 1
