Tiempo de corrida total: 0.939832
Tiempo de corrida recorrer el arbol: 0.919105
Valor de la funcion objetivo: 2
x4_13 = 1
x12_13 = 1
x19_13 = 1
x24_13 = 1
x28_13 = 1
x32_13 = 1
x36_13 = 1
x3_15 = 1
x5_15 = 1
x7_15 = 1
x13_15 = 1
x16_15 = 1
x23_15 = 1
x26_15 = 1
x33_15 = 1
w13 = 1
w15 = 1
