Tiempo de corrida total: 0.161288
Tiempo de corrida recorrer el arbol: 0.0635641
Valor de la funcion objetivo: 2
x1_1 = 1
x3_1 = 1
x5_4 = 1
x17_4 = 1
x33_4 = 1
w1 = 1
w4 = 1
