Tiempo de corrida total: 0.0701039
Tiempo de corrida recorrer el arbol: 0.0442729
Valor de la funcion objetivo: 2
x4_4 = 1
x9_4 = 1
x10_4 = 1
x16_4 = 1
x29_4 = 1
x34_4 = 1
x35_4 = 1
x40_4 = 1
x7_13 = 1
x12_13 = 1
x24_13 = 1
x27_13 = 1
x30_13 = 1
x36_13 = 1
x38_13 = 1
w4 = 1
w13 = 1
