Tiempo de corrida total: 0.0995731
Tiempo de corrida recorrer el arbol: 0.0915351
Valor de la funcion objetivo: 2
x1_1 = 1
x2_1 = 1
x3_1 = 1
x4_1 = 1
x5_1 = 1
x7_1 = 1
x10_1 = 1
x12_1 = 1
x13_1 = 1
x17_1 = 1
x20_1 = 1
x23_1 = 1
x11_2 = 1
x16_2 = 1
x18_2 = 1
w1 = 1
w2 = 1
