Tiempo de corrida total: 0.0153391
Tiempo de corrida recorrer el arbol: 0.0039351
Valor de la funcion objetivo: 1
x2_1 = 1
x9_1 = 1
x15_1 = 1
x19_1 = 1
x22_1 = 1
w1 = 1
