Tiempo de corrida total: 0.729214
Tiempo de corrida recorrer el arbol: 0.154126
Valor de la funcion objetivo: 1
x8_2 = 1
x10_2 = 1
x21_2 = 1
x33_2 = 1
x41_2 = 1
w2 = 1
