Tiempo de corrida total: 0.084497
Tiempo de corrida recorrer el arbol: 0.0364559
Valor de la funcion objetivo: 1
x1_5 = 1
x2_5 = 1
x15_5 = 1
x21_5 = 1
x27_5 = 1
w5 = 1
