Tiempo de corrida total: 0.0268931
Tiempo de corrida recorrer el arbol: 0.0163789
Valor de la funcion objetivo: 1
x10_1 = 1
x12_1 = 1
x13_1 = 1
x16_1 = 1
x18_1 = 1
w1 = 1
