Tiempo de corrida total: 0.225479
Tiempo de corrida recorrer el arbol: 0.0887778
Valor de la funcion objetivo: 2
x34_2 = 1
x40_2 = 1
x5_5 = 1
x24_5 = 1
x35_5 = 1
w2 = 1
w5 = 1
