Tiempo de corrida total: 0.288558
Tiempo de corrida recorrer el arbol: 0.082123
Valor de la funcion objetivo: 2
x1_1 = 1
x10_1 = 1
x11_1 = 1
x13_1 = 1
x22_1 = 1
x15_3 = 1
x16_3 = 1
x28_3 = 1
x29_3 = 1
x30_3 = 1
w1 = 1
w3 = 1
