Tiempo de corrida total: 0.0644341
Tiempo de corrida recorrer el arbol: 0.0120971
Valor de la funcion objetivo: 1
x5_5 = 1
x15_5 = 1
x21_5 = 1
x24_5 = 1
x25_5 = 1
w5 = 1
