Tiempo de corrida total: 0.0834968
Tiempo de corrida recorrer el arbol: 0.0203559
Valor de la funcion objetivo: 1
x1_2 = 1
x7_2 = 1
x10_2 = 1
x18_2 = 1
x21_2 = 1
x23_2 = 1
x29_2 = 1
x32_2 = 1
x38_2 = 1
x43_2 = 1
w2 = 1
