Tiempo de corrida total: 0.111938
Tiempo de corrida recorrer el arbol: 0.040292
Valor de la funcion objetivo: 2
x7_1 = 1
x13_1 = 1
x14_3 = 1
x18_3 = 1
x21_3 = 1
w1 = 1
w3 = 1
