Tiempo de corrida total: 1.18264
Tiempo de corrida recorrer el arbol: 1.15616
Valor de la funcion objetivo: 6
x12_3 = 1
x22_4 = 1
x28_4 = 1
x15_5 = 1
x17_5 = 1
x13_7 = 1
x19_7 = 1
x5_8 = 1
x10_8 = 1
x29_9 = 1
w3 = 1
w4 = 1
w5 = 1
w7 = 1
w8 = 1
w9 = 1
