Tiempo de corrida total: 0.187581
Tiempo de corrida recorrer el arbol: 0.117023
Valor de la funcion objetivo: 2
x1_9 = 1
x4_9 = 1
x14_9 = 1
x17_9 = 1
x24_9 = 1
x25_9 = 1
x26_9 = 1
x27_9 = 1
x3_16 = 1
x6_16 = 1
x7_16 = 1
x9_16 = 1
x10_16 = 1
x11_16 = 1
x12_16 = 1
x15_16 = 1
x16_16 = 1
x19_16 = 1
x20_16 = 1
x21_16 = 1
w9 = 1
w16 = 1
