Tiempo de corrida total: 3.91075
Tiempo de corrida recorrer el arbol: 3.38339
Valor de la funcion objetivo: 2
x8_11 = 1
x15_11 = 1
x17_11 = 1
x18_11 = 1
x19_11 = 1
x23_11 = 1
x28_11 = 1
x39_11 = 1
x44_11 = 1
x13_15 = 1
x20_15 = 1
x27_15 = 1
x32_15 = 1
x42_15 = 1
x45_15 = 1
w11 = 1
w15 = 1
