Tiempo de corrida total: 0.565148
Tiempo de corrida recorrer el arbol: 0.453137
Valor de la funcion objetivo: 1
x4_4 = 1
x6_4 = 1
x10_4 = 1
x12_4 = 1
x18_4 = 1
x20_4 = 1
x22_4 = 1
x25_4 = 1
x28_4 = 1
x29_4 = 1
x30_4 = 1
x32_4 = 1
x36_4 = 1
x37_4 = 1
x40_4 = 1
w4 = 1
