Tiempo de corrida total: 2.17728
Tiempo de corrida recorrer el arbol: 0.134316
Valor de la funcion objetivo: 3
x4_5 = 1
x12_5 = 1
x15_5 = 1
x20_5 = 1
x27_5 = 1
x32_5 = 1
x1_16 = 1
x3_16 = 1
x6_16 = 1
x18_16 = 1
x30_16 = 1
x33_16 = 1
x34_16 = 1
x40_16 = 1
x5_18 = 1
x7_18 = 1
x9_18 = 1
x13_18 = 1
x24_18 = 1
x29_18 = 1
w5 = 1
w16 = 1
w18 = 1
