Tiempo de corrida total: 0.0161531
Tiempo de corrida recorrer el arbol: 0.00771189
Valor de la funcion objetivo: 1
x2_3 = 1
x5_3 = 1
x6_3 = 1
x7_3 = 1
x14_3 = 1
w3 = 1
