Tiempo de corrida total: 0.0133009
Tiempo de corrida recorrer el arbol: 0.0110319
Valor de la funcion objetivo: 1
x1_9 = 1
x7_9 = 1
x10_9 = 1
x12_9 = 1
x14_9 = 1
x16_9 = 1
x18_9 = 1
x24_9 = 1
x25_9 = 1
x30_9 = 1
w9 = 1
