Tiempo de corrida total: 0.0640051
Tiempo de corrida recorrer el arbol: 0.0272551
Valor de la funcion objetivo: 1
x4_3 = 1
x9_3 = 1
x10_3 = 1
x15_3 = 1
x22_3 = 1
w3 = 1
