Tiempo de corrida total: 0.74302
Tiempo de corrida recorrer el arbol: 0.734403
Valor de la funcion objetivo: 2
x6_3 = 1
x19_3 = 1
x34_3 = 1
x42_3 = 1
x44_3 = 1
x47_3 = 1
x12_15 = 1
x13_15 = 1
x16_15 = 1
x18_15 = 1
x27_15 = 1
x28_15 = 1
x36_15 = 1
x45_15 = 1
x48_15 = 1
w3 = 1
w15 = 1
