Tiempo de corrida total: 0.0176702
Tiempo de corrida recorrer el arbol: 0.016006
Valor de la funcion objetivo: 1
x3_2 = 1
x12_2 = 1
x14_2 = 1
x16_2 = 1
x19_2 = 1
x23_2 = 1
x29_2 = 1
x30_2 = 1
x34_2 = 1
x36_2 = 1
w2 = 1
