Tiempo de corrida total: 0.040174
Tiempo de corrida recorrer el arbol: 0.00799704
Valor de la funcion objetivo: 1
x27_5 = 1
x28_5 = 1
x37_5 = 1
x38_5 = 1
x39_5 = 1
w5 = 1
