Tiempo de corrida total: 0.0272582
Tiempo de corrida recorrer el arbol: 0.0039959
Valor de la funcion objetivo: 1
x1_1 = 1
x6_1 = 1
x7_1 = 1
x11_1 = 1
x14_1 = 1
w1 = 1
