Tiempo de corrida total: 0.0151491
Tiempo de corrida recorrer el arbol: 0.00492597
Valor de la funcion objetivo: 1
x6_1 = 1
x8_1 = 1
x9_1 = 1
x10_1 = 1
x14_1 = 1
x16_1 = 1
x17_1 = 1
x18_1 = 1
x24_1 = 1
x30_1 = 1
w1 = 1
