Tiempo de corrida total: 4.04725
Tiempo de corrida recorrer el arbol: 2.36141
Valor de la funcion objetivo: 2
x7_2 = 1
x11_2 = 1
x16_2 = 1
x26_2 = 1
x29_2 = 1
x30_2 = 1
x31_2 = 1
x34_2 = 1
x45_2 = 1
x46_2 = 1
x47_2 = 1
x48_2 = 1
x1_14 = 1
x12_14 = 1
x19_14 = 1
x20_14 = 1
x32_14 = 1
x36_14 = 1
x38_14 = 1
x40_14 = 1
w2 = 1
w14 = 1
