Tiempo de corrida total: 0.00728893
Tiempo de corrida recorrer el arbol: 0.00644898
Valor de la funcion objetivo: 1
x1_1 = 1
x2_1 = 1
x5_1 = 1
x10_1 = 1
x23_1 = 1
w1 = 1
