Tiempo de corrida total: 0.239428
Tiempo de corrida recorrer el arbol: 0.101976
Valor de la funcion objetivo: 1
x8_2 = 1
x11_2 = 1
x17_2 = 1
x26_2 = 1
x29_2 = 1
w2 = 1
