Tiempo de corrida total: 5.99535
Tiempo de corrida recorrer el arbol: 5.95164
Valor de la funcion objetivo: 3
x7_13 = 1
x12_13 = 1
x15_13 = 1
x17_13 = 1
x20_13 = 1
x27_13 = 1
x3_14 = 1
x4_14 = 1
x5_14 = 1
x6_14 = 1
x13_14 = 1
x16_14 = 1
x29_14 = 1
x9_15 = 1
x18_15 = 1
x19_15 = 1
x24_15 = 1
x25_15 = 1
x26_15 = 1
x30_15 = 1
w13 = 1
w14 = 1
w15 = 1
