Tiempo de corrida total: 0.628037
Tiempo de corrida recorrer el arbol: 0.543997
Valor de la funcion objetivo: 2
x9_1 = 1
x23_1 = 1
x26_1 = 1
x5_3 = 1
x8_3 = 1
w1 = 1
w3 = 1
