Tiempo de corrida total: 0.350102
Tiempo de corrida recorrer el arbol: 0.316156
Valor de la funcion objetivo: 2
x1_8 = 1
x23_8 = 1
x25_8 = 1
x29_8 = 1
x32_8 = 1
x33_8 = 1
x40_8 = 1
x2_16 = 1
x3_16 = 1
x9_16 = 1
x12_16 = 1
x13_16 = 1
x14_16 = 1
x15_16 = 1
x20_16 = 1
x24_16 = 1
x26_16 = 1
x27_16 = 1
x34_16 = 1
x36_16 = 1
w8 = 1
w16 = 1
