Tiempo de corrida total: 0.00953412
Tiempo de corrida recorrer el arbol: 0.00737214
Valor de la funcion objetivo: 1
x1_1 = 1
x3_1 = 1
x8_1 = 1
x9_1 = 1
x13_1 = 1
w1 = 1
