Tiempo de corrida total: 0.03091
Tiempo de corrida recorrer el arbol: 0.029597
Valor de la funcion objetivo: 1
x2_1 = 1
x7_1 = 1
x18_1 = 1
x27_1 = 1
x28_1 = 1
w1 = 1
