Tiempo de corrida total: 0.941971
Tiempo de corrida recorrer el arbol: 0.928537
Valor de la funcion objetivo: 3
x7_1 = 1
x20_4 = 1
x28_4 = 1
x6_5 = 1
x17_5 = 1
w1 = 1
w4 = 1
w5 = 1
