Tiempo de corrida total: 0.0174661
Tiempo de corrida recorrer el arbol: 0.00830102
Valor de la funcion objetivo: 1
x2_10 = 1
x3_10 = 1
x5_10 = 1
x9_10 = 1
x10_10 = 1
x11_10 = 1
x12_10 = 1
x26_10 = 1
x27_10 = 1
x30_10 = 1
w10 = 1
