Tiempo de corrida total: 0.0880411
Tiempo de corrida recorrer el arbol: 0.020283
Valor de la funcion objetivo: 1
x3_2 = 1
x23_2 = 1
x27_2 = 1
x34_2 = 1
x36_2 = 1
w2 = 1
