Tiempo de corrida total: 0.043005
Tiempo de corrida recorrer el arbol: 0.0096879
Valor de la funcion objetivo: 2
x1_1 = 1
x5_1 = 1
x14_1 = 1
x17_1 = 1
x19_1 = 1
x4_10 = 1
x12_10 = 1
x16_10 = 1
x22_10 = 1
x23_10 = 1
x26_10 = 1
x27_10 = 1
x28_10 = 1
x29_10 = 1
x30_10 = 1
w1 = 1
w10 = 1
