Tiempo de corrida total: 0.806212
Tiempo de corrida recorrer el arbol: 0.703591
Valor de la funcion objetivo: 2
x4_7 = 1
x5_7 = 1
x7_7 = 1
x22_7 = 1
x36_7 = 1
x40_7 = 1
x2_10 = 1
x14_10 = 1
x16_10 = 1
x27_10 = 1
w7 = 1
w10 = 1
