Tiempo de corrida total: 0.434509
Tiempo de corrida recorrer el arbol: 0.11032
Valor de la funcion objetivo: 2
x5_1 = 1
x17_1 = 1
x33_1 = 1
x2_4 = 1
x27_4 = 1
w1 = 1
w4 = 1
