Tiempo de corrida total: 0.143864
Tiempo de corrida recorrer el arbol: 0.0624418
Valor de la funcion objetivo: 2
x6_1 = 1
x7_1 = 1
x14_5 = 1
x19_5 = 1
x22_5 = 1
w1 = 1
w5 = 1
