Tiempo de corrida total: 0.385839
Tiempo de corrida recorrer el arbol: 0.072325
Valor de la funcion objetivo: 3
x1_2 = 1
x3_2 = 1
x18_2 = 1
x19_2 = 1
x30_2 = 1
x2_6 = 1
x5_6 = 1
x7_6 = 1
x13_6 = 1
x17_6 = 1
x22_6 = 1
x29_6 = 1
x15_14 = 1
x20_14 = 1
x25_14 = 1
w2 = 1
w6 = 1
w14 = 1
