Tiempo de corrida total: 0.0980258
Tiempo de corrida recorrer el arbol: 0.0428648
Valor de la funcion objetivo: 1
x1_7 = 1
x5_7 = 1
x12_7 = 1
x14_7 = 1
x24_7 = 1
x28_7 = 1
x29_7 = 1
x36_7 = 1
x37_7 = 1
x50_7 = 1
w7 = 1
