Tiempo de corrida total: 0.843338
Tiempo de corrida recorrer el arbol: 0.826567
Valor de la funcion objetivo: 2
x3_11 = 1
x5_11 = 1
x12_11 = 1
x24_11 = 1
x30_11 = 1
x31_11 = 1
x34_11 = 1
x35_11 = 1
x13_14 = 1
x15_14 = 1
x19_14 = 1
x25_14 = 1
x26_14 = 1
x29_14 = 1
x36_14 = 1
w11 = 1
w14 = 1
