Tiempo de corrida total: 1.22324
Tiempo de corrida recorrer el arbol: 0.125196
Valor de la funcion objetivo: 5
x5_2 = 1
x16_2 = 1
x22_2 = 1
x1_3 = 1
x17_3 = 1
x28_3 = 1
x30_3 = 1
x9_12 = 1
x24_12 = 1
x25_12 = 1
x3_14 = 1
x12_14 = 1
x23_14 = 1
x13_15 = 1
x27_15 = 1
w2 = 1
w3 = 1
w12 = 1
w14 = 1
w15 = 1
