Tiempo de corrida total: 0.0372288
Tiempo de corrida recorrer el arbol: 0.011941
Valor de la funcion objetivo: 1
x3_3 = 1
x9_3 = 1
x12_3 = 1
x16_3 = 1
x21_3 = 1
x23_3 = 1
x29_3 = 1
x30_3 = 1
x31_3 = 1
x34_3 = 1
w3 = 1
