Tiempo de corrida total: 1.77653
Tiempo de corrida recorrer el arbol: 1.43572
Valor de la funcion objetivo: 2
x9_1 = 1
x10_1 = 1
x12_1 = 1
x14_1 = 1
x23_1 = 1
x4_3 = 1
x6_3 = 1
x15_3 = 1
x28_3 = 1
x36_3 = 1
w1 = 1
w3 = 1
