Tiempo de corrida total: 0.0575409
Tiempo de corrida recorrer el arbol: 0.011245
Valor de la funcion objetivo: 1
x30_5 = 1
x43_5 = 1
x44_5 = 1
x46_5 = 1
x50_5 = 1
w5 = 1
