Tiempo de corrida total: 0.538369
Tiempo de corrida recorrer el arbol: 0.382207
Valor de la funcion objetivo: 2
x30_3 = 1
x2_4 = 1
x15_4 = 1
x29_4 = 1
x34_4 = 1
w3 = 1
w4 = 1
