Tiempo de corrida total: 0.121757
Tiempo de corrida recorrer el arbol: 0.0230341
Valor de la funcion objetivo: 2
x1_2 = 1
x23_2 = 1
x11_3 = 1
x20_3 = 1
x25_3 = 1
w2 = 1
w3 = 1
