Tiempo de corrida total: 1.17837
Tiempo de corrida recorrer el arbol: 1.01226
Valor de la funcion objetivo: 2
x4_4 = 1
x5_4 = 1
x8_4 = 1
x12_4 = 1
x20_4 = 1
x29_4 = 1
x37_4 = 1
x40_4 = 1
x19_6 = 1
x23_6 = 1
w4 = 1
w6 = 1
