Tiempo de corrida total: 0.121884
Tiempo de corrida recorrer el arbol: 0.0478141
Valor de la funcion objetivo: 2
x1_5 = 1
x2_5 = 1
x13_5 = 1
x17_5 = 1
x19_5 = 1
x24_5 = 1
x26_5 = 1
x27_5 = 1
x29_5 = 1
x30_5 = 1
x3_8 = 1
x4_8 = 1
x5_8 = 1
x6_8 = 1
x7_8 = 1
x9_8 = 1
x10_8 = 1
x14_8 = 1
x20_8 = 1
x23_8 = 1
w5 = 1
w8 = 1
