Tiempo de corrida total: 0.474562
Tiempo de corrida recorrer el arbol: 0.455108
Valor de la funcion objetivo: 2
x1_2 = 1
x18_2 = 1
x25_2 = 1
x29_2 = 1
x35_2 = 1
x2_10 = 1
x8_10 = 1
x28_10 = 1
x31_10 = 1
x36_10 = 1
w2 = 1
w10 = 1
