Tiempo de corrida total: 0.0129821
Tiempo de corrida recorrer el arbol: 0.00434899
Valor de la funcion objetivo: 1
x1_1 = 1
x7_1 = 1
x14_1 = 1
x25_1 = 1
x35_1 = 1
w1 = 1
