Tiempo de corrida total: 0.140226
Tiempo de corrida recorrer el arbol: 0.0336602
Valor de la funcion objetivo: 2
x8_1 = 1
x9_1 = 1
x15_1 = 1
x17_1 = 1
x18_1 = 1
x21_1 = 1
x22_1 = 1
x27_1 = 1
x30_1 = 1
x1_14 = 1
x2_14 = 1
x7_14 = 1
x16_14 = 1
x23_14 = 1
x25_14 = 1
w1 = 1
w14 = 1
