Tiempo de corrida total: 0.972457
Tiempo de corrida recorrer el arbol: 0.558277
Valor de la funcion objetivo: 5
x6_1 = 1
x21_1 = 1
x9_2 = 1
x16_2 = 1
x8_4 = 1
x28_4 = 1
x11_6 = 1
x12_6 = 1
x5_8 = 1
x10_8 = 1
w1 = 1
w2 = 1
w4 = 1
w6 = 1
w8 = 1
