Tiempo de corrida total: 0.18694
Tiempo de corrida recorrer el arbol: 0.0767291
Valor de la funcion objetivo: 1
x1_4 = 1
x5_4 = 1
x6_4 = 1
x23_4 = 1
x28_4 = 1
w4 = 1
