Tiempo de corrida total: 2.06598
Tiempo de corrida recorrer el arbol: 1.98251
Valor de la funcion objetivo: 2
x11_8 = 1
x19_8 = 1
x21_8 = 1
x37_8 = 1
x1_14 = 1
x2_14 = 1
x8_14 = 1
x12_14 = 1
x16_14 = 1
x18_14 = 1
x28_14 = 1
x31_14 = 1
x34_14 = 1
x44_14 = 1
x46_14 = 1
w8 = 1
w14 = 1
