Tiempo de corrida total: 0.149849
Tiempo de corrida recorrer el arbol: 0.0539601
Valor de la funcion objetivo: 2
x3_2 = 1
x20_2 = 1
x25_2 = 1
x13_5 = 1
x24_5 = 1
w2 = 1
w5 = 1
