Tiempo de corrida total: 0.448024
Tiempo de corrida recorrer el arbol: 0.139075
Valor de la funcion objetivo: 1
x1_2 = 1
x9_2 = 1
x11_2 = 1
x27_2 = 1
x29_2 = 1
w2 = 1
