Tiempo de corrida total: 0.0229421
Tiempo de corrida recorrer el arbol: 0.0109329
Valor de la funcion objetivo: 1
x1_1 = 1
x2_1 = 1
x15_1 = 1
x29_1 = 1
x37_1 = 1
w1 = 1
