Tiempo de corrida total: 0.588487
Tiempo de corrida recorrer el arbol: 0.565691
Valor de la funcion objetivo: 2
x3_4 = 1
x10_4 = 1
x11_4 = 1
x17_4 = 1
x27_4 = 1
x18_10 = 1
x19_10 = 1
x20_10 = 1
x26_10 = 1
x29_10 = 1
w4 = 1
w10 = 1
