Tiempo de corrida total: 0.705997
Tiempo de corrida recorrer el arbol: 0.206228
Valor de la funcion objetivo: 4
x16_3 = 1
x22_3 = 1
x5_6 = 1
x6_6 = 1
x1_8 = 1
x18_8 = 1
x24_8 = 1
x17_9 = 1
x23_9 = 1
x30_9 = 1
w3 = 1
w6 = 1
w8 = 1
w9 = 1
