Tiempo de corrida total: 4.10418
Tiempo de corrida recorrer el arbol: 4.09468
Valor de la funcion objetivo: 3
x1_1 = 1
x3_1 = 1
x2_2 = 1
x28_2 = 1
x4_3 = 1
w1 = 1
w2 = 1
w3 = 1
