Tiempo de corrida total: 0.279151
Tiempo de corrida recorrer el arbol: 0.093071
Valor de la funcion objetivo: 3
x1_1 = 1
x10_1 = 1
x16_1 = 1
x18_1 = 1
x29_1 = 1
x12_10 = 1
x22_10 = 1
x24_10 = 1
x26_10 = 1
x28_10 = 1
x2_13 = 1
x4_13 = 1
x5_13 = 1
x6_13 = 1
x17_13 = 1
w1 = 1
w10 = 1
w13 = 1
