Tiempo de corrida total: 0.059427
Tiempo de corrida recorrer el arbol: 0.0222661
Valor de la funcion objetivo: 2
x1_7 = 1
x16_7 = 1
x17_7 = 1
x20_7 = 1
x30_7 = 1
x2_10 = 1
x3_10 = 1
x5_10 = 1
x10_10 = 1
x12_10 = 1
x23_10 = 1
x24_10 = 1
x26_10 = 1
x27_10 = 1
x29_10 = 1
w7 = 1
w10 = 1
