Tiempo de corrida total: 0.00997496
Tiempo de corrida recorrer el arbol: 0.00650311
Valor de la funcion objetivo: 1
x1_1 = 1
x4_1 = 1
x12_1 = 1
x14_1 = 1
x34_1 = 1
w1 = 1
