Tiempo de corrida total: 0.145856
Tiempo de corrida recorrer el arbol: 0.0365481
Valor de la funcion objetivo: 2
x3_10 = 1
x5_10 = 1
x17_10 = 1
x27_10 = 1
x28_10 = 1
x33_10 = 1
x39_10 = 1
x40_10 = 1
x1_16 = 1
x4_16 = 1
x9_16 = 1
x11_16 = 1
x12_16 = 1
x15_16 = 1
x18_16 = 1
x22_16 = 1
x26_16 = 1
x29_16 = 1
x32_16 = 1
x35_16 = 1
w10 = 1
w16 = 1
