Tiempo de corrida total: 0.47105
Tiempo de corrida recorrer el arbol: 0.437328
Valor de la funcion objetivo: 1
x5_2 = 1
x7_2 = 1
x8_2 = 1
x13_2 = 1
x36_2 = 1
w2 = 1
