Tiempo de corrida total: 0.197697
Tiempo de corrida recorrer el arbol: 0.186036
Valor de la funcion objetivo: 2
x1_3 = 1
x14_3 = 1
x19_3 = 1
x3_5 = 1
x11_5 = 1
w3 = 1
w5 = 1
