Tiempo de corrida total: 0.133292
Tiempo de corrida recorrer el arbol: 0.065151
Valor de la funcion objetivo: 2
x15_2 = 1
x16_2 = 1
x28_2 = 1
x29_2 = 1
x30_2 = 1
x1_6 = 1
x8_6 = 1
x10_6 = 1
x22_6 = 1
x27_6 = 1
w2 = 1
w6 = 1
