Tiempo de corrida total: 0.020566
Tiempo de corrida recorrer el arbol: 0.00454712
Valor de la funcion objetivo: 1
x1_1 = 1
x3_1 = 1
x7_1 = 1
x18_1 = 1
x25_1 = 1
w1 = 1
