Tiempo de corrida total: 0.281803
Tiempo de corrida recorrer el arbol: 0.0314441
Valor de la funcion objetivo: 1
x6_3 = 1
x14_3 = 1
x20_3 = 1
x22_3 = 1
x23_3 = 1
w3 = 1
