Tiempo de corrida total: 8.65991
Tiempo de corrida recorrer el arbol: 8.47147
Valor de la funcion objetivo: 2
x10_4 = 1
x13_4 = 1
x15_4 = 1
x18_4 = 1
x22_4 = 1
x30_4 = 1
x31_4 = 1
x34_4 = 1
x40_4 = 1
x46_4 = 1
x49_4 = 1
x3_10 = 1
x6_10 = 1
x9_10 = 1
x38_10 = 1
w4 = 1
w10 = 1
