Tiempo de corrida total: 0.254662
Tiempo de corrida recorrer el arbol: 0.075156
Valor de la funcion objetivo: 1
x16_3 = 1
x22_3 = 1
x27_3 = 1
x32_3 = 1
x48_3 = 1
w3 = 1
