Tiempo de corrida total: 0.65536
Tiempo de corrida recorrer el arbol: 0.108361
Valor de la funcion objetivo: 3
x1_4 = 1
x17_4 = 1
x19_4 = 1
x26_4 = 1
x40_4 = 1
x12_10 = 1
x16_10 = 1
x18_10 = 1
x27_10 = 1
x29_10 = 1
x33_10 = 1
x3_19 = 1
x4_19 = 1
x7_19 = 1
x24_19 = 1
x25_19 = 1
x35_19 = 1
x36_19 = 1
x38_19 = 1
x39_19 = 1
w4 = 1
w10 = 1
w19 = 1
