Tiempo de corrida total: 0.0462849
Tiempo de corrida recorrer el arbol: 0.01034
Valor de la funcion objetivo: 1
x4_3 = 1
x5_3 = 1
x13_3 = 1
x23_3 = 1
x25_3 = 1
w3 = 1
