Tiempo de corrida total: 2.11139
Tiempo de corrida recorrer el arbol: 1.20579
Valor de la funcion objetivo: 2
x2_1 = 1
x7_1 = 1
x17_1 = 1
x43_1 = 1
x5_4 = 1
x13_4 = 1
x15_4 = 1
x32_4 = 1
x40_4 = 1
x47_4 = 1
w1 = 1
w4 = 1
