Tiempo de corrida total: 4.31316
Tiempo de corrida recorrer el arbol: 4.30384
Valor de la funcion objetivo: 3
x2_2 = 1
x3_2 = 1
x4_2 = 1
x5_2 = 1
x7_2 = 1
x8_2 = 1
x19_2 = 1
x20_2 = 1
x1_19 = 1
x9_19 = 1
x10_19 = 1
x16_19 = 1
x18_19 = 1
x12_20 = 1
x14_20 = 1
x17_20 = 1
x23_20 = 1
x24_20 = 1
x29_20 = 1
x30_20 = 1
w2 = 1
w19 = 1
w20 = 1
