Tiempo de corrida total: 0.161118
Tiempo de corrida recorrer el arbol: 0.0701239
Valor de la funcion objetivo: 1
x1_9 = 1
x2_9 = 1
x11_9 = 1
x17_9 = 1
x18_9 = 1
x25_9 = 1
x27_9 = 1
x29_9 = 1
x31_9 = 1
x34_9 = 1
x35_9 = 1
x36_9 = 1
x40_9 = 1
x42_9 = 1
x49_9 = 1
w9 = 1
