Tiempo de corrida total: 7.79621
Tiempo de corrida recorrer el arbol: 7.51831
Valor de la funcion objetivo: 2
x16_2 = 1
x17_2 = 1
x36_2 = 1
x41_2 = 1
x44_2 = 1
x45_2 = 1
x5_13 = 1
x9_13 = 1
x14_13 = 1
x15_13 = 1
x19_13 = 1
x24_13 = 1
x26_13 = 1
x29_13 = 1
x39_13 = 1
w2 = 1
w13 = 1
