Tiempo de corrida total: 0.0336902
Tiempo de corrida recorrer el arbol: 0.0290799
Valor de la funcion objetivo: 1
x9_4 = 1
x14_4 = 1
x16_4 = 1
x18_4 = 1
x21_4 = 1
x25_4 = 1
x30_4 = 1
x31_4 = 1
x35_4 = 1
x37_4 = 1
w4 = 1
