Tiempo de corrida total: 0.423896
Tiempo de corrida recorrer el arbol: 0.061084
Valor de la funcion objetivo: 3
x3_1 = 1
x4_1 = 1
x5_1 = 1
x9_1 = 1
x12_1 = 1
x15_1 = 1
x21_1 = 1
x25_1 = 1
x10_2 = 1
x14_2 = 1
x16_2 = 1
x26_2 = 1
x27_2 = 1
x29_2 = 1
x1_10 = 1
x11_10 = 1
x13_10 = 1
x17_10 = 1
x28_10 = 1
x30_10 = 1
w1 = 1
w2 = 1
w10 = 1
