Tiempo de corrida total: 0.0584791
Tiempo de corrida recorrer el arbol: 0.0422351
Valor de la funcion objetivo: 1
x8_3 = 1
x13_3 = 1
x16_3 = 1
x17_3 = 1
x29_3 = 1
x31_3 = 1
x35_3 = 1
x36_3 = 1
x37_3 = 1
x38_3 = 1
w3 = 1
