Tiempo de corrida total: 0.563325
Tiempo de corrida recorrer el arbol: 0.555553
Valor de la funcion objetivo: 2
x1_1 = 1
x2_1 = 1
x3_2 = 1
x6_2 = 1
x9_2 = 1
w1 = 1
w2 = 1
