Tiempo de corrida total: 0.226298
Tiempo de corrida recorrer el arbol: 0.0326409
Valor de la funcion objetivo: 1
x6_6 = 1
x11_6 = 1
x15_6 = 1
x29_6 = 1
x31_6 = 1
x32_6 = 1
x33_6 = 1
x34_6 = 1
x36_6 = 1
x39_6 = 1
w6 = 1
