Tiempo de corrida total: 4.11613
Tiempo de corrida recorrer el arbol: 3.83096
Valor de la funcion objetivo: 2
x6_1 = 1
x8_1 = 1
x10_1 = 1
x15_1 = 1
x18_1 = 1
x4_3 = 1
x17_3 = 1
x21_3 = 1
x25_3 = 1
x37_3 = 1
w1 = 1
w3 = 1
