Tiempo de corrida total: 2.44938
Tiempo de corrida recorrer el arbol: 0.414428
Valor de la funcion objetivo: 2
x8_6 = 1
x19_6 = 1
x26_6 = 1
x30_6 = 1
x37_6 = 1
x5_10 = 1
x6_10 = 1
x18_10 = 1
x33_10 = 1
x44_10 = 1
w6 = 1
w10 = 1
