Tiempo de corrida total: 0.52206
Tiempo de corrida recorrer el arbol: 0.47096
Valor de la funcion objetivo: 2
x7_6 = 1
x20_6 = 1
x25_6 = 1
x26_6 = 1
x40_6 = 1
x3_18 = 1
x5_18 = 1
x8_18 = 1
x12_18 = 1
x13_18 = 1
x15_18 = 1
x17_18 = 1
x18_18 = 1
x19_18 = 1
x21_18 = 1
x24_18 = 1
x28_18 = 1
x30_18 = 1
x32_18 = 1
x33_18 = 1
w6 = 1
w18 = 1
