Tiempo de corrida total: 0.124293
Tiempo de corrida recorrer el arbol: 0.033921
Valor de la funcion objetivo: 2
x2_13 = 1
x5_13 = 1
x6_13 = 1
x10_13 = 1
x14_13 = 1
x23_13 = 1
x29_13 = 1
x30_13 = 1
x3_16 = 1
x4_16 = 1
x9_16 = 1
x11_16 = 1
x13_16 = 1
x18_16 = 1
x19_16 = 1
x20_16 = 1
x25_16 = 1
x26_16 = 1
x27_16 = 1
x28_16 = 1
w13 = 1
w16 = 1
