Tiempo de corrida total: 0.260829
Tiempo de corrida recorrer el arbol: 0.216058
Valor de la funcion objetivo: 2
x12_9 = 1
x22_9 = 1
x24_9 = 1
x25_9 = 1
x29_9 = 1
x33_9 = 1
x35_9 = 1
x11_12 = 1
x15_12 = 1
x18_12 = 1
x20_12 = 1
x21_12 = 1
x31_12 = 1
x36_12 = 1
x40_12 = 1
w9 = 1
w12 = 1
