Tiempo de corrida total: 0.0927179
Tiempo de corrida recorrer el arbol: 0.0278611
Valor de la funcion objetivo: 2
x1_5 = 1
x16_5 = 1
x24_5 = 1
x25_5 = 1
x28_5 = 1
x8_7 = 1
x9_7 = 1
x10_7 = 1
x15_7 = 1
x17_7 = 1
x18_7 = 1
x21_7 = 1
x22_7 = 1
x27_7 = 1
x30_7 = 1
w5 = 1
w7 = 1
