Tiempo de corrida total: 0.066241
Tiempo de corrida recorrer el arbol: 0.012382
Valor de la funcion objetivo: 2
x1_10 = 1
x2_10 = 1
x3_10 = 1
x4_10 = 1
x5_10 = 1
x12_10 = 1
x17_10 = 1
x22_10 = 1
x25_10 = 1
x27_10 = 1
x29_10 = 1
x7_11 = 1
x9_11 = 1
x10_11 = 1
x16_11 = 1
w10 = 1
w11 = 1
