Tiempo de corrida total: 0.16408
Tiempo de corrida recorrer el arbol: 0.0329061
Valor de la funcion objetivo: 1
x3_1 = 1
x6_1 = 1
x14_1 = 1
x22_1 = 1
x23_1 = 1
w1 = 1
