Tiempo de corrida total: 0.208542
Tiempo de corrida recorrer el arbol: 0.135251
Valor de la funcion objetivo: 2
x1_3 = 1
x5_3 = 1
x6_3 = 1
x22_5 = 1
x32_5 = 1
w3 = 1
w5 = 1
