Tiempo de corrida total: 0.012861
Tiempo de corrida recorrer el arbol: 0.0113399
Valor de la funcion objetivo: 1
x2_2 = 1
x10_2 = 1
x12_2 = 1
x13_2 = 1
x14_2 = 1
x18_2 = 1
x23_2 = 1
x32_2 = 1
x37_2 = 1
x39_2 = 1
w2 = 1
