Tiempo de corrida total: 0.556777
Tiempo de corrida recorrer el arbol: 0.107435
Valor de la funcion objetivo: 2
x8_7 = 1
x9_7 = 1
x18_7 = 1
x24_7 = 1
x32_7 = 1
x36_7 = 1
x38_7 = 1
x40_7 = 1
x3_12 = 1
x15_12 = 1
x16_12 = 1
x17_12 = 1
x31_12 = 1
x46_12 = 1
x48_12 = 1
w7 = 1
w12 = 1
