Tiempo de corrida total: 0.088218
Tiempo de corrida recorrer el arbol: 0.058805
Valor de la funcion objetivo: 1
x7_5 = 1
x10_5 = 1
x12_5 = 1
x22_5 = 1
x25_5 = 1
w5 = 1
