Tiempo de corrida total: 1.88303
Tiempo de corrida recorrer el arbol: 1.75881
Valor de la funcion objetivo: 2
x3_6 = 1
x9_6 = 1
x26_6 = 1
x27_6 = 1
x36_6 = 1
x40_6 = 1
x2_10 = 1
x7_10 = 1
x13_10 = 1
x28_10 = 1
w6 = 1
w10 = 1
