Tiempo de corrida total: 6.85384
Tiempo de corrida recorrer el arbol: 6.76064
Valor de la funcion objetivo: 3
x1_7 = 1
x5_7 = 1
x6_7 = 1
x11_7 = 1
x19_7 = 1
x27_7 = 1
x29_7 = 1
x37_7 = 1
x13_8 = 1
x14_8 = 1
x17_8 = 1
x26_8 = 1
x36_8 = 1
x38_8 = 1
x12_12 = 1
x22_12 = 1
x24_12 = 1
x25_12 = 1
x33_12 = 1
x34_12 = 1
w7 = 1
w8 = 1
w12 = 1
