Tiempo de corrida total: 0.0125279
Tiempo de corrida recorrer el arbol: 0.00972986
Valor de la funcion objetivo: 1
x1_1 = 1
x2_1 = 1
x3_1 = 1
x6_1 = 1
x10_1 = 1
x11_1 = 1
x13_1 = 1
x18_1 = 1
x25_1 = 1
x32_1 = 1
w1 = 1
