Tiempo de corrida total: 0.83274
Tiempo de corrida recorrer el arbol: 0.762741
Valor de la funcion objetivo: 2
x19_2 = 1
x22_2 = 1
x24_2 = 1
x27_2 = 1
x21_4 = 1
w2 = 1
w4 = 1
