Tiempo de corrida total: 1.06582
Tiempo de corrida recorrer el arbol: 0.250906
Valor de la funcion objetivo: 3
x1_1 = 1
x9_1 = 1
x13_1 = 1
x14_1 = 1
x24_1 = 1
x27_1 = 1
x29_1 = 1
x2_3 = 1
x3_3 = 1
x5_3 = 1
x10_3 = 1
x11_3 = 1
x12_3 = 1
x4_11 = 1
x15_11 = 1
x16_11 = 1
x18_11 = 1
x19_11 = 1
x23_11 = 1
x25_11 = 1
w1 = 1
w3 = 1
w11 = 1
