Tiempo de corrida total: 0.012584
Tiempo de corrida recorrer el arbol: 0.00406194
Valor de la funcion objetivo: 1
x18_5 = 1
x21_5 = 1
x25_5 = 1
x28_5 = 1
x29_5 = 1
w5 = 1
