Tiempo de corrida total: 0.0156369
Tiempo de corrida recorrer el arbol: 0.00653291
Valor de la funcion objetivo: 1
x6_1 = 1
x22_1 = 1
x30_1 = 1
x33_1 = 1
x39_1 = 1
w1 = 1
