Tiempo de corrida total: 4.11489
Tiempo de corrida recorrer el arbol: 0.947587
Valor de la funcion objetivo: 2
x20_2 = 1
x28_2 = 1
x29_2 = 1
x31_2 = 1
x45_2 = 1
x19_6 = 1
x25_6 = 1
x38_6 = 1
x43_6 = 1
x47_6 = 1
w2 = 1
w6 = 1
