Tiempo de corrida total: 3.23892
Tiempo de corrida recorrer el arbol: 3.21855
Valor de la funcion objetivo: 2
x1_1 = 1
x2_1 = 1
x4_1 = 1
x10_1 = 1
x11_1 = 1
x17_9 = 1
x28_9 = 1
x30_9 = 1
x35_9 = 1
x46_9 = 1
w1 = 1
w9 = 1
