Tiempo de corrida total: 1.90065
Tiempo de corrida recorrer el arbol: 1.89138
Valor de la funcion objetivo: 2
x2_1 = 1
x3_1 = 1
x12_1 = 1
x15_1 = 1
x25_1 = 1
x32_1 = 1
x1_10 = 1
x17_10 = 1
x22_10 = 1
x31_10 = 1
w1 = 1
w10 = 1
