Tiempo de corrida total: 0.068759
Tiempo de corrida recorrer el arbol: 0.032249
Valor de la funcion objetivo: 1
x1_4 = 1
x3_4 = 1
x10_4 = 1
x24_4 = 1
x29_4 = 1
w4 = 1
