Tiempo de corrida total: 0.21338
Tiempo de corrida recorrer el arbol: 0.0742869
Valor de la funcion objetivo: 1
x4_3 = 1
x9_3 = 1
x14_3 = 1
x27_3 = 1
x43_3 = 1
w3 = 1
