Tiempo de corrida total: 0.00596404
Tiempo de corrida recorrer el arbol: 0.00524616
Valor de la funcion objetivo: 1
x1_1 = 1
x2_1 = 1
x3_1 = 1
x9_1 = 1
x11_1 = 1
w1 = 1
