Tiempo de corrida total: 0.568328
Tiempo de corrida recorrer el arbol: 0.435313
Valor de la funcion objetivo: 2
x3_5 = 1
x14_5 = 1
x27_5 = 1
x29_5 = 1
x18_15 = 1
x22_15 = 1
x23_15 = 1
x24_15 = 1
x32_15 = 1
x33_15 = 1
x36_15 = 1
x37_15 = 1
x44_15 = 1
x46_15 = 1
x50_15 = 1
w5 = 1
w15 = 1
