Tiempo de corrida total: 0.100523
Tiempo de corrida recorrer el arbol: 0.0862842
Valor de la funcion objetivo: 1
x8_3 = 1
x11_3 = 1
x13_3 = 1
x18_3 = 1
x23_3 = 1
x24_3 = 1
x31_3 = 1
x42_3 = 1
x48_3 = 1
x49_3 = 1
w3 = 1
