Tiempo de corrida total: 0.400022
Tiempo de corrida recorrer el arbol: 0.283681
Valor de la funcion objetivo: 2
x1_3 = 1
x3_3 = 1
x5_3 = 1
x15_3 = 1
x18_3 = 1
x25_3 = 1
x2_5 = 1
x17_5 = 1
x21_5 = 1
x22_5 = 1
x27_5 = 1
x30_5 = 1
x32_5 = 1
x34_5 = 1
x37_5 = 1
w3 = 1
w5 = 1
