Tiempo de corrida total: 0.110909
Tiempo de corrida recorrer el arbol: 0.0307479
Valor de la funcion objetivo: 2
x1_12 = 1
x3_12 = 1
x10_12 = 1
x13_12 = 1
x16_12 = 1
x26_12 = 1
x28_12 = 1
x30_12 = 1
x4_17 = 1
x5_17 = 1
x9_17 = 1
x12_17 = 1
x14_17 = 1
x17_17 = 1
x18_17 = 1
x20_17 = 1
x22_17 = 1
x23_17 = 1
x24_17 = 1
x25_17 = 1
w12 = 1
w17 = 1
