Tiempo de corrida total: 2.38006
Tiempo de corrida recorrer el arbol: 2.17346
Valor de la funcion objetivo: 2
x3_10 = 1
x8_10 = 1
x11_10 = 1
x12_10 = 1
x17_10 = 1
x18_10 = 1
x19_10 = 1
x28_10 = 1
x30_10 = 1
x2_15 = 1
x4_15 = 1
x10_15 = 1
x15_15 = 1
x16_15 = 1
x23_15 = 1
w10 = 1
w15 = 1
