Tiempo de corrida total: 0.127941
Tiempo de corrida recorrer el arbol: 0.0842271
Valor de la funcion objetivo: 3
x20_1 = 1
x28_1 = 1
x24_2 = 1
x12_3 = 1
x15_3 = 1
w1 = 1
w2 = 1
w3 = 1
