Tiempo de corrida total: 0.629752
Tiempo de corrida recorrer el arbol: 0.581726
Valor de la funcion objetivo: 2
x4_2 = 1
x13_2 = 1
x16_2 = 1
x18_2 = 1
x25_2 = 1
x29_2 = 1
x1_5 = 1
x3_5 = 1
x9_5 = 1
x12_5 = 1
w2 = 1
w5 = 1
