Tiempo de corrida total: 1.22231
Tiempo de corrida recorrer el arbol: 1.10958
Valor de la funcion objetivo: 2
x2_9 = 1
x5_9 = 1
x9_9 = 1
x13_9 = 1
x15_9 = 1
x29_9 = 1
x32_9 = 1
x19_10 = 1
x27_10 = 1
x39_10 = 1
w9 = 1
w10 = 1
