Tiempo de corrida total: 0.912012
Tiempo de corrida recorrer el arbol: 0.849519
Valor de la funcion objetivo: 2
x10_6 = 1
x17_6 = 1
x24_6 = 1
x29_6 = 1
x30_6 = 1
x4_7 = 1
x5_7 = 1
x12_7 = 1
x14_7 = 1
x19_7 = 1
x22_7 = 1
x25_7 = 1
x27_7 = 1
x34_7 = 1
x36_7 = 1
w6 = 1
w7 = 1
