Tiempo de corrida total: 0.0364981
Tiempo de corrida recorrer el arbol: 0.033571
Valor de la funcion objetivo: 1
x8_3 = 1
x14_3 = 1
x18_3 = 1
x25_3 = 1
x29_3 = 1
x37_3 = 1
x40_3 = 1
x42_3 = 1
x45_3 = 1
x50_3 = 1
w3 = 1
