Tiempo de corrida total: 0.691698
Tiempo de corrida recorrer el arbol: 0.666706
Valor de la funcion objetivo: 2
x19_1 = 1
x40_1 = 1
x2_5 = 1
x9_5 = 1
x25_5 = 1
w1 = 1
w5 = 1
