Tiempo de corrida total: 4.23896
Tiempo de corrida recorrer el arbol: 3.71702
Valor de la funcion objetivo: 5
x5_4 = 1
x16_4 = 1
x22_4 = 1
x9_5 = 1
x24_5 = 1
x25_5 = 1
x3_12 = 1
x12_12 = 1
x23_12 = 1
x1_13 = 1
x17_13 = 1
x28_13 = 1
x30_13 = 1
x13_14 = 1
x27_14 = 1
w4 = 1
w5 = 1
w12 = 1
w13 = 1
w14 = 1
