Tiempo de corrida total: 3.15969
Tiempo de corrida recorrer el arbol: 1.26826
Valor de la funcion objetivo: 2
x5_3 = 1
x12_3 = 1
x14_3 = 1
x31_3 = 1
x36_3 = 1
x42_3 = 1
x47_3 = 1
x18_5 = 1
x29_5 = 1
x44_5 = 1
w3 = 1
w5 = 1
