Tiempo de corrida total: 0.0372081
Tiempo de corrida recorrer el arbol: 0.011528
Valor de la funcion objetivo: 1
x1_2 = 1
x2_2 = 1
x4_2 = 1
x15_2 = 1
x18_2 = 1
w2 = 1
