Tiempo de corrida total: 0.0186739
Tiempo de corrida recorrer el arbol: 0.016248
Valor de la funcion objetivo: 1
x1_1 = 1
x2_1 = 1
x3_1 = 1
x4_1 = 1
x6_1 = 1
x7_1 = 1
x18_1 = 1
x21_1 = 1
x22_1 = 1
x29_1 = 1
w1 = 1
