Tiempo de corrida total: 0.0479019
Tiempo de corrida recorrer el arbol: 0.0251849
Valor de la funcion objetivo: 1
x2_4 = 1
x8_4 = 1
x11_4 = 1
x24_4 = 1
x28_4 = 1
w4 = 1
