Tiempo de corrida total: 0.35703
Tiempo de corrida recorrer el arbol: 0.138352
Valor de la funcion objetivo: 2
x12_12 = 1
x18_12 = 1
x20_12 = 1
x28_12 = 1
x31_12 = 1
x33_12 = 1
x34_12 = 1
x46_12 = 1
x47_12 = 1
x3_20 = 1
x7_20 = 1
x8_20 = 1
x15_20 = 1
x24_20 = 1
x26_20 = 1
x29_20 = 1
x35_20 = 1
x36_20 = 1
x40_20 = 1
x50_20 = 1
w12 = 1
w20 = 1
