Tiempo de corrida total: 4.40639
Tiempo de corrida recorrer el arbol: 3.99507
Valor de la funcion objetivo: 2
x7_2 = 1
x10_2 = 1
x34_2 = 1
x38_2 = 1
x39_2 = 1
x45_2 = 1
x5_13 = 1
x12_13 = 1
x13_13 = 1
x15_13 = 1
x19_13 = 1
x23_13 = 1
x25_13 = 1
x43_13 = 1
x50_13 = 1
w2 = 1
w13 = 1
