Tiempo de corrida total: 0.286502
Tiempo de corrida recorrer el arbol: 0.0500331
Valor de la funcion objetivo: 2
x13_1 = 1
x19_1 = 1
x23_1 = 1
x29_1 = 1
x34_1 = 1
x38_1 = 1
x42_1 = 1
x50_1 = 1
x3_9 = 1
x8_9 = 1
x18_9 = 1
x22_9 = 1
x25_9 = 1
x26_9 = 1
x28_9 = 1
x33_9 = 1
x35_9 = 1
x36_9 = 1
x37_9 = 1
x39_9 = 1
w1 = 1
w9 = 1
