Tiempo de corrida total: 2.37142
Tiempo de corrida recorrer el arbol: 2.19735
Valor de la funcion objetivo: 1
x1_8 = 1
x2_8 = 1
x14_8 = 1
x16_8 = 1
x21_8 = 1
x26_8 = 1
x32_8 = 1
x36_8 = 1
x46_8 = 1
x47_8 = 1
w8 = 1
