Tiempo de corrida total: 0.083143
Tiempo de corrida recorrer el arbol: 0.0163281
Valor de la funcion objetivo: 2
x1_1 = 1
x9_1 = 1
x14_1 = 1
x19_1 = 1
x20_1 = 1
x23_1 = 1
x24_1 = 1
x25_1 = 1
x30_1 = 1
x3_12 = 1
x4_12 = 1
x8_12 = 1
x10_12 = 1
x12_12 = 1
x16_12 = 1
x17_12 = 1
x18_12 = 1
x26_12 = 1
x28_12 = 1
x29_12 = 1
w1 = 1
w12 = 1
