Tiempo de corrida total: 1.72847
Tiempo de corrida recorrer el arbol: 1.65141
Valor de la funcion objetivo: 2
x16_6 = 1
x34_6 = 1
x35_6 = 1
x39_6 = 1
x41_6 = 1
x42_6 = 1
x48_6 = 1
x2_15 = 1
x5_15 = 1
x10_15 = 1
x13_15 = 1
x14_15 = 1
x17_15 = 1
x19_15 = 1
x21_15 = 1
x26_15 = 1
x29_15 = 1
x37_15 = 1
x38_15 = 1
x45_15 = 1
w6 = 1
w15 = 1
