Tiempo de corrida total: 4.24031
Tiempo de corrida recorrer el arbol: 1.98059
Valor de la funcion objetivo: 2
x12_2 = 1
x25_2 = 1
x26_2 = 1
x29_2 = 1
x4_9 = 1
x14_9 = 1
x16_9 = 1
x17_9 = 1
x24_9 = 1
x36_9 = 1
w2 = 1
w9 = 1
