Tiempo de corrida total: 0.0214241
Tiempo de corrida recorrer el arbol: 0.0113239
Valor de la funcion objetivo: 1
x1_3 = 1
x2_3 = 1
x11_3 = 1
x19_3 = 1
x20_3 = 1
w3 = 1
