Tiempo de corrida total: 1.89965
Tiempo de corrida recorrer el arbol: 1.89291
Valor de la funcion objetivo: 2
x2_4 = 1
x4_4 = 1
x10_4 = 1
x15_4 = 1
x27_4 = 1
x5_5 = 1
x7_5 = 1
x18_5 = 1
x22_5 = 1
x30_5 = 1
w4 = 1
w5 = 1
