Tiempo de corrida total: 0.13761
Tiempo de corrida recorrer el arbol: 0.110338
Valor de la funcion objetivo: 2
x5_4 = 1
x11_4 = 1
x13_5 = 1
x21_5 = 1
x27_5 = 1
w4 = 1
w5 = 1
