Tiempo de corrida total: 0.025423
Tiempo de corrida recorrer el arbol: 0.0189369
Valor de la funcion objetivo: 1
x3_4 = 1
x4_4 = 1
x9_4 = 1
x11_4 = 1
x30_4 = 1
w4 = 1
