Tiempo de corrida total: 0.346514
Tiempo de corrida recorrer el arbol: 0.15382
Valor de la funcion objetivo: 1
x3_14 = 1
x5_14 = 1
x6_14 = 1
x8_14 = 1
x10_14 = 1
x12_14 = 1
x18_14 = 1
x24_14 = 1
x28_14 = 1
x29_14 = 1
x37_14 = 1
x40_14 = 1
x46_14 = 1
x47_14 = 1
x49_14 = 1
w14 = 1
