Tiempo de corrida total: 0.219616
Tiempo de corrida recorrer el arbol: 0.180681
Valor de la funcion objetivo: 2
x3_1 = 1
x16_1 = 1
x6_5 = 1
x13_5 = 1
x20_5 = 1
w1 = 1
w5 = 1
