Tiempo de corrida total: 0.010761
Tiempo de corrida recorrer el arbol: 0.00631785
Valor de la funcion objetivo: 1
x1_1 = 1
x5_1 = 1
x6_1 = 1
x12_1 = 1
x13_1 = 1
x17_1 = 1
x18_1 = 1
x20_1 = 1
x25_1 = 1
x27_1 = 1
w1 = 1
