Tiempo de corrida total: 0.292574
Tiempo de corrida recorrer el arbol: 0.0265081
Valor de la funcion objetivo: 1
x1_4 = 1
x11_4 = 1
x21_4 = 1
x22_4 = 1
x23_4 = 1
x27_4 = 1
x36_4 = 1
x43_4 = 1
x44_4 = 1
x47_4 = 1
w4 = 1
