Tiempo de corrida total: 1.83944
Tiempo de corrida recorrer el arbol: 0.699991
Valor de la funcion objetivo: 3
x1_2 = 1
x20_2 = 1
x33_2 = 1
x4_4 = 1
x14_4 = 1
x17_4 = 1
x5_8 = 1
x15_8 = 1
x22_8 = 1
x40_8 = 1
w2 = 1
w4 = 1
w8 = 1
