Tiempo de corrida total: 0.67096
Tiempo de corrida recorrer el arbol: 0.073489
Valor de la funcion objetivo: 1
x3_3 = 1
x11_3 = 1
x14_3 = 1
x24_3 = 1
x40_3 = 1
w3 = 1
