Tiempo de corrida total: 0.667155
Tiempo de corrida recorrer el arbol: 0.63944
Valor de la funcion objetivo: 2
x5_4 = 1
x17_4 = 1
x33_4 = 1
x2_5 = 1
x18_5 = 1
w4 = 1
w5 = 1
