Tiempo de corrida total: 1.77796
Tiempo de corrida recorrer el arbol: 1.34406
Valor de la funcion objetivo: 4
x12_1 = 1
x31_1 = 1
x26_7 = 1
x38_7 = 1
x11_8 = 1
x29_8 = 1
x32_8 = 1
x5_10 = 1
x7_10 = 1
x9_10 = 1
w1 = 1
w7 = 1
w8 = 1
w10 = 1
