Tiempo de corrida total: 0.144735
Tiempo de corrida recorrer el arbol: 0.116328
Valor de la funcion objetivo: 1
x1_8 = 1
x8_8 = 1
x10_8 = 1
x16_8 = 1
x21_8 = 1
x31_8 = 1
x32_8 = 1
x42_8 = 1
x45_8 = 1
x47_8 = 1
w8 = 1
