Tiempo de corrida total: 0.227117
Tiempo de corrida recorrer el arbol: 0.225695
Valor de la funcion objetivo: 2
x1_1 = 1
x2_1 = 1
x3_1 = 1
x4_1 = 1
x5_1 = 1
x7_1 = 1
x10_1 = 1
x12_1 = 1
x15_1 = 1
x20_1 = 1
x22_1 = 1
x16_2 = 1
x25_2 = 1
x29_2 = 1
x30_2 = 1
w1 = 1
w2 = 1
