Tiempo de corrida total: 0.237406
Tiempo de corrida recorrer el arbol: 0.130489
Valor de la funcion objetivo: 1
x6_1 = 1
x10_1 = 1
x12_1 = 1
x13_1 = 1
x18_1 = 1
x25_1 = 1
x26_1 = 1
x27_1 = 1
x41_1 = 1
x44_1 = 1
w1 = 1
