Tiempo de corrida total: 0.022603
Tiempo de corrida recorrer el arbol: 0.0100329
Valor de la funcion objetivo: 1
x1_5 = 1
x3_5 = 1
x4_5 = 1
x8_5 = 1
x12_5 = 1
w5 = 1
