Tiempo de corrida total: 1.49111
Tiempo de corrida recorrer el arbol: 1.45746
Valor de la funcion objetivo: 2
x1_3 = 1
x2_3 = 1
x5_3 = 1
x10_3 = 1
x12_3 = 1
x37_3 = 1
x3_9 = 1
x8_9 = 1
x15_9 = 1
x16_9 = 1
x21_9 = 1
x23_9 = 1
x31_9 = 1
x35_9 = 1
x36_9 = 1
w3 = 1
w9 = 1
