Tiempo de corrida total: 0.285881
Tiempo de corrida recorrer el arbol: 0.277941
Valor de la funcion objetivo: 2
x2_1 = 1
x3_1 = 1
x5_1 = 1
x11_1 = 1
x12_1 = 1
x16_1 = 1
x26_1 = 1
x27_1 = 1
x1_20 = 1
x6_20 = 1
x8_20 = 1
x9_20 = 1
x14_20 = 1
x19_20 = 1
x22_20 = 1
x23_20 = 1
x25_20 = 1
x28_20 = 1
x29_20 = 1
x30_20 = 1
w1 = 1
w20 = 1
