Tiempo de corrida total: 0.0799301
Tiempo de corrida recorrer el arbol: 0.0097518
Valor de la funcion objetivo: 1
x1_5 = 1
x2_5 = 1
x3_5 = 1
x15_5 = 1
x26_5 = 1
w5 = 1
