Tiempo de corrida total: 1.31085
Tiempo de corrida recorrer el arbol: 1.24255
Valor de la funcion objetivo: 2
x1_10 = 1
x6_10 = 1
x7_10 = 1
x12_10 = 1
x16_10 = 1
x23_10 = 1
x31_10 = 1
x34_10 = 1
x2_14 = 1
x3_14 = 1
x11_14 = 1
x25_14 = 1
x29_14 = 1
x37_14 = 1
x40_14 = 1
w10 = 1
w14 = 1
