Tiempo de corrida total: 5.89581
Tiempo de corrida recorrer el arbol: 5.48386
Valor de la funcion objetivo: 2
x15_1 = 1
x25_1 = 1
x29_1 = 1
x30_1 = 1
x8_8 = 1
x11_8 = 1
x12_8 = 1
x17_8 = 1
x22_8 = 1
x27_8 = 1
w1 = 1
w8 = 1
