Tiempo de corrida total: 0.0403628
Tiempo de corrida recorrer el arbol: 0.011832
Valor de la funcion objetivo: 1
x2_3 = 1
x11_3 = 1
x19_3 = 1
x43_3 = 1
x50_3 = 1
w3 = 1
