Tiempo de corrida total: 0.242085
Tiempo de corrida recorrer el arbol: 0.060606
Valor de la funcion objetivo: 2
x1_8 = 1
x2_8 = 1
x14_8 = 1
x18_8 = 1
x21_8 = 1
x31_8 = 1
x35_8 = 1
x38_8 = 1
x41_8 = 1
x47_8 = 1
x15_15 = 1
x17_15 = 1
x20_15 = 1
x22_15 = 1
x23_15 = 1
x24_15 = 1
x29_15 = 1
x42_15 = 1
x43_15 = 1
x46_15 = 1
w8 = 1
w15 = 1
