Tiempo de corrida total: 0.996025
Tiempo de corrida recorrer el arbol: 0.977118
Valor de la funcion objetivo: 2
x2_2 = 1
x5_2 = 1
x10_2 = 1
x18_2 = 1
x20_2 = 1
x31_2 = 1
x32_2 = 1
x34_2 = 1
x38_2 = 1
x3_3 = 1
x7_3 = 1
x9_3 = 1
x22_3 = 1
x25_3 = 1
x37_3 = 1
w2 = 1
w3 = 1
