Tiempo de corrida total: 1.78804
Tiempo de corrida recorrer el arbol: 1.67434
Valor de la funcion objetivo: 2
x8_6 = 1
x10_6 = 1
x16_6 = 1
x18_6 = 1
x30_6 = 1
x31_6 = 1
x34_6 = 1
x36_6 = 1
x39_6 = 1
x40_6 = 1
x41_6 = 1
x43_6 = 1
x45_6 = 1
x9_14 = 1
x50_14 = 1
w6 = 1
w14 = 1
