Tiempo de corrida total: 3.05442
Tiempo de corrida recorrer el arbol: 3.04883
Valor de la funcion objetivo: 3
x1_1 = 1
x27_1 = 1
x2_2 = 1
x8_3 = 1
x24_3 = 1
w1 = 1
w2 = 1
w3 = 1
