Tiempo de corrida total: 0.021517
Tiempo de corrida recorrer el arbol: 0.0153661
Valor de la funcion objetivo: 1
x4_2 = 1
x5_2 = 1
x10_2 = 1
x13_2 = 1
x14_2 = 1
x15_2 = 1
x20_2 = 1
x22_2 = 1
x24_2 = 1
x30_2 = 1
w2 = 1
