Tiempo de corrida total: 0.0192189
Tiempo de corrida recorrer el arbol: 0.00780606
Valor de la funcion objetivo: 1
x2_1 = 1
x3_1 = 1
x19_1 = 1
x23_1 = 1
x32_1 = 1
w1 = 1
