Tiempo de corrida total: 0.086822
Tiempo de corrida recorrer el arbol: 0.030236
Valor de la funcion objetivo: 3
x10_4 = 1
x18_4 = 1
x19_4 = 1
x20_6 = 1
x23_6 = 1
x29_6 = 1
x16_9 = 1
x26_9 = 1
x28_9 = 1
x30_9 = 1
w4 = 1
w6 = 1
w9 = 1
