Tiempo de corrida total: 0.0246642
Tiempo de corrida recorrer el arbol: 0.018888
Valor de la funcion objetivo: 1
x3_2 = 1
x4_2 = 1
x7_2 = 1
x8_2 = 1
x16_2 = 1
x18_2 = 1
x29_2 = 1
x30_2 = 1
x43_2 = 1
x45_2 = 1
w2 = 1
