Tiempo de corrida total: 0.0319409
Tiempo de corrida recorrer el arbol: 0.00592613
Valor de la funcion objetivo: 1
x1_1 = 1
x7_1 = 1
x10_1 = 1
x13_1 = 1
x23_1 = 1
w1 = 1
