Tiempo de corrida total: 0.126572
Tiempo de corrida recorrer el arbol: 0.0324769
Valor de la funcion objetivo: 2
x1_10 = 1
x5_10 = 1
x13_10 = 1
x14_10 = 1
x15_10 = 1
x17_10 = 1
x20_10 = 1
x22_10 = 1
x23_10 = 1
x29_10 = 1
x3_19 = 1
x7_19 = 1
x8_19 = 1
x16_19 = 1
x18_19 = 1
x19_19 = 1
x24_19 = 1
x26_19 = 1
x27_19 = 1
x30_19 = 1
w10 = 1
w19 = 1
