Tiempo de corrida total: 0.233866
Tiempo de corrida recorrer el arbol: 0.181351
Valor de la funcion objetivo: 3
x18_1 = 1
x22_1 = 1
x6_3 = 1
x27_3 = 1
x29_4 = 1
w1 = 1
w3 = 1
w4 = 1
