Tiempo de corrida total: 0.025286
Tiempo de corrida recorrer el arbol: 0.00881219
Valor de la funcion objetivo: 1
x5_10 = 1
x10_10 = 1
x13_10 = 1
x14_10 = 1
x18_10 = 1
x20_10 = 1
x26_10 = 1
x33_10 = 1
x34_10 = 1
x38_10 = 1
w10 = 1
