Tiempo de corrida total: 0.103198
Tiempo de corrida recorrer el arbol: 0.0464389
Valor de la funcion objetivo: 1
x6_2 = 1
x10_2 = 1
x14_2 = 1
x29_2 = 1
x30_2 = 1
w2 = 1
