Tiempo de corrida total: 0.050009
Tiempo de corrida recorrer el arbol: 0.021446
Valor de la funcion objetivo: 1
x1_1 = 1
x8_1 = 1
x13_1 = 1
x20_1 = 1
x21_1 = 1
w1 = 1
