Tiempo de corrida total: 0.0114141
Tiempo de corrida recorrer el arbol: 0.00736499
Valor de la funcion objetivo: 1
x2_5 = 1
x3_5 = 1
x5_5 = 1
x12_5 = 1
x15_5 = 1
w5 = 1
