Tiempo de corrida total: 0.440177
Tiempo de corrida recorrer el arbol: 0.061235
Valor de la funcion objetivo: 2
x20_1 = 1
x33_1 = 1
x13_3 = 1
x19_3 = 1
x32_3 = 1
w1 = 1
w3 = 1
