Tiempo de corrida total: 0.081578
Tiempo de corrida recorrer el arbol: 0.060149
Valor de la funcion objetivo: 1
x2_5 = 1
x13_5 = 1
x21_5 = 1
x33_5 = 1
x48_5 = 1
w5 = 1
