Tiempo de corrida total: 0.913416
Tiempo de corrida recorrer el arbol: 0.289992
Valor de la funcion objetivo: 2
x7_12 = 1
x8_12 = 1
x9_12 = 1
x16_12 = 1
x18_12 = 1
x20_12 = 1
x27_12 = 1
x34_12 = 1
x36_12 = 1
x6_15 = 1
x11_15 = 1
x17_15 = 1
x23_15 = 1
x29_15 = 1
x37_15 = 1
w12 = 1
w15 = 1
