Tiempo de corrida total: 0.0389211
Tiempo de corrida recorrer el arbol: 0.0231309
Valor de la funcion objetivo: 1
x8_1 = 1
x25_1 = 1
x27_1 = 1
x29_1 = 1
x31_1 = 1
x37_1 = 1
x40_1 = 1
x42_1 = 1
x46_1 = 1
x47_1 = 1
w1 = 1
