Tiempo de corrida total: 0.0288711
Tiempo de corrida recorrer el arbol: 0.026752
Valor de la funcion objetivo: 1
x5_3 = 1
x8_3 = 1
x12_3 = 1
x17_3 = 1
x27_3 = 1
x29_3 = 1
x35_3 = 1
x36_3 = 1
x37_3 = 1
x39_3 = 1
w3 = 1
