Tiempo de corrida total: 1.55695
Tiempo de corrida recorrer el arbol: 1.46896
Valor de la funcion objetivo: 2
x3_14 = 1
x18_14 = 1
x27_14 = 1
x29_14 = 1
x44_14 = 1
x13_15 = 1
x24_15 = 1
x25_15 = 1
x30_15 = 1
x32_15 = 1
x33_15 = 1
x35_15 = 1
x36_15 = 1
x39_15 = 1
x45_15 = 1
w14 = 1
w15 = 1
