Tiempo de corrida total: 0.828905
Tiempo de corrida recorrer el arbol: 0.792246
Valor de la funcion objetivo: 2
x1_14 = 1
x2_14 = 1
x7_14 = 1
x10_14 = 1
x11_14 = 1
x13_14 = 1
x14_14 = 1
x16_14 = 1
x17_14 = 1
x22_14 = 1
x23_14 = 1
x26_14 = 1
x27_14 = 1
x12_15 = 1
x28_15 = 1
w14 = 1
w15 = 1
