Tiempo de corrida total: 6.97352
Tiempo de corrida recorrer el arbol: 6.88013
Valor de la funcion objetivo: 3
x1_6 = 1
x13_6 = 1
x20_6 = 1
x7_8 = 1
x10_8 = 1
x15_8 = 1
x17_8 = 1
x19_8 = 1
x4_12 = 1
x5_12 = 1
x18_12 = 1
x22_12 = 1
x23_12 = 1
x25_12 = 1
x29_12 = 1
w6 = 1
w8 = 1
w12 = 1
