Tiempo de corrida total: 3.08636
Tiempo de corrida recorrer el arbol: 2.64906
Valor de la funcion objetivo: 2
x2_7 = 1
x5_7 = 1
x12_7 = 1
x16_7 = 1
x18_7 = 1
x20_7 = 1
x26_7 = 1
x43_7 = 1
x1_10 = 1
x23_10 = 1
x28_10 = 1
x35_10 = 1
x45_10 = 1
x48_10 = 1
x49_10 = 1
w7 = 1
w10 = 1
