Tiempo de corrida total: 0.302843
Tiempo de corrida recorrer el arbol: 0.0221381
Valor de la funcion objetivo: 2
x27_1 = 1
x34_1 = 1
x1_14 = 1
x2_14 = 1
x3_14 = 1
x5_14 = 1
x7_14 = 1
x15_14 = 1
x19_14 = 1
x22_14 = 1
x25_14 = 1
x28_14 = 1
x31_14 = 1
x32_14 = 1
x37_14 = 1
w1 = 1
w14 = 1
