Tiempo de corrida total: 0.257554
Tiempo de corrida recorrer el arbol: 0.0270472
Valor de la funcion objetivo: 2
x7_6 = 1
x8_6 = 1
x11_6 = 1
x17_6 = 1
x20_6 = 1
x27_6 = 1
x30_6 = 1
x37_6 = 1
x31_10 = 1
x34_10 = 1
w6 = 1
w10 = 1
