Tiempo de corrida total: 0.216646
Tiempo de corrida recorrer el arbol: 0.060951
Valor de la funcion objetivo: 2
x3_7 = 1
x5_7 = 1
x11_7 = 1
x13_7 = 1
x18_7 = 1
x19_7 = 1
x29_7 = 1
x33_7 = 1
x36_7 = 1
x39_7 = 1
x1_12 = 1
x10_12 = 1
x21_12 = 1
x26_12 = 1
x27_12 = 1
x28_12 = 1
x32_12 = 1
x34_12 = 1
x35_12 = 1
x40_12 = 1
w7 = 1
w12 = 1
