Tiempo de corrida total: 0.109659
Tiempo de corrida recorrer el arbol: 0.096132
Valor de la funcion objetivo: 2
x5_2 = 1
x8_2 = 1
x15_2 = 1
x3_3 = 1
x21_3 = 1
w2 = 1
w3 = 1
