Tiempo de corrida total: 8.52421
Tiempo de corrida recorrer el arbol: 7.70153
Valor de la funcion objetivo: 1
x11_8 = 1
x14_8 = 1
x16_8 = 1
x23_8 = 1
x24_8 = 1
x28_8 = 1
x29_8 = 1
x33_8 = 1
x37_8 = 1
x49_8 = 1
w8 = 1
