Tiempo de corrida total: 1.26705
Tiempo de corrida recorrer el arbol: 1.18087
Valor de la funcion objetivo: 2
x5_2 = 1
x34_2 = 1
x45_2 = 1
x1_11 = 1
x4_11 = 1
x9_11 = 1
x16_11 = 1
x18_11 = 1
x30_11 = 1
x31_11 = 1
x36_11 = 1
x37_11 = 1
x38_11 = 1
x41_11 = 1
x46_11 = 1
w2 = 1
w11 = 1
