Tiempo de corrida total: 4.99723
Tiempo de corrida recorrer el arbol: 4.38249
Valor de la funcion objetivo: 3
x27_3 = 1
x29_3 = 1
x11_5 = 1
x23_5 = 1
x37_5 = 1
x38_5 = 1
x3_7 = 1
x6_7 = 1
x10_7 = 1
x17_7 = 1
w3 = 1
w5 = 1
w7 = 1
