Tiempo de corrida total: 0.337307
Tiempo de corrida recorrer el arbol: 0.0523078
Valor de la funcion objetivo: 3
x10_7 = 1
x14_7 = 1
x16_7 = 1
x25_7 = 1
x27_7 = 1
x29_7 = 1
x1_12 = 1
x13_12 = 1
x17_12 = 1
x22_12 = 1
x23_12 = 1
x26_12 = 1
x30_12 = 1
x3_16 = 1
x5_16 = 1
x7_16 = 1
x9_16 = 1
x12_16 = 1
x18_16 = 1
x21_16 = 1
w7 = 1
w12 = 1
w16 = 1
