Tiempo de corrida total: 0.0469449
Tiempo de corrida recorrer el arbol: 0.0249848
Valor de la funcion objetivo: 1
x6_10 = 1
x9_10 = 1
x27_10 = 1
x32_10 = 1
x36_10 = 1
x41_10 = 1
x44_10 = 1
x47_10 = 1
x49_10 = 1
x50_10 = 1
w10 = 1
