Tiempo de corrida total: 0.284398
Tiempo de corrida recorrer el arbol: 0.0789139
Valor de la funcion objetivo: 2
x2_11 = 1
x13_11 = 1
x17_11 = 1
x24_11 = 1
x35_11 = 1
x36_11 = 1
x40_11 = 1
x7_12 = 1
x10_12 = 1
x19_12 = 1
x22_12 = 1
x31_12 = 1
x32_12 = 1
x38_12 = 1
x39_12 = 1
w11 = 1
w12 = 1
