Tiempo de corrida total: 0.253496
Tiempo de corrida recorrer el arbol: 0.110206
Valor de la funcion objetivo: 1
x3_4 = 1
x14_4 = 1
x28_4 = 1
x30_4 = 1
x39_4 = 1
w4 = 1
