Tiempo de corrida total: 0.374457
Tiempo de corrida recorrer el arbol: 0.247585
Valor de la funcion objetivo: 2
x5_2 = 1
x27_2 = 1
x29_2 = 1
x7_4 = 1
x13_4 = 1
w2 = 1
w4 = 1
