Tiempo de corrida total: 2.18638
Tiempo de corrida recorrer el arbol: 1.69408
Valor de la funcion objetivo: 4
x14_2 = 1
x30_2 = 1
x8_5 = 1
x10_5 = 1
x25_5 = 1
x15_7 = 1
x20_7 = 1
x29_7 = 1
x1_9 = 1
x26_9 = 1
w2 = 1
w5 = 1
w7 = 1
w9 = 1
