Tiempo de corrida total: 0.01844
Tiempo de corrida recorrer el arbol: 0.00837207
Valor de la funcion objetivo: 1
x1_4 = 1
x3_4 = 1
x28_4 = 1
x44_4 = 1
x49_4 = 1
w4 = 1
