Tiempo de corrida total: 0.443983
Tiempo de corrida recorrer el arbol: 0.09356
Valor de la funcion objetivo: 2
x6_10 = 1
x8_10 = 1
x12_10 = 1
x18_10 = 1
x27_10 = 1
x34_10 = 1
x36_10 = 1
x22_15 = 1
x24_15 = 1
x28_15 = 1
x31_15 = 1
x32_15 = 1
x38_15 = 1
x39_15 = 1
x40_15 = 1
w10 = 1
w15 = 1
