Tiempo de corrida total: 0.0346808
Tiempo de corrida recorrer el arbol: 0.0334001
Valor de la funcion objetivo: 1
x3_1 = 1
x14_1 = 1
x15_1 = 1
x22_1 = 1
x28_1 = 1
w1 = 1
