Tiempo de corrida total: 5.11757
Tiempo de corrida recorrer el arbol: 4.90196
Valor de la funcion objetivo: 2
x6_3 = 1
x18_3 = 1
x24_3 = 1
x29_3 = 1
x32_3 = 1
x33_3 = 1
x5_10 = 1
x15_10 = 1
x37_10 = 1
x38_10 = 1
w3 = 1
w10 = 1
