Tiempo de corrida total: 0.417729
Tiempo de corrida recorrer el arbol: 0.151964
Valor de la funcion objetivo: 2
x7_1 = 1
x19_1 = 1
x24_1 = 1
x25_1 = 1
x40_1 = 1
x41_1 = 1
x1_7 = 1
x3_7 = 1
x6_7 = 1
x9_7 = 1
x12_7 = 1
x16_7 = 1
x17_7 = 1
x18_7 = 1
x23_7 = 1
x28_7 = 1
x35_7 = 1
x36_7 = 1
x37_7 = 1
x44_7 = 1
w1 = 1
w7 = 1
