Tiempo de corrida total: 0.253579
Tiempo de corrida recorrer el arbol: 0.0246868
Valor de la funcion objetivo: 2
x15_13 = 1
x17_13 = 1
x21_13 = 1
x25_13 = 1
x2_15 = 1
x11_15 = 1
x12_15 = 1
x18_15 = 1
x22_15 = 1
x24_15 = 1
x26_15 = 1
x27_15 = 1
x30_15 = 1
x33_15 = 1
x34_15 = 1
w13 = 1
w15 = 1
