Tiempo de corrida total: 0.689896
Tiempo de corrida recorrer el arbol: 0.175289
Valor de la funcion objetivo: 3
x1_1 = 1
x10_1 = 1
x16_1 = 1
x18_1 = 1
x29_1 = 1
x12_5 = 1
x14_5 = 1
x19_5 = 1
x23_5 = 1
x4_15 = 1
x5_15 = 1
x7_15 = 1
x17_15 = 1
x21_15 = 1
x25_15 = 1
w1 = 1
w5 = 1
w15 = 1
