Tiempo de corrida total: 0.0439088
Tiempo de corrida recorrer el arbol: 0.0105021
Valor de la funcion objetivo: 1
x2_3 = 1
x3_3 = 1
x4_3 = 1
x7_3 = 1
x10_3 = 1
w3 = 1
