Tiempo de corrida total: 0.22855
Tiempo de corrida recorrer el arbol: 0.222302
Valor de la funcion objetivo: 2
x3_2 = 1
x7_2 = 1
x16_4 = 1
x20_4 = 1
x21_4 = 1
w2 = 1
w4 = 1
