Tiempo de corrida total: 0.471623
Tiempo de corrida recorrer el arbol: 0.445294
Valor de la funcion objetivo: 2
x2_3 = 1
x4_3 = 1
x9_3 = 1
x10_3 = 1
x12_3 = 1
x13_3 = 1
x17_3 = 1
x20_3 = 1
x24_3 = 1
x27_3 = 1
x30_3 = 1
x1_10 = 1
x6_10 = 1
x11_10 = 1
x14_10 = 1
x16_10 = 1
x18_10 = 1
x19_10 = 1
x25_10 = 1
x26_10 = 1
w3 = 1
w10 = 1
