Tiempo de corrida total: 0.0284631
Tiempo de corrida recorrer el arbol: 0.0192549
Valor de la funcion objetivo: 1
x1_2 = 1
x9_2 = 1
x11_2 = 1
x17_2 = 1
x19_2 = 1
w2 = 1
