Tiempo de corrida total: 2.20956
Tiempo de corrida recorrer el arbol: 2.14823
Valor de la funcion objetivo: 2
x9_1 = 1
x10_1 = 1
x29_1 = 1
x2_10 = 1
x11_10 = 1
x18_10 = 1
x23_10 = 1
x31_10 = 1
x36_10 = 1
x38_10 = 1
w1 = 1
w10 = 1
