Tiempo de corrida total: 0.0222011
Tiempo de corrida recorrer el arbol: 0.0103052
Valor de la funcion objetivo: 1
x2_1 = 1
x7_1 = 1
x12_1 = 1
x16_1 = 1
x44_1 = 1
w1 = 1
