Tiempo de corrida total: 0.533746
Tiempo de corrida recorrer el arbol: 0.527809
Valor de la funcion objetivo: 2
x2_1 = 1
x9_1 = 1
x10_1 = 1
x12_1 = 1
x14_1 = 1
x15_1 = 1
x16_1 = 1
x19_1 = 1
x20_1 = 1
x29_1 = 1
x30_1 = 1
x1_20 = 1
x3_20 = 1
x4_20 = 1
x5_20 = 1
x23_20 = 1
x24_20 = 1
x25_20 = 1
x26_20 = 1
x27_20 = 1
w1 = 1
w20 = 1
