Tiempo de corrida total: 0.101994
Tiempo de corrida recorrer el arbol: 0.0713949
Valor de la funcion objetivo: 1
x1_4 = 1
x10_4 = 1
x12_4 = 1
x36_4 = 1
x46_4 = 1
w4 = 1
