Tiempo de corrida total: 0.874236
Tiempo de corrida recorrer el arbol: 0.78851
Valor de la funcion objetivo: 2
x2_4 = 1
x3_4 = 1
x9_4 = 1
x16_4 = 1
x24_4 = 1
x26_4 = 1
x27_4 = 1
x7_7 = 1
x23_7 = 1
x28_7 = 1
w4 = 1
w7 = 1
