Tiempo de corrida total: 0.980186
Tiempo de corrida recorrer el arbol: 0.969574
Valor de la funcion objetivo: 2
x1_1 = 1
x2_1 = 1
x4_1 = 1
x8_1 = 1
x9_1 = 1
x39_1 = 1
x40_1 = 1
x3_2 = 1
x16_2 = 1
x38_2 = 1
w1 = 1
w2 = 1
