Tiempo de corrida total: 0.478879
Tiempo de corrida recorrer el arbol: 0.471553
Valor de la funcion objetivo: 2
x7_1 = 1
x8_1 = 1
x18_1 = 1
x24_1 = 1
x26_1 = 1
x30_1 = 1
x3_15 = 1
x5_15 = 1
x6_15 = 1
x10_15 = 1
x15_15 = 1
x19_15 = 1
x25_15 = 1
x27_15 = 1
x36_15 = 1
w1 = 1
w15 = 1
