Tiempo de corrida total: 0.375885
Tiempo de corrida recorrer el arbol: 0.281497
Valor de la funcion objetivo: 1
x6_3 = 1
x10_3 = 1
x11_3 = 1
x16_3 = 1
x22_3 = 1
x25_3 = 1
x29_3 = 1
x32_3 = 1
x36_3 = 1
x48_3 = 1
w3 = 1
