Tiempo de corrida total: 0.010956
Tiempo de corrida recorrer el arbol: 0.00850701
Valor de la funcion objetivo: 1
x1_5 = 1
x4_5 = 1
x5_5 = 1
x8_5 = 1
x27_5 = 1
w5 = 1
