Tiempo de corrida total: 0.703569
Tiempo de corrida recorrer el arbol: 0.692537
Valor de la funcion objetivo: 2
x1_1 = 1
x6_1 = 1
x13_1 = 1
x2_2 = 1
x16_2 = 1
w1 = 1
w2 = 1
