Tiempo de corrida total: 0.606688
Tiempo de corrida recorrer el arbol: 0.279302
Valor de la funcion objetivo: 3
x5_3 = 1
x7_3 = 1
x19_3 = 1
x20_3 = 1
x29_3 = 1
x33_3 = 1
x36_3 = 1
x38_3 = 1
x11_7 = 1
x24_7 = 1
x25_7 = 1
x34_7 = 1
x40_7 = 1
x1_20 = 1
x2_20 = 1
x3_20 = 1
x17_20 = 1
x18_20 = 1
x26_20 = 1
x32_20 = 1
w3 = 1
w7 = 1
w20 = 1
