Tiempo de corrida total: 7.59247
Tiempo de corrida recorrer el arbol: 6.53418
Valor de la funcion objetivo: 2
x16_7 = 1
x17_7 = 1
x18_7 = 1
x26_7 = 1
x30_7 = 1
x37_7 = 1
x43_7 = 1
x1_10 = 1
x8_10 = 1
x42_10 = 1
w7 = 1
w10 = 1
