Tiempo de corrida total: 0.644191
Tiempo de corrida recorrer el arbol: 0.579356
Valor de la funcion objetivo: 2
x18_3 = 1
x22_3 = 1
x19_5 = 1
x23_5 = 1
x28_5 = 1
w3 = 1
w5 = 1
