Tiempo de corrida total: 0.297844
Tiempo de corrida recorrer el arbol: 0.189776
Valor de la funcion objetivo: 3
x13_3 = 1
x20_3 = 1
x1_4 = 1
x15_4 = 1
x24_5 = 1
w3 = 1
w4 = 1
w5 = 1
