Tiempo de corrida total: 0.0320609
Tiempo de corrida recorrer el arbol: 0.0178449
Valor de la funcion objetivo: 1
x3_2 = 1
x9_2 = 1
x10_2 = 1
x11_2 = 1
x21_2 = 1
w2 = 1
