Tiempo de corrida total: 0.0898581
Tiempo de corrida recorrer el arbol: 0.0138018
Valor de la funcion objetivo: 1
x4_5 = 1
x12_5 = 1
x31_5 = 1
x32_5 = 1
x42_5 = 1
w5 = 1
