Tiempo de corrida total: 0.0130341
Tiempo de corrida recorrer el arbol: 0.00437117
Valor de la funcion objetivo: 1
x2_1 = 1
x3_1 = 1
x5_1 = 1
x25_1 = 1
x33_1 = 1
w1 = 1
