Tiempo de corrida total: 0.300287
Tiempo de corrida recorrer el arbol: 0.264123
Valor de la funcion objetivo: 2
x10_3 = 1
x11_3 = 1
x15_3 = 1
x26_3 = 1
x1_10 = 1
x4_10 = 1
x5_10 = 1
x18_10 = 1
x19_10 = 1
x23_10 = 1
w3 = 1
w10 = 1
