Tiempo de corrida total: 0.089308
Tiempo de corrida recorrer el arbol: 0.0430188
Valor de la funcion objetivo: 2
x2_1 = 1
x22_1 = 1
x3_5 = 1
x5_5 = 1
x6_5 = 1
w1 = 1
w5 = 1
