Tiempo de corrida total: 0.938998
Tiempo de corrida recorrer el arbol: 0.800828
Valor de la funcion objetivo: 2
x2_8 = 1
x6_8 = 1
x19_8 = 1
x23_8 = 1
x34_8 = 1
x48_8 = 1
x3_20 = 1
x5_20 = 1
x8_20 = 1
x18_20 = 1
x24_20 = 1
x26_20 = 1
x35_20 = 1
x36_20 = 1
x37_20 = 1
x39_20 = 1
x40_20 = 1
x42_20 = 1
x49_20 = 1
x50_20 = 1
w8 = 1
w20 = 1
