Tiempo de corrida total: 0.38538
Tiempo de corrida recorrer el arbol: 0.377079
Valor de la funcion objetivo: 2
x1_1 = 1
x2_1 = 1
x10_1 = 1
x12_1 = 1
x14_1 = 1
x17_1 = 1
x18_1 = 1
x27_1 = 1
x30_1 = 1
x3_5 = 1
x5_5 = 1
x8_5 = 1
x11_5 = 1
x13_5 = 1
x19_5 = 1
x21_5 = 1
x23_5 = 1
x24_5 = 1
x25_5 = 1
x29_5 = 1
w1 = 1
w5 = 1
