Tiempo de corrida total: 5.54631
Tiempo de corrida recorrer el arbol: 5.45995
Valor de la funcion objetivo: 2
x1_5 = 1
x9_5 = 1
x27_5 = 1
x38_5 = 1
x46_5 = 1
x47_5 = 1
x6_9 = 1
x10_9 = 1
x37_9 = 1
x39_9 = 1
w5 = 1
w9 = 1
