Tiempo de corrida total: 0.0173211
Tiempo de corrida recorrer el arbol: 0.00770998
Valor de la funcion objetivo: 1
x2_3 = 1
x10_3 = 1
x30_3 = 1
x38_3 = 1
x43_3 = 1
w3 = 1
