Tiempo de corrida total: 2.21175
Tiempo de corrida recorrer el arbol: 1.51398
Valor de la funcion objetivo: 4
x11_2 = 1
x29_2 = 1
x32_2 = 1
x18_7 = 1
x25_7 = 1
x1_8 = 1
x10_8 = 1
x38_8 = 1
x2_9 = 1
x21_9 = 1
w2 = 1
w7 = 1
w8 = 1
w9 = 1
