Tiempo de corrida total: 0.408974
Tiempo de corrida recorrer el arbol: 0.337064
Valor de la funcion objetivo: 2
x1_4 = 1
x5_4 = 1
x10_4 = 1
x11_4 = 1
x12_4 = 1
x16_4 = 1
x18_4 = 1
x25_4 = 1
x4_10 = 1
x14_10 = 1
x19_10 = 1
x23_10 = 1
x27_10 = 1
x29_10 = 1
x30_10 = 1
w4 = 1
w10 = 1
