Tiempo de corrida total: 1.74688
Tiempo de corrida recorrer el arbol: 1.70847
Valor de la funcion objetivo: 2
x5_4 = 1
x25_4 = 1
x34_4 = 1
x36_4 = 1
x40_4 = 1
x20_10 = 1
x26_10 = 1
x27_10 = 1
x30_10 = 1
x32_10 = 1
w4 = 1
w10 = 1
