Tiempo de corrida total: 0.0431399
Tiempo de corrida recorrer el arbol: 0.01845
Valor de la funcion objetivo: 1
x5_3 = 1
x10_3 = 1
x15_3 = 1
x18_3 = 1
x21_3 = 1
x22_3 = 1
x25_3 = 1
x29_3 = 1
x33_3 = 1
x43_3 = 1
w3 = 1
