Tiempo de corrida total: 1.70718
Tiempo de corrida recorrer el arbol: 1.56425
Valor de la funcion objetivo: 2
x1_7 = 1
x2_7 = 1
x5_7 = 1
x14_7 = 1
x6_9 = 1
x15_9 = 1
x23_9 = 1
x29_9 = 1
x30_9 = 1
x36_9 = 1
w7 = 1
w9 = 1
