Tiempo de corrida total: 1.52081
Tiempo de corrida recorrer el arbol: 1.51516
Valor de la funcion objetivo: 2
x1_1 = 1
x2_1 = 1
x3_1 = 1
x5_1 = 1
x6_1 = 1
x9_1 = 1
x10_1 = 1
x16_1 = 1
x17_1 = 1
x18_1 = 1
x24_1 = 1
x34_1 = 1
x4_2 = 1
x12_2 = 1
x26_2 = 1
w1 = 1
w2 = 1
