Tiempo de corrida total: 3.48976
Tiempo de corrida recorrer el arbol: 3.40743
Valor de la funcion objetivo: 2
x4_6 = 1
x16_6 = 1
x26_6 = 1
x36_6 = 1
x50_6 = 1
x5_10 = 1
x7_10 = 1
x18_10 = 1
x19_10 = 1
x41_10 = 1
w6 = 1
w10 = 1
