Tiempo de corrida total: 0.0381832
Tiempo de corrida recorrer el arbol: 0.0222018
Valor de la funcion objetivo: 1
x4_2 = 1
x5_2 = 1
x10_2 = 1
x16_2 = 1
x21_2 = 1
w2 = 1
