Tiempo de corrida total: 3.70627
Tiempo de corrida recorrer el arbol: 3.67326
Valor de la funcion objetivo: 3
x5_10 = 1
x6_10 = 1
x15_10 = 1
x29_10 = 1
x1_11 = 1
x3_11 = 1
x10_11 = 1
x18_11 = 1
x19_11 = 1
x30_11 = 1
x2_15 = 1
x13_15 = 1
x17_15 = 1
x22_15 = 1
x28_15 = 1
w10 = 1
w11 = 1
w15 = 1
