Tiempo de corrida total: 1.38446
Tiempo de corrida recorrer el arbol: 0.101025
Valor de la funcion objetivo: 4
x12_1 = 1
x18_1 = 1
x29_1 = 1
x1_3 = 1
x33_3 = 1
x27_6 = 1
x34_6 = 1
x36_6 = 1
x13_8 = 1
x20_8 = 1
w1 = 1
w3 = 1
w6 = 1
w8 = 1
