Tiempo de corrida total: 9.74114
Tiempo de corrida recorrer el arbol: 9.47231
Valor de la funcion objetivo: 4
x21_1 = 1
x22_1 = 1
x27_1 = 1
x2_2 = 1
x20_2 = 1
x30_2 = 1
x12_3 = 1
x14_3 = 1
x7_5 = 1
x18_5 = 1
w1 = 1
w2 = 1
w3 = 1
w5 = 1
