Tiempo de corrida total: 0.0404961
Tiempo de corrida recorrer el arbol: 0.031322
Valor de la funcion objetivo: 1
x1_3 = 1
x7_3 = 1
x17_3 = 1
x29_3 = 1
x30_3 = 1
w3 = 1
