Tiempo de corrida total: 0.26761
Tiempo de corrida recorrer el arbol: 0.224416
Valor de la funcion objetivo: 3
x12_2 = 1
x21_2 = 1
x30_4 = 1
x8_5 = 1
x22_5 = 1
w2 = 1
w4 = 1
w5 = 1
