Tiempo de corrida total: 0.215585
Tiempo de corrida recorrer el arbol: 0.0342431
Valor de la funcion objetivo: 2
x5_3 = 1
x24_3 = 1
x6_5 = 1
x16_5 = 1
x23_5 = 1
w3 = 1
w5 = 1
