Tiempo de corrida total: 0.851108
Tiempo de corrida recorrer el arbol: 0.699912
Valor de la funcion objetivo: 3
x11_1 = 1
x16_1 = 1
x17_1 = 1
x25_1 = 1
x29_1 = 1
x35_1 = 1
x18_8 = 1
x19_8 = 1
x23_8 = 1
x27_8 = 1
x33_8 = 1
x34_8 = 1
x1_14 = 1
x4_14 = 1
x5_14 = 1
x10_14 = 1
x12_14 = 1
x13_14 = 1
x32_14 = 1
x40_14 = 1
w1 = 1
w8 = 1
w14 = 1
