Tiempo de corrida total: 0.0781679
Tiempo de corrida recorrer el arbol: 0.0119591
Valor de la funcion objetivo: 2
x10_3 = 1
x18_3 = 1
x23_3 = 1
x1_10 = 1
x2_10 = 1
x3_10 = 1
x4_10 = 1
x5_10 = 1
x12_10 = 1
x17_10 = 1
x22_10 = 1
x25_10 = 1
x27_10 = 1
x28_10 = 1
x29_10 = 1
w3 = 1
w10 = 1
