Tiempo de corrida total: 0.201321
Tiempo de corrida recorrer el arbol: 0.157265
Valor de la funcion objetivo: 2
x17_11 = 1
x18_11 = 1
x30_11 = 1
x3_12 = 1
x4_12 = 1
x5_12 = 1
x10_12 = 1
x14_12 = 1
x19_12 = 1
x20_12 = 1
x23_12 = 1
x25_12 = 1
x27_12 = 1
x28_12 = 1
x29_12 = 1
w11 = 1
w12 = 1
