Tiempo de corrida total: 0.226896
Tiempo de corrida recorrer el arbol: 0.11494
Valor de la funcion objetivo: 1
x5_4 = 1
x10_4 = 1
x17_4 = 1
x21_4 = 1
x30_4 = 1
w4 = 1
