Tiempo de corrida total: 0.0758779
Tiempo de corrida recorrer el arbol: 0.0554969
Valor de la funcion objetivo: 1
x15_5 = 1
x17_5 = 1
x24_5 = 1
x30_5 = 1
x35_5 = 1
x37_5 = 1
x38_5 = 1
x42_5 = 1
x44_5 = 1
x49_5 = 1
w5 = 1
