Tiempo de corrida total: 5.19785
Tiempo de corrida recorrer el arbol: 4.50206
Valor de la funcion objetivo: 2
x12_5 = 1
x22_5 = 1
x27_5 = 1
x36_5 = 1
x45_5 = 1
x49_5 = 1
x14_7 = 1
x32_7 = 1
x38_7 = 1
x46_7 = 1
w5 = 1
w7 = 1
