Tiempo de corrida total: 0.051635
Tiempo de corrida recorrer el arbol: 0.01227
Valor de la funcion objetivo: 1
x17_1 = 1
x19_1 = 1
x24_1 = 1
x27_1 = 1
x30_1 = 1
w1 = 1
