Tiempo de corrida total: 0.688326
Tiempo de corrida recorrer el arbol: 0.682186
Valor de la funcion objetivo: 2
x5_1 = 1
x7_1 = 1
x9_1 = 1
x15_1 = 1
x16_1 = 1
x20_1 = 1
x25_1 = 1
x28_1 = 1
x30_1 = 1
x31_1 = 1
x32_1 = 1
x37_1 = 1
x3_5 = 1
x8_5 = 1
x18_5 = 1
x21_5 = 1
x24_5 = 1
x33_5 = 1
x36_5 = 1
x39_5 = 1
w1 = 1
w5 = 1
