Tiempo de corrida total: 0.725205
Tiempo de corrida recorrer el arbol: 0.709209
Valor de la funcion objetivo: 2
x19_1 = 1
x23_1 = 1
x28_1 = 1
x3_2 = 1
x6_2 = 1
w1 = 1
w2 = 1
