Tiempo de corrida total: 0.159063
Tiempo de corrida recorrer el arbol: 0.0491638
Valor de la funcion objetivo: 1
x4_1 = 1
x8_1 = 1
x10_1 = 1
x11_1 = 1
x46_1 = 1
w1 = 1
