Tiempo de corrida total: 0.243377
Tiempo de corrida recorrer el arbol: 0.103602
Valor de la funcion objetivo: 1
x5_4 = 1
x6_4 = 1
x7_4 = 1
x8_4 = 1
x9_4 = 1
x13_4 = 1
x14_4 = 1
x15_4 = 1
x27_4 = 1
x38_4 = 1
w4 = 1
