Tiempo de corrida total: 5.72856
Tiempo de corrida recorrer el arbol: 4.52935
Valor de la funcion objetivo: 4
x11_7 = 1
x16_7 = 1
x39_7 = 1
x35_8 = 1
x38_8 = 1
x40_8 = 1
x27_9 = 1
x32_9 = 1
x5_10 = 1
x37_10 = 1
w7 = 1
w8 = 1
w9 = 1
w10 = 1
