Tiempo de corrida total: 8.72237
Tiempo de corrida recorrer el arbol: 8.67023
Valor de la funcion objetivo: 3
x4_2 = 1
x5_2 = 1
x8_2 = 1
x9_2 = 1
x13_2 = 1
x14_2 = 1
x20_2 = 1
x24_2 = 1
x19_4 = 1
x21_4 = 1
x23_4 = 1
x26_4 = 1
x29_4 = 1
x1_17 = 1
x2_17 = 1
x3_17 = 1
x12_17 = 1
x17_17 = 1
x18_17 = 1
x30_17 = 1
w2 = 1
w4 = 1
w17 = 1
