Tiempo de corrida total: 0.027986
Tiempo de corrida recorrer el arbol: 0.0131199
Valor de la funcion objetivo: 1
x1_4 = 1
x4_4 = 1
x12_4 = 1
x16_4 = 1
x25_4 = 1
w4 = 1
