Tiempo de corrida total: 0.262947
Tiempo de corrida recorrer el arbol: 0.087369
Valor de la funcion objetivo: 4
x3_4 = 1
x5_4 = 1
x10_4 = 1
x14_4 = 1
x20_4 = 1
x11_14 = 1
x19_14 = 1
x23_14 = 1
x24_14 = 1
x12_17 = 1
x15_17 = 1
x22_17 = 1
x26_17 = 1
x4_20 = 1
x6_20 = 1
x9_20 = 1
x16_20 = 1
x21_20 = 1
x25_20 = 1
x29_20 = 1
w4 = 1
w14 = 1
w17 = 1
w20 = 1
