Tiempo de corrida total: 0.842345
Tiempo de corrida recorrer el arbol: 0.719997
Valor de la funcion objetivo: 3
x6_1 = 1
x15_1 = 1
x16_1 = 1
x17_1 = 1
x1_2 = 1
x3_2 = 1
x4_2 = 1
x5_2 = 1
x9_2 = 1
x12_2 = 1
x22_2 = 1
x23_2 = 1
x18_5 = 1
x19_5 = 1
x29_5 = 1
w1 = 1
w2 = 1
w5 = 1
