Tiempo de corrida total: 0.0949218
Tiempo de corrida recorrer el arbol: 0.029325
Valor de la funcion objetivo: 2
x8_3 = 1
x10_3 = 1
x17_3 = 1
x27_3 = 1
x29_3 = 1
x12_6 = 1
x13_6 = 1
x14_6 = 1
x19_6 = 1
x30_6 = 1
w3 = 1
w6 = 1
