Tiempo de corrida total: 4.02238
Tiempo de corrida recorrer el arbol: 3.22218
Valor de la funcion objetivo: 3
x8_10 = 1
x12_10 = 1
x29_10 = 1
x34_10 = 1
x35_10 = 1
x4_11 = 1
x5_11 = 1
x10_11 = 1
x25_11 = 1
x33_11 = 1
x2_15 = 1
x19_15 = 1
x20_15 = 1
x32_15 = 1
x40_15 = 1
w10 = 1
w11 = 1
w15 = 1
