Tiempo de corrida total: 0.0839362
Tiempo de corrida recorrer el arbol: 0.0352681
Valor de la funcion objetivo: 2
x1_8 = 1
x6_8 = 1
x9_8 = 1
x15_8 = 1
x17_8 = 1
x20_8 = 1
x29_8 = 1
x2_10 = 1
x18_10 = 1
x23_10 = 1
w8 = 1
w10 = 1
