Tiempo de corrida total: 0.110606
Tiempo de corrida recorrer el arbol: 0.0331681
Valor de la funcion objetivo: 1
x20_4 = 1
x33_4 = 1
x34_4 = 1
x38_4 = 1
x40_4 = 1
w4 = 1
