Tiempo de corrida total: 0.150324
Tiempo de corrida recorrer el arbol: 0.0531259
Valor de la funcion objetivo: 2
x5_5 = 1
x8_5 = 1
x12_5 = 1
x17_5 = 1
x18_5 = 1
x19_5 = 1
x24_5 = 1
x6_14 = 1
x7_14 = 1
x10_14 = 1
x11_14 = 1
x15_14 = 1
x16_14 = 1
x23_14 = 1
x28_14 = 1
w5 = 1
w14 = 1
