Tiempo de corrida total: 8.27124
Tiempo de corrida recorrer el arbol: 6.82342
Valor de la funcion objetivo: 3
x5_4 = 1
x33_4 = 1
x38_4 = 1
x16_8 = 1
x23_8 = 1
x25_8 = 1
x27_8 = 1
x22_9 = 1
x29_9 = 1
x36_9 = 1
w4 = 1
w8 = 1
w9 = 1
