Tiempo de corrida total: 0.0292182
Tiempo de corrida recorrer el arbol: 0.0128679
Valor de la funcion objetivo: 1
x6_10 = 1
x10_10 = 1
x14_10 = 1
x17_10 = 1
x18_10 = 1
x20_10 = 1
x24_10 = 1
x25_10 = 1
x26_10 = 1
x30_10 = 1
w10 = 1
