Tiempo de corrida total: 0.104077
Tiempo de corrida recorrer el arbol: 0.0463948
Valor de la funcion objetivo: 2
x9_1 = 1
x23_1 = 1
x26_1 = 1
x5_5 = 1
x8_5 = 1
w1 = 1
w5 = 1
