Tiempo de corrida total: 0.582826
Tiempo de corrida recorrer el arbol: 0.194487
Valor de la funcion objetivo: 3
x11_5 = 1
x13_5 = 1
x27_5 = 1
x8_7 = 1
x14_7 = 1
x22_7 = 1
x7_10 = 1
x10_10 = 1
x18_10 = 1
x19_10 = 1
w5 = 1
w7 = 1
w10 = 1
