Tiempo de corrida total: 0.013237
Tiempo de corrida recorrer el arbol: 0.0062089
Valor de la funcion objetivo: 1
x7_1 = 1
x14_1 = 1
x16_1 = 1
x22_1 = 1
x35_1 = 1
w1 = 1
