Tiempo de corrida total: 1.50575
Tiempo de corrida recorrer el arbol: 0.253488
Valor de la funcion objetivo: 2
x5_6 = 1
x16_6 = 1
x27_6 = 1
x28_6 = 1
x34_6 = 1
x44_6 = 1
x9_12 = 1
x13_12 = 1
x15_12 = 1
x18_12 = 1
x19_12 = 1
x29_12 = 1
x36_12 = 1
x42_12 = 1
x48_12 = 1
w6 = 1
w12 = 1
