Tiempo de corrida total: 0.272639
Tiempo de corrida recorrer el arbol: 0.266521
Valor de la funcion objetivo: 2
x2_1 = 1
x5_1 = 1
x6_1 = 1
x8_1 = 1
x10_1 = 1
x13_1 = 1
x16_1 = 1
x18_1 = 1
x19_1 = 1
x25_1 = 1
x27_1 = 1
x28_1 = 1
x29_1 = 1
x1_16 = 1
x14_16 = 1
x20_16 = 1
x23_16 = 1
x24_16 = 1
x26_16 = 1
x30_16 = 1
w1 = 1
w16 = 1
