Tiempo de corrida total: 0.0361049
Tiempo de corrida recorrer el arbol: 0.0256138
Valor de la funcion objetivo: 1
x5_5 = 1
x7_5 = 1
x11_5 = 1
x12_5 = 1
x15_5 = 1
x18_5 = 1
x20_5 = 1
x21_5 = 1
x22_5 = 1
x24_5 = 1
w5 = 1
