Tiempo de corrida total: 0.0156751
Tiempo de corrida recorrer el arbol: 0.0128801
Valor de la funcion objetivo: 1
x1_1 = 1
x2_1 = 1
x3_1 = 1
x5_1 = 1
x6_1 = 1
x12_1 = 1
x17_1 = 1
x20_1 = 1
x21_1 = 1
x29_1 = 1
w1 = 1
