Tiempo de corrida total: 1.33694
Tiempo de corrida recorrer el arbol: 1.19041
Valor de la funcion objetivo: 3
x11_2 = 1
x13_2 = 1
x25_2 = 1
x5_5 = 1
x16_5 = 1
x20_5 = 1
x26_5 = 1
x6_9 = 1
x8_9 = 1
x30_9 = 1
w2 = 1
w5 = 1
w9 = 1
