Tiempo de corrida total: 6.24282
Tiempo de corrida recorrer el arbol: 6.12428
Valor de la funcion objetivo: 2
x20_6 = 1
x25_6 = 1
x28_6 = 1
x43_6 = 1
x45_6 = 1
x4_9 = 1
x10_9 = 1
x16_9 = 1
x35_9 = 1
x37_9 = 1
w6 = 1
w9 = 1
