Tiempo de corrida total: 0.0856411
Tiempo de corrida recorrer el arbol: 0.0594702
Valor de la funcion objetivo: 1
x1_10 = 1
x5_10 = 1
x6_10 = 1
x11_10 = 1
x13_10 = 1
x17_10 = 1
x28_10 = 1
x29_10 = 1
x36_10 = 1
x39_10 = 1
w10 = 1
