Tiempo de corrida total: 0.688647
Tiempo de corrida recorrer el arbol: 0.635585
Valor de la funcion objetivo: 2
x2_3 = 1
x3_3 = 1
x1_4 = 1
x5_4 = 1
x7_4 = 1
w3 = 1
w4 = 1
