Tiempo de corrida total: 4.81317
Tiempo de corrida recorrer el arbol: 4.05619
Valor de la funcion objetivo: 4
x27_1 = 1
x36_1 = 1
x2_3 = 1
x6_3 = 1
x15_3 = 1
x24_6 = 1
x25_6 = 1
x29_6 = 1
x23_9 = 1
x38_9 = 1
w1 = 1
w3 = 1
w6 = 1
w9 = 1
