Tiempo de corrida total: 0.036211
Tiempo de corrida recorrer el arbol: 0.00733209
Valor de la funcion objetivo: 1
x1_6 = 1
x2_6 = 1
x5_6 = 1
x7_6 = 1
x10_6 = 1
x12_6 = 1
x13_6 = 1
x17_6 = 1
x18_6 = 1
x27_6 = 1
w6 = 1
