Tiempo de corrida total: 0.0208969
Tiempo de corrida recorrer el arbol: 0.00446296
Valor de la funcion objetivo: 1
x8_1 = 1
x9_1 = 1
x17_1 = 1
x18_1 = 1
x21_1 = 1
w1 = 1
