Tiempo de corrida total: 0.549635
Tiempo de corrida recorrer el arbol: 0.54136
Valor de la funcion objetivo: 2
x1_1 = 1
x6_1 = 1
x10_1 = 1
x12_1 = 1
x13_1 = 1
x18_1 = 1
x29_1 = 1
x35_1 = 1
x36_1 = 1
x16_8 = 1
x25_8 = 1
x26_8 = 1
x27_8 = 1
x32_8 = 1
x40_8 = 1
w1 = 1
w8 = 1
