Tiempo de corrida total: 7.23448
Tiempo de corrida recorrer el arbol: 7.15504
Valor de la funcion objetivo: 3
x1_9 = 1
x3_9 = 1
x5_9 = 1
x9_9 = 1
x16_9 = 1
x28_9 = 1
x34_9 = 1
x36_9 = 1
x37_9 = 1
x12_13 = 1
x13_13 = 1
x17_13 = 1
x22_13 = 1
x27_13 = 1
x32_13 = 1
x19_20 = 1
x21_20 = 1
x26_20 = 1
x29_20 = 1
x39_20 = 1
w9 = 1
w13 = 1
w20 = 1
