Tiempo de corrida total: 0.180996
Tiempo de corrida recorrer el arbol: 0.062022
Valor de la funcion objetivo: 1
x2_8 = 1
x3_8 = 1
x14_8 = 1
x16_8 = 1
x27_8 = 1
x28_8 = 1
x29_8 = 1
x31_8 = 1
x32_8 = 1
x36_8 = 1
w8 = 1
