Tiempo de corrida total: 1.51362
Tiempo de corrida recorrer el arbol: 1.40513
Valor de la funcion objetivo: 2
x13_3 = 1
x16_3 = 1
x29_3 = 1
x30_3 = 1
x11_10 = 1
x12_10 = 1
x17_10 = 1
x18_10 = 1
x20_10 = 1
x27_10 = 1
w3 = 1
w10 = 1
