Tiempo de corrida total: 0.0254591
Tiempo de corrida recorrer el arbol: 0.019155
Valor de la funcion objetivo: 1
x4_1 = 1
x5_1 = 1
x13_1 = 1
x20_1 = 1
x29_1 = 1
w1 = 1
