Tiempo de corrida total: 0.00859094
Tiempo de corrida recorrer el arbol: 0.00425792
Valor de la funcion objetivo: 1
x2_5 = 1
x4_5 = 1
x8_5 = 1
x14_5 = 1
x16_5 = 1
w5 = 1
