Tiempo de corrida total: 0.014951
Tiempo de corrida recorrer el arbol: 0.0130992
Valor de la funcion objetivo: 1
x2_2 = 1
x4_2 = 1
x7_2 = 1
x8_2 = 1
x20_2 = 1
w2 = 1
