Tiempo de corrida total: 0.411005
Tiempo de corrida recorrer el arbol: 0.058455
Valor de la funcion objetivo: 4
x9_2 = 1
x20_2 = 1
x4_5 = 1
x5_5 = 1
x18_5 = 1
x22_5 = 1
x30_5 = 1
x1_13 = 1
x12_13 = 1
x17_13 = 1
x19_13 = 1
x23_13 = 1
x24_13 = 1
x26_13 = 1
x6_20 = 1
x10_20 = 1
x14_20 = 1
x25_20 = 1
x27_20 = 1
x29_20 = 1
w2 = 1
w5 = 1
w13 = 1
w20 = 1
