Tiempo de corrida total: 3.05605
Tiempo de corrida recorrer el arbol: 2.78864
Valor de la funcion objetivo: 2
x1_8 = 1
x5_8 = 1
x8_8 = 1
x9_8 = 1
x17_8 = 1
x29_8 = 1
x39_8 = 1
x15_10 = 1
x33_10 = 1
x37_10 = 1
w8 = 1
w10 = 1
