Tiempo de corrida total: 0.17095
Tiempo de corrida recorrer el arbol: 0.084482
Valor de la funcion objetivo: 2
x1_1 = 1
x11_1 = 1
x24_1 = 1
x27_1 = 1
x28_1 = 1
x2_3 = 1
x9_3 = 1
x10_3 = 1
x17_3 = 1
x25_3 = 1
w1 = 1
w3 = 1
