Tiempo de corrida total: 0.655689
Tiempo de corrida recorrer el arbol: 0.609505
Valor de la funcion objetivo: 2
x1_14 = 1
x5_14 = 1
x8_14 = 1
x11_14 = 1
x16_14 = 1
x18_14 = 1
x20_14 = 1
x32_14 = 1
x37_14 = 1
x39_14 = 1
x3_17 = 1
x9_17 = 1
x12_17 = 1
x15_17 = 1
x19_17 = 1
x22_17 = 1
x26_17 = 1
x27_17 = 1
x28_17 = 1
x34_17 = 1
w14 = 1
w17 = 1
