Tiempo de corrida total: 1.31776
Tiempo de corrida recorrer el arbol: 1.27022
Valor de la funcion objetivo: 2
x1_2 = 1
x2_2 = 1
x4_2 = 1
x5_2 = 1
x9_2 = 1
x13_2 = 1
x14_2 = 1
x16_2 = 1
x20_2 = 1
x22_2 = 1
x30_2 = 1
x31_2 = 1
x35_2 = 1
x40_2 = 1
x3_14 = 1
w2 = 1
w14 = 1
