Tiempo de corrida total: 0.283077
Tiempo de corrida recorrer el arbol: 0.0902841
Valor de la funcion objetivo: 2
x1_2 = 1
x6_2 = 1
x14_2 = 1
x15_2 = 1
x18_2 = 1
x22_2 = 1
x24_2 = 1
x36_2 = 1
x49_2 = 1
x9_4 = 1
x11_4 = 1
x12_4 = 1
x13_4 = 1
x17_4 = 1
x20_4 = 1
x29_4 = 1
x30_4 = 1
x37_4 = 1
x42_4 = 1
x45_4 = 1
w2 = 1
w4 = 1
