Tiempo de corrida total: 0.522982
Tiempo de corrida recorrer el arbol: 0.444186
Valor de la funcion objetivo: 1
x5_7 = 1
x7_7 = 1
x9_7 = 1
x10_7 = 1
x23_7 = 1
x26_7 = 1
x29_7 = 1
x33_7 = 1
x35_7 = 1
x39_7 = 1
w7 = 1
