Tiempo de corrida total: 0.0575891
Tiempo de corrida recorrer el arbol: 0.030339
Valor de la funcion objetivo: 1
x7_2 = 1
x11_2 = 1
x15_2 = 1
x25_2 = 1
x27_2 = 1
w2 = 1
