Tiempo de corrida total: 0.190754
Tiempo de corrida recorrer el arbol: 0.060075
Valor de la funcion objetivo: 2
x10_10 = 1
x12_10 = 1
x13_10 = 1
x14_10 = 1
x16_10 = 1
x17_10 = 1
x22_10 = 1
x23_10 = 1
x26_10 = 1
x27_10 = 1
x28_10 = 1
x30_10 = 1
x7_15 = 1
x8_15 = 1
x9_15 = 1
w10 = 1
w15 = 1
