Tiempo de corrida total: 0.717745
Tiempo de corrida recorrer el arbol: 0.708655
Valor de la funcion objetivo: 2
x8_1 = 1
x9_1 = 1
x14_1 = 1
x16_1 = 1
x18_1 = 1
x19_1 = 1
x21_1 = 1
x22_1 = 1
x24_1 = 1
x29_1 = 1
x31_1 = 1
x1_16 = 1
x20_16 = 1
x26_16 = 1
x33_16 = 1
x34_16 = 1
x37_16 = 1
x38_16 = 1
x39_16 = 1
x40_16 = 1
w1 = 1
w16 = 1
