Tiempo de corrida total: 0.0600221
Tiempo de corrida recorrer el arbol: 0.0328081
Valor de la funcion objetivo: 1
x1_2 = 1
x2_2 = 1
x6_2 = 1
x9_2 = 1
x37_2 = 1
w2 = 1
