Tiempo de corrida total: 0.383006
Tiempo de corrida recorrer el arbol: 0.353482
Valor de la funcion objetivo: 2
x4_1 = 1
x28_1 = 1
x19_2 = 1
x32_2 = 1
x40_2 = 1
w1 = 1
w2 = 1
