Tiempo de corrida total: 0.475674
Tiempo de corrida recorrer el arbol: 0.045543
Valor de la funcion objetivo: 5
x10_1 = 1
x18_1 = 1
x6_3 = 1
x21_3 = 1
x9_5 = 1
x4_9 = 1
x20_9 = 1
x13_10 = 1
x15_10 = 1
x23_10 = 1
w1 = 1
w3 = 1
w5 = 1
w9 = 1
w10 = 1
