Tiempo de corrida total: 0.166564
Tiempo de corrida recorrer el arbol: 0.151019
Valor de la funcion objetivo: 2
x13_2 = 1
x19_2 = 1
x25_2 = 1
x12_5 = 1
x22_5 = 1
w2 = 1
w5 = 1
