Tiempo de corrida total: 0.599197
Tiempo de corrida recorrer el arbol: 0.558309
Valor de la funcion objetivo: 2
x5_4 = 1
x19_4 = 1
x24_4 = 1
x3_8 = 1
x15_8 = 1
x16_8 = 1
x25_8 = 1
x28_8 = 1
x29_8 = 1
x39_8 = 1
w4 = 1
w8 = 1
