Tiempo de corrida total: 0.173224
Tiempo de corrida recorrer el arbol: 0.147801
Valor de la funcion objetivo: 1
x3_9 = 1
x8_9 = 1
x20_9 = 1
x21_9 = 1
x24_9 = 1
x29_9 = 1
x36_9 = 1
x37_9 = 1
x38_9 = 1
x39_9 = 1
w9 = 1
