Tiempo de corrida total: 3.61895
Tiempo de corrida recorrer el arbol: 3.40958
Valor de la funcion objetivo: 2
x7_1 = 1
x9_1 = 1
x23_1 = 1
x24_1 = 1
x28_1 = 1
x32_1 = 1
x40_1 = 1
x43_1 = 1
x50_1 = 1
x6_7 = 1
x10_7 = 1
x11_7 = 1
x18_7 = 1
x38_7 = 1
x41_7 = 1
w1 = 1
w7 = 1
