Tiempo de corrida total: 0.196411
Tiempo de corrida recorrer el arbol: 0.0803661
Valor de la funcion objetivo: 4
x4_2 = 1
x8_2 = 1
x16_2 = 1
x18_2 = 1
x3_9 = 1
x5_9 = 1
x12_9 = 1
x19_9 = 1
x13_13 = 1
x24_13 = 1
x28_13 = 1
x30_13 = 1
x10_15 = 1
x25_15 = 1
x27_15 = 1
w2 = 1
w9 = 1
w13 = 1
w15 = 1
