Tiempo de corrida total: 0.824268
Tiempo de corrida recorrer el arbol: 0.149224
Valor de la funcion objetivo: 1
x7_5 = 1
x16_5 = 1
x17_5 = 1
x33_5 = 1
x47_5 = 1
w5 = 1
