Tiempo de corrida total: 0.16495
Tiempo de corrida recorrer el arbol: 0.056098
Valor de la funcion objetivo: 1
x46_5 = 1
x47_5 = 1
x48_5 = 1
x49_5 = 1
x50_5 = 1
w5 = 1
