Tiempo de corrida total: 1.45335
Tiempo de corrida recorrer el arbol: 1.44285
Valor de la funcion objetivo: 2
x12_1 = 1
x17_1 = 1
x36_1 = 1
x39_1 = 1
x40_1 = 1
x46_1 = 1
x6_14 = 1
x13_14 = 1
x16_14 = 1
x27_14 = 1
x29_14 = 1
x32_14 = 1
x35_14 = 1
x42_14 = 1
x50_14 = 1
w1 = 1
w14 = 1
