Tiempo de corrida total: 0.108668
Tiempo de corrida recorrer el arbol: 0.027832
Valor de la funcion objetivo: 2
x4_9 = 1
x9_9 = 1
x14_9 = 1
x19_9 = 1
x22_9 = 1
x23_9 = 1
x30_9 = 1
x1_16 = 1
x2_16 = 1
x8_16 = 1
x10_16 = 1
x12_16 = 1
x13_16 = 1
x17_16 = 1
x21_16 = 1
x24_16 = 1
x25_16 = 1
x26_16 = 1
x27_16 = 1
x29_16 = 1
w9 = 1
w16 = 1
