Tiempo de corrida total: 4.62773
Tiempo de corrida recorrer el arbol: 4.58457
Valor de la funcion objetivo: 3
x1_10 = 1
x10_10 = 1
x16_10 = 1
x18_10 = 1
x29_10 = 1
x4_14 = 1
x5_14 = 1
x7_14 = 1
x17_14 = 1
x21_14 = 1
x25_14 = 1
x12_15 = 1
x14_15 = 1
x19_15 = 1
x23_15 = 1
w10 = 1
w14 = 1
w15 = 1
