Tiempo de corrida total: 2.61906
Tiempo de corrida recorrer el arbol: 2.46047
Valor de la funcion objetivo: 2
x1_5 = 1
x5_5 = 1
x8_5 = 1
x12_5 = 1
x23_5 = 1
x29_5 = 1
x7_9 = 1
x15_9 = 1
x31_9 = 1
x32_9 = 1
w5 = 1
w9 = 1
