Tiempo de corrida total: 0.336807
Tiempo de corrida recorrer el arbol: 0.331603
Valor de la funcion objetivo: 2
x1_1 = 1
x19_1 = 1
x9_5 = 1
x23_5 = 1
x26_5 = 1
w1 = 1
w5 = 1
