Tiempo de corrida total: 0.344793
Tiempo de corrida recorrer el arbol: 0.07762
Valor de la funcion objetivo: 2
x13_4 = 1
x15_4 = 1
x17_4 = 1
x31_4 = 1
x33_4 = 1
x34_4 = 1
x35_4 = 1
x36_4 = 1
x47_4 = 1
x3_14 = 1
x5_14 = 1
x12_14 = 1
x14_14 = 1
x19_14 = 1
x22_14 = 1
x25_14 = 1
x26_14 = 1
x28_14 = 1
x37_14 = 1
x39_14 = 1
w4 = 1
w14 = 1
