Tiempo de corrida total: 0.118859
Tiempo de corrida recorrer el arbol: 0.034771
Valor de la funcion objetivo: 2
x12_3 = 1
x26_3 = 1
x29_3 = 1
x13_4 = 1
x24_4 = 1
w3 = 1
w4 = 1
