Tiempo de corrida total: 1.15503
Tiempo de corrida recorrer el arbol: 0.870216
Valor de la funcion objetivo: 2
x2_5 = 1
x19_5 = 1
x22_5 = 1
x28_5 = 1
x35_5 = 1
x36_5 = 1
x38_5 = 1
x5_8 = 1
x7_8 = 1
x17_8 = 1
x21_8 = 1
x24_8 = 1
x25_8 = 1
x27_8 = 1
x39_8 = 1
w5 = 1
w8 = 1
