Tiempo de corrida total: 3.82035
Tiempo de corrida recorrer el arbol: 3.80826
Valor de la funcion objetivo: 2
x1_1 = 1
x2_1 = 1
x4_1 = 1
x6_1 = 1
x9_1 = 1
x15_1 = 1
x16_1 = 1
x18_1 = 1
x22_1 = 1
x29_1 = 1
x30_1 = 1
x40_1 = 1
x45_1 = 1
x20_2 = 1
x26_2 = 1
w1 = 1
w2 = 1
