Tiempo de corrida total: 6.90495
Tiempo de corrida recorrer el arbol: 6.48441
Valor de la funcion objetivo: 3
x20_2 = 1
x28_2 = 1
x37_2 = 1
x38_2 = 1
x2_6 = 1
x12_6 = 1
x13_6 = 1
x6_9 = 1
x32_9 = 1
x35_9 = 1
w2 = 1
w6 = 1
w9 = 1
