Tiempo de corrida total: 0.118906
Tiempo de corrida recorrer el arbol: 0.045634
Valor de la funcion objetivo: 1
x1_3 = 1
x12_3 = 1
x17_3 = 1
x22_3 = 1
x40_3 = 1
w3 = 1
