Tiempo de corrida total: 0.0149381
Tiempo de corrida recorrer el arbol: 0.0130701
Valor de la funcion objetivo: 1
x1_1 = 1
x4_1 = 1
x5_1 = 1
x12_1 = 1
x18_1 = 1
w1 = 1
