Tiempo de corrida total: 2.18194
Tiempo de corrida recorrer el arbol: 1.73077
Valor de la funcion objetivo: 2
x7_13 = 1
x11_13 = 1
x16_13 = 1
x26_13 = 1
x29_13 = 1
x30_13 = 1
x31_13 = 1
x34_13 = 1
x45_13 = 1
x46_13 = 1
x47_13 = 1
x48_13 = 1
x1_19 = 1
x12_19 = 1
x14_19 = 1
x19_19 = 1
x20_19 = 1
x32_19 = 1
x36_19 = 1
x40_19 = 1
w13 = 1
w19 = 1
