Tiempo de corrida total: 0.212564
Tiempo de corrida recorrer el arbol: 0.208746
Valor de la funcion objetivo: 2
x1_1 = 1
x9_1 = 1
x26_1 = 1
x3_2 = 1
x4_2 = 1
w1 = 1
w2 = 1
