Tiempo de corrida total: 1.27426
Tiempo de corrida recorrer el arbol: 1.26649
Valor de la funcion objetivo: 2
x2_10 = 1
x12_10 = 1
x16_10 = 1
x25_10 = 1
x29_10 = 1
x34_10 = 1
x36_10 = 1
x39_10 = 1
x40_10 = 1
x3_15 = 1
x7_15 = 1
x9_15 = 1
x11_15 = 1
x22_15 = 1
x24_15 = 1
w10 = 1
w15 = 1
