Tiempo de corrida total: 0.215713
Tiempo de corrida recorrer el arbol: 0.211182
Valor de la funcion objetivo: 2
x5_2 = 1
x11_2 = 1
x10_5 = 1
x16_5 = 1
x19_5 = 1
w2 = 1
w5 = 1
