Tiempo de corrida total: 0.033931
Tiempo de corrida recorrer el arbol: 0.023109
Valor de la funcion objetivo: 1
x2_4 = 1
x7_4 = 1
x13_4 = 1
x23_4 = 1
x27_4 = 1
w4 = 1
