Tiempo de corrida total: 0.0545819
Tiempo de corrida recorrer el arbol: 0.049387
Valor de la funcion objetivo: 2
x3_1 = 1
x5_1 = 1
x12_1 = 1
x28_1 = 1
x29_1 = 1
x10_10 = 1
x23_10 = 1
x24_10 = 1
x26_10 = 1
x30_10 = 1
w1 = 1
w10 = 1
