Tiempo de corrida total: 0.0500929
Tiempo de corrida recorrer el arbol: 0.0384579
Valor de la funcion objetivo: 1
x16_5 = 1
x18_5 = 1
x20_5 = 1
x22_5 = 1
x25_5 = 1
w5 = 1
