Tiempo de corrida total: 1.37798
Tiempo de corrida recorrer el arbol: 0.342733
Valor de la funcion objetivo: 5
x5_1 = 1
x30_1 = 1
x15_2 = 1
x16_2 = 1
x20_2 = 1
x4_6 = 1
x22_6 = 1
x28_6 = 1
x29_6 = 1
x8_9 = 1
x17_9 = 1
x18_9 = 1
x1_14 = 1
x24_14 = 1
x25_14 = 1
w1 = 1
w2 = 1
w6 = 1
w9 = 1
w14 = 1
