Tiempo de corrida total: 0.129971
Tiempo de corrida recorrer el arbol: 0.125538
Valor de la funcion objetivo: 2
x5_2 = 1
x27_2 = 1
x28_2 = 1
x12_5 = 1
x14_5 = 1
w2 = 1
w5 = 1
