Tiempo de corrida total: 0.034564
Tiempo de corrida recorrer el arbol: 0.0130062
Valor de la funcion objetivo: 1
x13_2 = 1
x18_2 = 1
x25_2 = 1
x30_2 = 1
x31_2 = 1
w2 = 1
