Tiempo de corrida total: 0.234688
Tiempo de corrida recorrer el arbol: 0.0660501
Valor de la funcion objetivo: 2
x22_3 = 1
x34_3 = 1
x3_5 = 1
x15_5 = 1
x28_5 = 1
w3 = 1
w5 = 1
