Tiempo de corrida total: 0.371369
Tiempo de corrida recorrer el arbol: 0.157649
Valor de la funcion objetivo: 1
x1_2 = 1
x10_2 = 1
x15_2 = 1
x30_2 = 1
x48_2 = 1
w2 = 1
