Tiempo de corrida total: 0.283596
Tiempo de corrida recorrer el arbol: 0.0567219
Valor de la funcion objetivo: 3
x4_3 = 1
x12_3 = 1
x14_3 = 1
x16_3 = 1
x24_3 = 1
x27_3 = 1
x29_3 = 1
x30_3 = 1
x1_12 = 1
x3_12 = 1
x9_12 = 1
x17_12 = 1
x19_12 = 1
x28_12 = 1
x2_20 = 1
x5_20 = 1
x18_20 = 1
x20_20 = 1
x23_20 = 1
x26_20 = 1
w3 = 1
w12 = 1
w20 = 1
