Tiempo de corrida total: 1.79032
Tiempo de corrida recorrer el arbol: 1.56363
Valor de la funcion objetivo: 2
x3_1 = 1
x13_1 = 1
x16_1 = 1
x17_1 = 1
x18_1 = 1
x29_1 = 1
x31_1 = 1
x2_9 = 1
x7_9 = 1
x10_9 = 1
x12_9 = 1
x20_9 = 1
x21_9 = 1
x24_9 = 1
x33_9 = 1
x40_9 = 1
x41_9 = 1
x43_9 = 1
x45_9 = 1
x48_9 = 1
w1 = 1
w9 = 1
