Tiempo de corrida total: 0.781593
Tiempo de corrida recorrer el arbol: 0.676113
Valor de la funcion objetivo: 1
x1_2 = 1
x9_2 = 1
x18_2 = 1
x19_2 = 1
x29_2 = 1
w2 = 1
