Tiempo de corrida total: 0.176032
Tiempo de corrida recorrer el arbol: 0.0679891
Valor de la funcion objetivo: 2
x1_1 = 1
x9_1 = 1
x17_1 = 1
x20_1 = 1
x22_1 = 1
x25_1 = 1
x26_1 = 1
x33_1 = 1
x40_1 = 1
x3_19 = 1
x7_19 = 1
x12_19 = 1
x15_19 = 1
x16_19 = 1
x24_19 = 1
x28_19 = 1
x29_19 = 1
x30_19 = 1
x31_19 = 1
x38_19 = 1
w1 = 1
w19 = 1
