Tiempo de corrida total: 0.0670931
Tiempo de corrida recorrer el arbol: 0.0151479
Valor de la funcion objetivo: 1
x1_3 = 1
x9_3 = 1
x17_3 = 1
x29_3 = 1
x30_3 = 1
w3 = 1
