Tiempo de corrida total: 0.557163
Tiempo de corrida recorrer el arbol: 0.136423
Valor de la funcion objetivo: 2
x5_4 = 1
x19_4 = 1
x24_4 = 1
x32_4 = 1
x34_4 = 1
x43_4 = 1
x44_4 = 1
x48_4 = 1
x2_11 = 1
x8_11 = 1
x12_11 = 1
x14_11 = 1
x36_11 = 1
x37_11 = 1
x39_11 = 1
w4 = 1
w11 = 1
