Tiempo de corrida total: 0.804114
Tiempo de corrida recorrer el arbol: 0.784653
Valor de la funcion objetivo: 2
x9_9 = 1
x14_9 = 1
x19_9 = 1
x24_9 = 1
x29_9 = 1
x31_9 = 1
x35_9 = 1
x40_9 = 1
x3_10 = 1
x10_10 = 1
w9 = 1
w10 = 1
