Tiempo de corrida total: 0.101499
Tiempo de corrida recorrer el arbol: 0.023159
Valor de la funcion objetivo: 2
x6_4 = 1
x7_4 = 1
x4_5 = 1
x23_5 = 1
x28_5 = 1
w4 = 1
w5 = 1
