Tiempo de corrida total: 0.127824
Tiempo de corrida recorrer el arbol: 0.0668731
Valor de la funcion objetivo: 1
x1_10 = 1
x4_10 = 1
x10_10 = 1
x18_10 = 1
x26_10 = 1
x29_10 = 1
x32_10 = 1
x38_10 = 1
x43_10 = 1
x48_10 = 1
w10 = 1
