Tiempo de corrida total: 0.024461
Tiempo de corrida recorrer el arbol: 0.0213869
Valor de la funcion objetivo: 1
x1_1 = 1
x3_1 = 1
x6_1 = 1
x12_1 = 1
x47_1 = 1
w1 = 1
