Tiempo de corrida total: 7.23612
Tiempo de corrida recorrer el arbol: 6.09661
Valor de la funcion objetivo: 4
x18_5 = 1
x22_5 = 1
x23_5 = 1
x29_5 = 1
x5_6 = 1
x12_6 = 1
x16_6 = 1
x28_6 = 1
x2_12 = 1
x10_12 = 1
x27_12 = 1
x30_12 = 1
x3_14 = 1
x17_14 = 1
x25_14 = 1
w5 = 1
w6 = 1
w12 = 1
w14 = 1
