Tiempo de corrida total: 0.289226
Tiempo de corrida recorrer el arbol: 0.267522
Valor de la funcion objetivo: 2
x5_2 = 1
x17_2 = 1
x33_2 = 1
x27_5 = 1
x40_5 = 1
w2 = 1
w5 = 1
