Tiempo de corrida total: 0.0163162
Tiempo de corrida recorrer el arbol: 0.0070219
Valor de la funcion objetivo: 1
x1_1 = 1
x2_1 = 1
x4_1 = 1
x7_1 = 1
x16_1 = 1
x17_1 = 1
x18_1 = 1
x21_1 = 1
x23_1 = 1
x29_1 = 1
w1 = 1
