Tiempo de corrida total: 0.096622
Tiempo de corrida recorrer el arbol: 0.0159879
Valor de la funcion objetivo: 1
x4_5 = 1
x15_5 = 1
x20_5 = 1
x24_5 = 1
x27_5 = 1
w5 = 1
