Tiempo de corrida total: 0.197512
Tiempo de corrida recorrer el arbol: 0.189526
Valor de la funcion objetivo: 2
x1_1 = 1
x8_1 = 1
x16_1 = 1
x17_1 = 1
x25_1 = 1
x28_1 = 1
x29_1 = 1
x9_3 = 1
x10_3 = 1
x18_3 = 1
w1 = 1
w3 = 1
