Tiempo de corrida total: 0.93521
Tiempo de corrida recorrer el arbol: 0.918683
Valor de la funcion objetivo: 2
x5_1 = 1
x7_1 = 1
x22_1 = 1
x36_1 = 1
x40_1 = 1
x2_10 = 1
x9_10 = 1
x10_10 = 1
x25_10 = 1
x38_10 = 1
w1 = 1
w10 = 1
