Tiempo de corrida total: 0.0947959
Tiempo de corrida recorrer el arbol: 0.07337
Valor de la funcion objetivo: 2
x4_9 = 1
x6_9 = 1
x17_9 = 1
x30_9 = 1
x3_11 = 1
x12_11 = 1
x15_11 = 1
x16_11 = 1
x18_11 = 1
x20_11 = 1
x22_11 = 1
x23_11 = 1
x27_11 = 1
x28_11 = 1
x29_11 = 1
w9 = 1
w11 = 1
