Tiempo de corrida total: 1.56437
Tiempo de corrida recorrer el arbol: 1.51842
Valor de la funcion objetivo: 2
x5_5 = 1
x9_5 = 1
x29_5 = 1
x36_5 = 1
x37_5 = 1
x46_5 = 1
x16_10 = 1
x24_10 = 1
x25_10 = 1
x49_10 = 1
w5 = 1
w10 = 1
