Tiempo de corrida total: 2.83885
Tiempo de corrida recorrer el arbol: 2.23524
Valor de la funcion objetivo: 3
x1_4 = 1
x18_4 = 1
x25_4 = 1
x29_4 = 1
x42_4 = 1
x5_11 = 1
x8_11 = 1
x20_11 = 1
x34_11 = 1
x37_11 = 1
x2_18 = 1
x4_18 = 1
x19_18 = 1
x21_18 = 1
x22_18 = 1
x33_18 = 1
x41_18 = 1
x44_18 = 1
x48_18 = 1
x49_18 = 1
w4 = 1
w11 = 1
w18 = 1
