Tiempo de corrida total: 0.0427079
Tiempo de corrida recorrer el arbol: 0.010498
Valor de la funcion objetivo: 1
x2_4 = 1
x8_4 = 1
x11_4 = 1
x23_4 = 1
x26_4 = 1
w4 = 1
