Tiempo de corrida total: 3.13513
Tiempo de corrida recorrer el arbol: 2.64425
Valor de la funcion objetivo: 2
x7_7 = 1
x17_7 = 1
x28_7 = 1
x35_7 = 1
x46_7 = 1
x48_7 = 1
x49_7 = 1
x1_8 = 1
x14_8 = 1
x30_8 = 1
w7 = 1
w8 = 1
