Tiempo de corrida total: 0.0971992
Tiempo de corrida recorrer el arbol: 0.073987
Valor de la funcion objetivo: 1
x6_4 = 1
x13_4 = 1
x14_4 = 1
x27_4 = 1
x45_4 = 1
w4 = 1
