Tiempo de corrida total: 0.486149
Tiempo de corrida recorrer el arbol: 0.067277
Valor de la funcion objetivo: 2
x6_3 = 1
x11_3 = 1
x16_3 = 1
x17_3 = 1
x20_3 = 1
x31_3 = 1
x34_3 = 1
x40_3 = 1
x12_6 = 1
x13_6 = 1
x15_6 = 1
x18_6 = 1
x19_6 = 1
x25_6 = 1
x28_6 = 1
w3 = 1
w6 = 1
