Tiempo de corrida total: 0.062711
Tiempo de corrida recorrer el arbol: 0.031194
Valor de la funcion objetivo: 1
x1_7 = 1
x5_7 = 1
x7_7 = 1
x11_7 = 1
x12_7 = 1
x16_7 = 1
x25_7 = 1
x30_7 = 1
x35_7 = 1
x37_7 = 1
w7 = 1
