Tiempo de corrida total: 0.979773
Tiempo de corrida recorrer el arbol: 0.909746
Valor de la funcion objetivo: 2
x7_1 = 1
x8_1 = 1
x10_1 = 1
x12_1 = 1
x25_1 = 1
x9_9 = 1
x16_9 = 1
x24_9 = 1
x26_9 = 1
x28_9 = 1
w1 = 1
w9 = 1
