Tiempo de corrida total: 0.0880969
Tiempo de corrida recorrer el arbol: 0.012238
Valor de la funcion objetivo: 1
x1_4 = 1
x18_4 = 1
x30_4 = 1
x34_4 = 1
x38_4 = 1
w4 = 1
