Tiempo de corrida total: 0.111264
Tiempo de corrida recorrer el arbol: 0.0398922
Valor de la funcion objetivo: 1
x1_4 = 1
x8_4 = 1
x23_4 = 1
x31_4 = 1
x32_4 = 1
w4 = 1
