Tiempo de corrida total: 0.281336
Tiempo de corrida recorrer el arbol: 0.247208
Valor de la funcion objetivo: 2
x2_2 = 1
x29_2 = 1
x37_5 = 1
x39_5 = 1
x40_5 = 1
w2 = 1
w5 = 1
