Tiempo de corrida total: 0.05077
Tiempo de corrida recorrer el arbol: 0.0151429
Valor de la funcion objetivo: 1
x4_5 = 1
x8_5 = 1
x23_5 = 1
x25_5 = 1
x27_5 = 1
w5 = 1
