Tiempo de corrida total: 2.80414
Tiempo de corrida recorrer el arbol: 1.17062
Valor de la funcion objetivo: 4
x3_6 = 1
x16_6 = 1
x19_6 = 1
x38_6 = 1
x1_8 = 1
x9_8 = 1
x29_8 = 1
x34_8 = 1
x26_11 = 1
x30_11 = 1
x32_11 = 1
x37_11 = 1
x15_13 = 1
x35_13 = 1
x36_13 = 1
w6 = 1
w8 = 1
w11 = 1
w13 = 1
