Tiempo de corrida total: 0.47263
Tiempo de corrida recorrer el arbol: 0.067661
Valor de la funcion objetivo: 2
x1_2 = 1
x6_2 = 1
x10_2 = 1
x18_2 = 1
x22_2 = 1
x29_2 = 1
x36_2 = 1
x15_14 = 1
x16_14 = 1
x25_14 = 1
x26_14 = 1
x27_14 = 1
x32_14 = 1
x37_14 = 1
x40_14 = 1
w2 = 1
w14 = 1
