Tiempo de corrida total: 0.298486
Tiempo de corrida recorrer el arbol: 0.242673
Valor de la funcion objetivo: 2
x2_6 = 1
x10_6 = 1
x18_6 = 1
x23_6 = 1
x35_6 = 1
x9_13 = 1
x11_13 = 1
x13_13 = 1
x17_13 = 1
x19_13 = 1
x20_13 = 1
x22_13 = 1
x34_13 = 1
x37_13 = 1
x40_13 = 1
w6 = 1
w13 = 1
