Tiempo de corrida total: 0.023262
Tiempo de corrida recorrer el arbol: 0.00616479
Valor de la funcion objetivo: 1
x22_5 = 1
x31_5 = 1
x32_5 = 1
x36_5 = 1
x39_5 = 1
w5 = 1
