Tiempo de corrida total: 0.722477
Tiempo de corrida recorrer el arbol: 0.708589
Valor de la funcion objetivo: 2
x8_1 = 1
x15_1 = 1
x16_1 = 1
x17_1 = 1
x18_1 = 1
x19_1 = 1
x28_1 = 1
x3_13 = 1
x10_13 = 1
x20_13 = 1
x23_13 = 1
x25_13 = 1
x27_13 = 1
x34_13 = 1
x40_13 = 1
w1 = 1
w13 = 1
