Tiempo de corrida total: 3.37371
Tiempo de corrida recorrer el arbol: 3.32691
Valor de la funcion objetivo: 1
x1_6 = 1
x6_6 = 1
x22_6 = 1
x26_6 = 1
x30_6 = 1
x32_6 = 1
x36_6 = 1
x43_6 = 1
x45_6 = 1
x48_6 = 1
w6 = 1
