Tiempo de corrida total: 0.194346
Tiempo de corrida recorrer el arbol: 0.167101
Valor de la funcion objetivo: 2
x4_6 = 1
x19_6 = 1
x23_6 = 1
x27_6 = 1
x29_6 = 1
x30_6 = 1
x1_7 = 1
x5_7 = 1
x6_7 = 1
x10_7 = 1
x11_7 = 1
x12_7 = 1
x16_7 = 1
x18_7 = 1
x25_7 = 1
w6 = 1
w7 = 1
