Tiempo de corrida total: 0.610891
Tiempo de corrida recorrer el arbol: 0.0731819
Valor de la funcion objetivo: 1
x18_5 = 1
x21_5 = 1
x31_5 = 1
x35_5 = 1
x40_5 = 1
w5 = 1
