Tiempo de corrida total: 1.10194
Tiempo de corrida recorrer el arbol: 0.885317
Valor de la funcion objetivo: 2
x4_6 = 1
x11_6 = 1
x13_6 = 1
x16_6 = 1
x20_6 = 1
x25_6 = 1
x26_6 = 1
x29_6 = 1
x30_6 = 1
x6_7 = 1
x7_7 = 1
x9_7 = 1
x10_7 = 1
x32_7 = 1
x35_7 = 1
w6 = 1
w7 = 1
