Tiempo de corrida total: 0.687544
Tiempo de corrida recorrer el arbol: 0.130471
Valor de la funcion objetivo: 2
x2_5 = 1
x12_5 = 1
x18_5 = 1
x25_5 = 1
x26_5 = 1
x43_5 = 1
x48_5 = 1
x3_19 = 1
x8_19 = 1
x14_19 = 1
x15_19 = 1
x19_19 = 1
x22_19 = 1
x27_19 = 1
x34_19 = 1
x36_19 = 1
x37_19 = 1
x40_19 = 1
x41_19 = 1
x47_19 = 1
w5 = 1
w19 = 1
