Tiempo de corrida total: 0.0815361
Tiempo de corrida recorrer el arbol: 0.057265
Valor de la funcion objetivo: 1
x11_2 = 1
x16_2 = 1
x18_2 = 1
x23_2 = 1
x27_2 = 1
x30_2 = 1
x37_2 = 1
x40_2 = 1
x47_2 = 1
x48_2 = 1
w2 = 1
