Tiempo de corrida total: 0.748156
Tiempo de corrida recorrer el arbol: 0.651865
Valor de la funcion objetivo: 2
x3_1 = 1
x14_1 = 1
x15_1 = 1
x20_1 = 1
x30_1 = 1
x7_7 = 1
x10_7 = 1
x19_7 = 1
x22_7 = 1
x28_7 = 1
w1 = 1
w7 = 1
