Tiempo de corrida total: 3.24561
Tiempo de corrida recorrer el arbol: 3.18252
Valor de la funcion objetivo: 3
x5_3 = 1
x8_3 = 1
x10_3 = 1
x27_3 = 1
x29_3 = 1
x30_6 = 1
x4_7 = 1
x9_7 = 1
x18_7 = 1
x25_7 = 1
w3 = 1
w6 = 1
w7 = 1
