Tiempo de corrida total: 0.130137
Tiempo de corrida recorrer el arbol: 0.0521111
Valor de la funcion objetivo: 1
x5_10 = 1
x6_10 = 1
x7_10 = 1
x11_10 = 1
x12_10 = 1
x14_10 = 1
x22_10 = 1
x38_10 = 1
x44_10 = 1
x45_10 = 1
w10 = 1
