Tiempo de corrida total: 0.0262859
Tiempo de corrida recorrer el arbol: 0.015625
Valor de la funcion objetivo: 1
x7_5 = 1
x9_5 = 1
x14_5 = 1
x15_5 = 1
x26_5 = 1
w5 = 1
