Tiempo de corrida total: 1.64264
Tiempo de corrida recorrer el arbol: 0.398573
Valor de la funcion objetivo: 4
x11_2 = 1
x33_2 = 1
x35_4 = 1
x38_4 = 1
x40_4 = 1
x4_6 = 1
x7_6 = 1
x8_7 = 1
x9_7 = 1
x20_7 = 1
w2 = 1
w4 = 1
w6 = 1
w7 = 1
