Tiempo de corrida total: 0.822178
Tiempo de corrida recorrer el arbol: 0.400471
Valor de la funcion objetivo: 2
x6_1 = 1
x8_1 = 1
x10_1 = 1
x12_1 = 1
x15_1 = 1
x17_9 = 1
x18_9 = 1
x21_9 = 1
x34_9 = 1
x37_9 = 1
w1 = 1
w9 = 1
