Tiempo de corrida total: 1.98349
Tiempo de corrida recorrer el arbol: 1.97088
Valor de la funcion objetivo: 3
x6_5 = 1
x8_5 = 1
x30_5 = 1
x11_9 = 1
x13_9 = 1
x25_9 = 1
x5_10 = 1
x16_10 = 1
x20_10 = 1
x26_10 = 1
w5 = 1
w9 = 1
w10 = 1
