Tiempo de corrida total: 0.155338
Tiempo de corrida recorrer el arbol: 0.148734
Valor de la funcion objetivo: 2
x9_3 = 1
x14_3 = 1
x16_3 = 1
x20_3 = 1
x24_3 = 1
x25_3 = 1
x29_3 = 1
x30_3 = 1
x4_13 = 1
x5_13 = 1
x7_13 = 1
x8_13 = 1
x17_13 = 1
x23_13 = 1
x26_13 = 1
w3 = 1
w13 = 1
