Tiempo de corrida total: 0.122096
Tiempo de corrida recorrer el arbol: 0.040777
Valor de la funcion objetivo: 2
x8_9 = 1
x9_9 = 1
x12_9 = 1
x13_9 = 1
x20_9 = 1
x22_9 = 1
x25_9 = 1
x1_10 = 1
x3_10 = 1
x7_10 = 1
x15_10 = 1
x16_10 = 1
x23_10 = 1
x24_10 = 1
x29_10 = 1
w9 = 1
w10 = 1
