Tiempo de corrida total: 0.614789
Tiempo de corrida recorrer el arbol: 0.0719469
Valor de la funcion objetivo: 2
x7_5 = 1
x11_5 = 1
x12_5 = 1
x19_5 = 1
x23_5 = 1
x25_5 = 1
x36_5 = 1
x37_5 = 1
x40_5 = 1
x41_5 = 1
x1_16 = 1
x3_16 = 1
x10_16 = 1
x13_16 = 1
x16_16 = 1
x17_16 = 1
x18_16 = 1
x28_16 = 1
x29_16 = 1
x49_16 = 1
w5 = 1
w16 = 1
