Tiempo de corrida total: 0.385549
Tiempo de corrida recorrer el arbol: 0.343628
Valor de la funcion objetivo: 3
x15_3 = 1
x25_3 = 1
x14_4 = 1
x5_5 = 1
x21_5 = 1
w3 = 1
w4 = 1
w5 = 1
