Tiempo de corrida total: 0.0116839
Tiempo de corrida recorrer el arbol: 0.00673199
Valor de la funcion objetivo: 1
x3_1 = 1
x4_1 = 1
x5_1 = 1
x11_1 = 1
x29_1 = 1
w1 = 1
