Tiempo de corrida total: 0.115815
Tiempo de corrida recorrer el arbol: 0.0299261
Valor de la funcion objetivo: 1
x5_9 = 1
x7_9 = 1
x13_9 = 1
x14_9 = 1
x15_9 = 1
x16_9 = 1
x26_9 = 1
x33_9 = 1
x37_9 = 1
x39_9 = 1
w9 = 1
