Tiempo de corrida total: 1.74063
Tiempo de corrida recorrer el arbol: 1.40161
Valor de la funcion objetivo: 6
x10_1 = 1
x20_1 = 1
x16_5 = 1
x25_5 = 1
x3_9 = 1
x17_9 = 1
x30_9 = 1
x12_10 = 1
x29_10 = 1
x5_12 = 1
x11_12 = 1
x27_12 = 1
x8_14 = 1
x23_14 = 1
x24_14 = 1
w1 = 1
w5 = 1
w9 = 1
w10 = 1
w12 = 1
w14 = 1
