Tiempo de corrida total: 0.117897
Tiempo de corrida recorrer el arbol: 0.0501721
Valor de la funcion objetivo: 2
x1_3 = 1
x5_3 = 1
x20_4 = 1
x27_4 = 1
x30_4 = 1
w3 = 1
w4 = 1
