Tiempo de corrida total: 0.00869513
Tiempo de corrida recorrer el arbol: 0.00770307
Valor de la funcion objetivo: 1
x1_1 = 1
x2_1 = 1
x3_1 = 1
x5_1 = 1
x10_1 = 1
w1 = 1
