Tiempo de corrida total: 0.063215
Tiempo de corrida recorrer el arbol: 0.018007
Valor de la funcion objetivo: 1
x1_2 = 1
x17_2 = 1
x22_2 = 1
x25_2 = 1
x34_2 = 1
w2 = 1
