Tiempo de corrida total: 0.224947
Tiempo de corrida recorrer el arbol: 0.0320098
Valor de la funcion objetivo: 1
x13_5 = 1
x23_5 = 1
x28_5 = 1
x37_5 = 1
x46_5 = 1
w5 = 1
