Tiempo de corrida total: 0.013232
Tiempo de corrida recorrer el arbol: 0.00564504
Valor de la funcion objetivo: 1
x4_1 = 1
x6_1 = 1
x8_1 = 1
x12_1 = 1
x16_1 = 1
w1 = 1
