Tiempo de corrida total: 0.17792
Tiempo de corrida recorrer el arbol: 0.043551
Valor de la funcion objetivo: 2
x3_6 = 1
x11_6 = 1
x16_6 = 1
x17_6 = 1
x18_6 = 1
x27_6 = 1
x29_6 = 1
x9_9 = 1
x20_9 = 1
x30_9 = 1
w6 = 1
w9 = 1
