Tiempo de corrida total: 0.455868
Tiempo de corrida recorrer el arbol: 0.334553
Valor de la funcion objetivo: 2
x1_6 = 1
x10_6 = 1
x11_6 = 1
x22_6 = 1
x27_6 = 1
x15_7 = 1
x16_7 = 1
x28_7 = 1
x29_7 = 1
x30_7 = 1
w6 = 1
w7 = 1
