Tiempo de corrida total: 0.225454
Tiempo de corrida recorrer el arbol: 0.141314
Valor de la funcion objetivo: 1
x1_9 = 1
x3_9 = 1
x9_9 = 1
x15_9 = 1
x24_9 = 1
x30_9 = 1
x40_9 = 1
x41_9 = 1
x42_9 = 1
x50_9 = 1
w9 = 1
