Tiempo de corrida total: 0.0596392
Tiempo de corrida recorrer el arbol: 0.010807
Valor de la funcion objetivo: 1
x1_4 = 1
x2_4 = 1
x19_4 = 1
x23_4 = 1
x27_4 = 1
w4 = 1
