Tiempo de corrida total: 0.316469
Tiempo de corrida recorrer el arbol: 0.302711
Valor de la funcion objetivo: 2
x7_4 = 1
x14_4 = 1
x28_4 = 1
x9_5 = 1
x30_5 = 1
w4 = 1
w5 = 1
