Tiempo de corrida total: 0.318264
Tiempo de corrida recorrer el arbol: 0.275528
Valor de la funcion objetivo: 2
x5_2 = 1
x15_2 = 1
x16_2 = 1
x25_2 = 1
x26_2 = 1
x27_2 = 1
x33_2 = 1
x34_2 = 1
x40_2 = 1
x3_13 = 1
x10_13 = 1
x13_13 = 1
x17_13 = 1
x19_13 = 1
x32_13 = 1
w2 = 1
w13 = 1
