Tiempo de corrida total: 0.298285
Tiempo de corrida recorrer el arbol: 0.117858
Valor de la funcion objetivo: 1
x8_3 = 1
x16_3 = 1
x20_3 = 1
x38_3 = 1
x48_3 = 1
w3 = 1
