Tiempo de corrida total: 0.0889721
Tiempo de corrida recorrer el arbol: 0.0194612
Valor de la funcion objetivo: 1
x41_5 = 1
x43_5 = 1
x44_5 = 1
x49_5 = 1
x50_5 = 1
w5 = 1
