Tiempo de corrida total: 0.106977
Tiempo de corrida recorrer el arbol: 0.0236251
Valor de la funcion objetivo: 2
x6_3 = 1
x8_3 = 1
x14_3 = 1
x21_3 = 1
x12_5 = 1
w3 = 1
w5 = 1
