Tiempo de corrida total: 2.35994
Tiempo de corrida recorrer el arbol: 1.94106
Valor de la funcion objetivo: 2
x7_1 = 1
x21_1 = 1
x34_1 = 1
x36_1 = 1
x37_1 = 1
x9_2 = 1
x10_2 = 1
x11_2 = 1
x13_2 = 1
x35_2 = 1
w1 = 1
w2 = 1
