Tiempo de corrida total: 1.70928
Tiempo de corrida recorrer el arbol: 0.621476
Valor de la funcion objetivo: 2
x7_10 = 1
x11_10 = 1
x12_10 = 1
x15_10 = 1
x16_10 = 1
x21_10 = 1
x26_10 = 1
x48_10 = 1
x49_10 = 1
x50_10 = 1
x10_15 = 1
x18_15 = 1
x20_15 = 1
x25_15 = 1
x27_15 = 1
x33_15 = 1
x36_15 = 1
x37_15 = 1
x43_15 = 1
x44_15 = 1
w10 = 1
w15 = 1
