Tiempo de corrida total: 0.047296
Tiempo de corrida recorrer el arbol: 0.0183241
Valor de la funcion objetivo: 1
x1_3 = 1
x4_3 = 1
x6_3 = 1
x10_3 = 1
x15_3 = 1
w3 = 1
