Tiempo de corrida total: 0.0891571
Tiempo de corrida recorrer el arbol: 0.043236
Valor de la funcion objetivo: 1
x4_3 = 1
x5_3 = 1
x6_3 = 1
x20_3 = 1
x24_3 = 1
x32_3 = 1
x35_3 = 1
x36_3 = 1
x37_3 = 1
x39_3 = 1
w3 = 1
