Tiempo de corrida total: 0.0151989
Tiempo de corrida recorrer el arbol: 0.00808907
Valor de la funcion objetivo: 1
x2_4 = 1
x5_4 = 1
x18_4 = 1
x27_4 = 1
x35_4 = 1
w4 = 1
