Tiempo de corrida total: 4.77974
Tiempo de corrida recorrer el arbol: 4.52197
Valor de la funcion objetivo: 2
x4_9 = 1
x5_9 = 1
x6_9 = 1
x12_9 = 1
x14_9 = 1
x20_9 = 1
x34_9 = 1
x37_9 = 1
x38_9 = 1
x50_9 = 1
x10_10 = 1
x25_10 = 1
x28_10 = 1
x33_10 = 1
x36_10 = 1
w9 = 1
w10 = 1
