Tiempo de corrida total: 0.179719
Tiempo de corrida recorrer el arbol: 0.0377879
Valor de la funcion objetivo: 1
x1_3 = 1
x37_3 = 1
x43_3 = 1
x47_3 = 1
x49_3 = 1
w3 = 1
