Tiempo de corrida total: 0.610532
Tiempo de corrida recorrer el arbol: 0.551481
Valor de la funcion objetivo: 3
x5_3 = 1
x6_3 = 1
x2_4 = 1
x28_4 = 1
x17_5 = 1
w3 = 1
w4 = 1
w5 = 1
