Tiempo de corrida total: 3.31643
Tiempo de corrida recorrer el arbol: 2.98291
Valor de la funcion objetivo: 1
x1_6 = 1
x2_6 = 1
x14_6 = 1
x16_6 = 1
x21_6 = 1
x26_6 = 1
x32_6 = 1
x36_6 = 1
x46_6 = 1
x47_6 = 1
w6 = 1
