Tiempo de corrida total: 0.175796
Tiempo de corrida recorrer el arbol: 0.061826
Valor de la funcion objetivo: 1
x2_8 = 1
x5_8 = 1
x10_8 = 1
x14_8 = 1
x17_8 = 1
x21_8 = 1
x24_8 = 1
x37_8 = 1
x47_8 = 1
x50_8 = 1
w8 = 1
