Tiempo de corrida total: 4.68527
Tiempo de corrida recorrer el arbol: 4.34624
Valor de la funcion objetivo: 3
x3_2 = 1
x5_2 = 1
x9_2 = 1
x10_2 = 1
x12_2 = 1
x19_2 = 1
x24_2 = 1
x29_2 = 1
x13_9 = 1
x17_9 = 1
x18_9 = 1
x27_9 = 1
x28_9 = 1
x30_9 = 1
x4_18 = 1
x14_18 = 1
x20_18 = 1
x23_18 = 1
x25_18 = 1
x26_18 = 1
w2 = 1
w9 = 1
w18 = 1
