Tiempo de corrida total: 0.14498
Tiempo de corrida recorrer el arbol: 0.068013
Valor de la funcion objetivo: 1
x3_5 = 1
x14_5 = 1
x36_5 = 1
x39_5 = 1
x43_5 = 1
w5 = 1
