Tiempo de corrida total: 0.0204849
Tiempo de corrida recorrer el arbol: 0.00442219
Valor de la funcion objetivo: 1
x2_1 = 1
x4_1 = 1
x9_1 = 1
x18_1 = 1
x25_1 = 1
w1 = 1
