Tiempo de corrida total: 0.350286
Tiempo de corrida recorrer el arbol: 0.128753
Valor de la funcion objetivo: 1
x5_14 = 1
x6_14 = 1
x9_14 = 1
x14_14 = 1
x20_14 = 1
x23_14 = 1
x25_14 = 1
x30_14 = 1
x31_14 = 1
x35_14 = 1
x38_14 = 1
x41_14 = 1
x43_14 = 1
x49_14 = 1
x50_14 = 1
w14 = 1
