Tiempo de corrida total: 0.0874059
Tiempo de corrida recorrer el arbol: 0.00866699
Valor de la funcion objetivo: 2
x2_1 = 1
x3_1 = 1
x7_1 = 1
x11_1 = 1
x14_1 = 1
x27_1 = 1
x30_1 = 1
x10_5 = 1
x16_5 = 1
x28_5 = 1
w1 = 1
w5 = 1
