Tiempo de corrida total: 0.132537
Tiempo de corrida recorrer el arbol: 0.0410171
Valor de la funcion objetivo: 2
x1_9 = 1
x4_9 = 1
x13_9 = 1
x17_9 = 1
x18_9 = 1
x22_9 = 1
x23_9 = 1
x24_9 = 1
x2_16 = 1
x6_16 = 1
x9_16 = 1
x10_16 = 1
x12_16 = 1
x14_16 = 1
x16_16 = 1
x19_16 = 1
x20_16 = 1
x26_16 = 1
x29_16 = 1
x30_16 = 1
w9 = 1
w16 = 1
