Tiempo de corrida total: 1.11085
Tiempo de corrida recorrer el arbol: 0.477779
Valor de la funcion objetivo: 4
x4_1 = 1
x29_1 = 1
x26_3 = 1
x30_3 = 1
x31_3 = 1
x13_7 = 1
x21_7 = 1
x35_7 = 1
x8_10 = 1
x38_10 = 1
w1 = 1
w3 = 1
w7 = 1
w10 = 1
