Tiempo de corrida total: 0.388513
Tiempo de corrida recorrer el arbol: 0.0877838
Valor de la funcion objetivo: 1
x1_2 = 1
x9_2 = 1
x21_2 = 1
x27_2 = 1
x29_2 = 1
w2 = 1
