Tiempo de corrida total: 2.34066
Tiempo de corrida recorrer el arbol: 2.29302
Valor de la funcion objetivo: 2
x2_7 = 1
x3_7 = 1
x5_7 = 1
x11_7 = 1
x18_7 = 1
x19_7 = 1
x34_7 = 1
x35_7 = 1
x36_7 = 1
x37_7 = 1
x40_7 = 1
x42_7 = 1
x48_7 = 1
x12_12 = 1
x16_12 = 1
x23_12 = 1
x24_12 = 1
x26_12 = 1
x49_12 = 1
x50_12 = 1
w7 = 1
w12 = 1
