Tiempo de corrida total: 0.211075
Tiempo de corrida recorrer el arbol: 0.0665879
Valor de la funcion objetivo: 2
x3_1 = 1
x20_1 = 1
x25_1 = 1
x13_4 = 1
x14_4 = 1
w1 = 1
w4 = 1
