Tiempo de corrida total: 0.054045
Tiempo de corrida recorrer el arbol: 0.020308
Valor de la funcion objetivo: 1
x10_3 = 1
x17_3 = 1
x23_3 = 1
x28_3 = 1
x29_3 = 1
w3 = 1
