Tiempo de corrida total: 0.109854
Tiempo de corrida recorrer el arbol: 0.0158181
Valor de la funcion objetivo: 2
x2_2 = 1
x6_2 = 1
x11_2 = 1
x12_2 = 1
x19_2 = 1
x22_2 = 1
x26_2 = 1
x28_2 = 1
x1_14 = 1
x4_14 = 1
x9_14 = 1
x10_14 = 1
x14_14 = 1
x17_14 = 1
x18_14 = 1
x20_14 = 1
x24_14 = 1
x25_14 = 1
x27_14 = 1
x30_14 = 1
w2 = 1
w14 = 1
