Tiempo de corrida total: 2.09648
Tiempo de corrida recorrer el arbol: 1.87836
Valor de la funcion objetivo: 4
x12_1 = 1
x17_1 = 1
x15_4 = 1
x16_4 = 1
x18_4 = 1
x1_6 = 1
x14_6 = 1
x25_6 = 1
x26_8 = 1
x29_8 = 1
w1 = 1
w4 = 1
w6 = 1
w8 = 1
