Tiempo de corrida total: 0.0181799
Tiempo de corrida recorrer el arbol: 0.00313807
Valor de la funcion objetivo: 1
x1_1 = 1
x2_1 = 1
x6_1 = 1
x19_1 = 1
x20_1 = 1
w1 = 1
