Tiempo de corrida total: 0.234218
Tiempo de corrida recorrer el arbol: 0.186993
Valor de la funcion objetivo: 2
x1_3 = 1
x17_3 = 1
x20_3 = 1
x29_3 = 1
x5_7 = 1
x6_7 = 1
x9_7 = 1
x19_7 = 1
x25_7 = 1
x27_7 = 1
w3 = 1
w7 = 1
