Tiempo de corrida total: 0.707702
Tiempo de corrida recorrer el arbol: 0.278584
Valor de la funcion objetivo: 2
x3_7 = 1
x9_7 = 1
x10_7 = 1
x18_7 = 1
x23_7 = 1
x28_7 = 1
x29_7 = 1
x4_11 = 1
x8_11 = 1
x11_11 = 1
x12_11 = 1
x13_11 = 1
x17_11 = 1
x27_11 = 1
x30_11 = 1
w7 = 1
w11 = 1
