Tiempo de corrida total: 0.33638
Tiempo de corrida recorrer el arbol: 0.0746169
Valor de la funcion objetivo: 2
x10_7 = 1
x11_7 = 1
x12_7 = 1
x19_7 = 1
x48_7 = 1
x1_12 = 1
x9_12 = 1
x14_12 = 1
x16_12 = 1
x18_12 = 1
x27_12 = 1
x36_12 = 1
x37_12 = 1
x42_12 = 1
x45_12 = 1
w7 = 1
w12 = 1
