Tiempo de corrida total: 0.301341
Tiempo de corrida recorrer el arbol: 0.205164
Valor de la funcion objetivo: 2
x1_3 = 1
x5_3 = 1
x12_3 = 1
x16_3 = 1
x25_3 = 1
x30_3 = 1
x4_4 = 1
x6_4 = 1
x17_4 = 1
x18_4 = 1
x19_4 = 1
x23_4 = 1
x26_4 = 1
x27_4 = 1
x29_4 = 1
w3 = 1
w4 = 1
