Tiempo de corrida total: 0.80241
Tiempo de corrida recorrer el arbol: 0.791953
Valor de la funcion objetivo: 2
x1_1 = 1
x2_1 = 1
x3_1 = 1
x6_1 = 1
x8_1 = 1
x15_1 = 1
x16_1 = 1
x20_1 = 1
x26_1 = 1
x36_1 = 1
x37_1 = 1
x14_2 = 1
x18_2 = 1
x22_2 = 1
x40_2 = 1
w1 = 1
w2 = 1
