Tiempo de corrida total: 3.85318
Tiempo de corrida recorrer el arbol: 3.56266
Valor de la funcion objetivo: 2
x3_7 = 1
x4_7 = 1
x9_7 = 1
x36_7 = 1
x40_7 = 1
x1_8 = 1
x2_8 = 1
x10_8 = 1
x18_8 = 1
x23_8 = 1
w7 = 1
w8 = 1
