Tiempo de corrida total: 0.0164731
Tiempo de corrida recorrer el arbol: 0.0157092
Valor de la funcion objetivo: 1
x1_1 = 1
x3_1 = 1
x4_1 = 1
x7_1 = 1
x10_1 = 1
w1 = 1
