Tiempo de corrida total: 0.235331
Tiempo de corrida recorrer el arbol: 0.077543
Valor de la funcion objetivo: 2
x17_2 = 1
x21_2 = 1
x26_2 = 1
x4_5 = 1
x39_5 = 1
w2 = 1
w5 = 1
