Tiempo de corrida total: 6.61947
Tiempo de corrida recorrer el arbol: 6.50258
Valor de la funcion objetivo: 2
x3_2 = 1
x22_2 = 1
x24_2 = 1
x27_2 = 1
x8_10 = 1
x15_10 = 1
x29_10 = 1
x34_10 = 1
x40_10 = 1
x41_10 = 1
w2 = 1
w10 = 1
