Tiempo de corrida total: 0.201661
Tiempo de corrida recorrer el arbol: 0.184563
Valor de la funcion objetivo: 2
x6_3 = 1
x13_3 = 1
x20_3 = 1
x12_4 = 1
x21_4 = 1
w3 = 1
w4 = 1
