Tiempo de corrida total: 0.318133
Tiempo de corrida recorrer el arbol: 0.308568
Valor de la funcion objetivo: 1
x2_1 = 1
x9_1 = 1
x21_1 = 1
x30_1 = 1
x33_1 = 1
x34_1 = 1
x36_1 = 1
x37_1 = 1
x42_1 = 1
x46_1 = 1
w1 = 1
