Tiempo de corrida total: 0.022388
Tiempo de corrida recorrer el arbol: 0.020118
Valor de la funcion objetivo: 1
x3_2 = 1
x6_2 = 1
x12_2 = 1
x13_2 = 1
x20_2 = 1
x21_2 = 1
x25_2 = 1
x27_2 = 1
x28_2 = 1
x36_2 = 1
w2 = 1
