Tiempo de corrida total: 0.01527
Tiempo de corrida recorrer el arbol: 0.00539899
Valor de la funcion objetivo: 1
x1_4 = 1
x3_4 = 1
x7_4 = 1
x17_4 = 1
x25_4 = 1
w4 = 1
