Tiempo de corrida total: 0.0413561
Tiempo de corrida recorrer el arbol: 0.0317571
Valor de la funcion objetivo: 1
x9_3 = 1
x10_3 = 1
x12_3 = 1
x15_3 = 1
x26_3 = 1
w3 = 1
