Tiempo de corrida total: 0.125062
Tiempo de corrida recorrer el arbol: 0.0544412
Valor de la funcion objetivo: 1
x5_5 = 1
x11_5 = 1
x15_5 = 1
x20_5 = 1
x27_5 = 1
x28_5 = 1
x31_5 = 1
x32_5 = 1
x36_5 = 1
x38_5 = 1
w5 = 1
