Tiempo de corrida total: 0.0920811
Tiempo de corrida recorrer el arbol: 0.0221038
Valor de la funcion objetivo: 1
x3_5 = 1
x5_5 = 1
x8_5 = 1
x9_5 = 1
x14_5 = 1
x16_5 = 1
x38_5 = 1
x40_5 = 1
x43_5 = 1
x46_5 = 1
w5 = 1
