Tiempo de corrida total: 0.092675
Tiempo de corrida recorrer el arbol: 0.088146
Valor de la funcion objetivo: 2
x1_1 = 1
x2_1 = 1
x3_1 = 1
x4_1 = 1
x5_1 = 1
x11_1 = 1
x17_1 = 1
x19_1 = 1
x20_1 = 1
x25_1 = 1
x27_1 = 1
x28_1 = 1
x8_2 = 1
x10_2 = 1
x18_2 = 1
w1 = 1
w2 = 1
