Tiempo de corrida total: 0.204477
Tiempo de corrida recorrer el arbol: 0.0401189
Valor de la funcion objetivo: 2
x6_9 = 1
x13_9 = 1
x22_9 = 1
x24_9 = 1
x28_9 = 1
x29_9 = 1
x30_9 = 1
x1_11 = 1
x3_11 = 1
x5_11 = 1
x9_11 = 1
x17_11 = 1
x19_11 = 1
x20_11 = 1
x23_11 = 1
w9 = 1
w11 = 1
