Tiempo de corrida total: 3.29014
Tiempo de corrida recorrer el arbol: 3.11485
Valor de la funcion objetivo: 3
x2_6 = 1
x3_6 = 1
x4_6 = 1
x11_6 = 1
x27_6 = 1
x28_6 = 1
x5_7 = 1
x16_7 = 1
x18_7 = 1
x25_7 = 1
x1_13 = 1
x6_13 = 1
x8_13 = 1
x24_13 = 1
x26_13 = 1
w6 = 1
w7 = 1
w13 = 1
