Tiempo de corrida total: 1.16991
Tiempo de corrida recorrer el arbol: 1.16326
Valor de la funcion objetivo: 2
x12_9 = 1
x25_9 = 1
x29_9 = 1
x32_9 = 1
x36_9 = 1
x40_9 = 1
x8_10 = 1
x27_10 = 1
x34_10 = 1
x37_10 = 1
w9 = 1
w10 = 1
