Tiempo de corrida total: 0.540294
Tiempo de corrida recorrer el arbol: 0.228629
Valor de la funcion objetivo: 3
x1_3 = 1
x7_3 = 1
x10_3 = 1
x22_3 = 1
x26_3 = 1
x6_5 = 1
x9_5 = 1
x17_5 = 1
x20_5 = 1
x23_5 = 1
x27_5 = 1
x3_11 = 1
x5_11 = 1
x14_11 = 1
x16_11 = 1
x18_11 = 1
x21_11 = 1
x24_11 = 1
x29_11 = 1
x30_11 = 1
w3 = 1
w5 = 1
w11 = 1
