Tiempo de corrida total: 6.22776
Tiempo de corrida recorrer el arbol: 5.78505
Valor de la funcion objetivo: 4
x1_1 = 1
x33_1 = 1
x6_2 = 1
x38_2 = 1
x40_2 = 1
x35_6 = 1
x36_6 = 1
x12_7 = 1
x13_7 = 1
x29_7 = 1
w1 = 1
w2 = 1
w6 = 1
w7 = 1
