Tiempo de corrida total: 0.00597596
Tiempo de corrida recorrer el arbol: 0.00259805
Valor de la funcion objetivo: 1
x1_1 = 1
x2_1 = 1
x3_1 = 1
x16_1 = 1
x22_1 = 1
w1 = 1
