Tiempo de corrida total: 8.56562
Tiempo de corrida recorrer el arbol: 7.36501
Valor de la funcion objetivo: 3
x12_3 = 1
x20_3 = 1
x22_3 = 1
x35_3 = 1
x2_5 = 1
x3_5 = 1
x5_5 = 1
x6_5 = 1
x26_5 = 1
x37_5 = 1
x16_10 = 1
x29_10 = 1
x38_10 = 1
x40_10 = 1
x50_10 = 1
w3 = 1
w5 = 1
w10 = 1
