Tiempo de corrida total: 0.350432
Tiempo de corrida recorrer el arbol: 0.291384
Valor de la funcion objetivo: 3
x29_1 = 1
x8_4 = 1
x22_4 = 1
x12_5 = 1
x21_5 = 1
w1 = 1
w4 = 1
w5 = 1
