Tiempo de corrida total: 0.0261221
Tiempo de corrida recorrer el arbol: 0.0204589
Valor de la funcion objetivo: 1
x1_1 = 1
x2_1 = 1
x5_1 = 1
x16_1 = 1
x26_1 = 1
w1 = 1
