Tiempo de corrida total: 0.267758
Tiempo de corrida recorrer el arbol: 0.045774
Valor de la funcion objetivo: 1
x5_1 = 1
x11_1 = 1
x13_1 = 1
x15_1 = 1
x17_1 = 1
x20_1 = 1
x31_1 = 1
x36_1 = 1
x37_1 = 1
x43_1 = 1
w1 = 1
