Tiempo de corrida total: 1.27687
Tiempo de corrida recorrer el arbol: 1.02592
Valor de la funcion objetivo: 4
x10_1 = 1
x19_1 = 1
x20_1 = 1
x5_2 = 1
x22_2 = 1
x27_2 = 1
x2_4 = 1
x28_4 = 1
x9_6 = 1
x30_6 = 1
w1 = 1
w2 = 1
w4 = 1
w6 = 1
