Tiempo de corrida total: 0.336643
Tiempo de corrida recorrer el arbol: 0.325697
Valor de la funcion objetivo: 3
x1_1 = 1
x3_1 = 1
x10_1 = 1
x15_1 = 1
x17_1 = 1
x27_1 = 1
x5_2 = 1
x8_2 = 1
x7_3 = 1
x30_3 = 1
w1 = 1
w2 = 1
w3 = 1
