Tiempo de corrida total: 0.0192289
Tiempo de corrida recorrer el arbol: 0.0153849
Valor de la funcion objetivo: 1
x6_5 = 1
x15_5 = 1
x17_5 = 1
x18_5 = 1
x24_5 = 1
w5 = 1
