Tiempo de corrida total: 1.20392
Tiempo de corrida recorrer el arbol: 1.19665
Valor de la funcion objetivo: 2
x12_1 = 1
x19_1 = 1
x35_1 = 1
x9_10 = 1
x23_10 = 1
x25_10 = 1
x29_10 = 1
x38_10 = 1
x48_10 = 1
x49_10 = 1
w1 = 1
w10 = 1
