Tiempo de corrida total: 0.166948
Tiempo de corrida recorrer el arbol: 0.161977
Valor de la funcion objetivo: 2
x4_1 = 1
x11_1 = 1
x13_1 = 1
x16_1 = 1
x18_1 = 1
x26_1 = 1
x40_1 = 1
x6_14 = 1
x9_14 = 1
x17_14 = 1
x27_14 = 1
x28_14 = 1
x29_14 = 1
x36_14 = 1
x38_14 = 1
w1 = 1
w14 = 1
