Tiempo de corrida total: 0.51729
Tiempo de corrida recorrer el arbol: 0.135722
Valor de la funcion objetivo: 4
x7_1 = 1
x18_1 = 1
x27_1 = 1
x10_2 = 1
x22_2 = 1
x12_5 = 1
x19_5 = 1
x5_6 = 1
x16_6 = 1
x29_6 = 1
w1 = 1
w2 = 1
w5 = 1
w6 = 1
