Tiempo de corrida total: 0.391948
Tiempo de corrida recorrer el arbol: 0.171331
Valor de la funcion objetivo: 2
x3_2 = 1
x4_2 = 1
x9_2 = 1
x16_2 = 1
x24_2 = 1
x2_9 = 1
x7_9 = 1
x11_9 = 1
x13_9 = 1
x36_9 = 1
w2 = 1
w9 = 1
