Tiempo de corrida total: 0.079258
Tiempo de corrida recorrer el arbol: 0.0337648
Valor de la funcion objetivo: 2
x3_3 = 1
x4_3 = 1
x9_5 = 1
x20_5 = 1
x29_5 = 1
w3 = 1
w5 = 1
