Tiempo de corrida total: 0.0545831
Tiempo de corrida recorrer el arbol: 0.049896
Valor de la funcion objetivo: 2
x2_6 = 1
x3_6 = 1
x10_6 = 1
x18_6 = 1
x5_7 = 1
x16_7 = 1
x19_7 = 1
x25_7 = 1
x28_7 = 1
x30_7 = 1
w6 = 1
w7 = 1
