Tiempo de corrida total: 0.24201
Tiempo de corrida recorrer el arbol: 0.056504
Valor de la funcion objetivo: 2
x2_6 = 1
x3_6 = 1
x6_6 = 1
x14_6 = 1
x17_6 = 1
x22_6 = 1
x38_6 = 1
x40_6 = 1
x1_16 = 1
x5_16 = 1
x8_16 = 1
x9_16 = 1
x16_16 = 1
x19_16 = 1
x20_16 = 1
x23_16 = 1
x28_16 = 1
x29_16 = 1
x32_16 = 1
x34_16 = 1
w6 = 1
w16 = 1
