Tiempo de corrida total: 0.811696
Tiempo de corrida recorrer el arbol: 0.795901
Valor de la funcion objetivo: 2
x2_1 = 1
x4_1 = 1
x5_1 = 1
x8_1 = 1
x16_1 = 1
x23_1 = 1
x25_1 = 1
x31_1 = 1
x34_1 = 1
x41_1 = 1
x42_1 = 1
x43_1 = 1
x3_20 = 1
x19_20 = 1
x22_20 = 1
x27_20 = 1
x33_20 = 1
x37_20 = 1
x48_20 = 1
x49_20 = 1
w1 = 1
w20 = 1
