Tiempo de corrida total: 0.702108
Tiempo de corrida recorrer el arbol: 0.02597
Valor de la funcion objetivo: 3
x4_3 = 1
x6_3 = 1
x20_3 = 1
x25_3 = 1
x30_3 = 1
x35_3 = 1
x44_3 = 1
x5_5 = 1
x16_5 = 1
x22_5 = 1
x26_5 = 1
x27_5 = 1
x38_5 = 1
x39_5 = 1
x13_19 = 1
x17_19 = 1
x18_19 = 1
x19_19 = 1
x32_19 = 1
x40_19 = 1
w3 = 1
w5 = 1
w19 = 1
