Tiempo de corrida total: 0.082355
Tiempo de corrida recorrer el arbol: 0.0350361
Valor de la funcion objetivo: 2
x3_3 = 1
x6_3 = 1
x9_3 = 1
x10_4 = 1
x19_4 = 1
w3 = 1
w4 = 1
