Tiempo de corrida total: 0.150362
Tiempo de corrida recorrer el arbol: 0.145003
Valor de la funcion objetivo: 2
x1_1 = 1
x2_1 = 1
x5_1 = 1
x6_1 = 1
x7_1 = 1
x9_1 = 1
x16_1 = 1
x21_1 = 1
x25_1 = 1
x37_1 = 1
x11_2 = 1
x12_2 = 1
x18_2 = 1
x20_2 = 1
x28_2 = 1
w1 = 1
w2 = 1
