Tiempo de corrida total: 2.60893
Tiempo de corrida recorrer el arbol: 2.21015
Valor de la funcion objetivo: 3
x19_2 = 1
x24_2 = 1
x28_2 = 1
x36_2 = 1
x13_3 = 1
x33_3 = 1
x38_3 = 1
x1_5 = 1
x7_5 = 1
x22_5 = 1
w2 = 1
w3 = 1
w5 = 1
