Tiempo de corrida total: 1.54706
Tiempo de corrida recorrer el arbol: 1.48001
Valor de la funcion objetivo: 2
x2_6 = 1
x4_6 = 1
x6_6 = 1
x9_6 = 1
x15_6 = 1
x16_6 = 1
x18_6 = 1
x20_6 = 1
x23_6 = 1
x24_6 = 1
x26_6 = 1
x36_6 = 1
x1_15 = 1
x27_15 = 1
x28_15 = 1
w6 = 1
w15 = 1
