Tiempo de corrida total: 6.84038
Tiempo de corrida recorrer el arbol: 4.41049
Valor de la funcion objetivo: 3
x6_6 = 1
x14_6 = 1
x17_6 = 1
x19_6 = 1
x25_6 = 1
x40_6 = 1
x10_10 = 1
x18_10 = 1
x20_10 = 1
x34_10 = 1
x5_11 = 1
x8_11 = 1
x16_11 = 1
x23_11 = 1
x37_11 = 1
w6 = 1
w10 = 1
w11 = 1
