Tiempo de corrida total: 0.153075
Tiempo de corrida recorrer el arbol: 0.0180612
Valor de la funcion objetivo: 2
x1_17 = 1
x5_17 = 1
x9_17 = 1
x12_17 = 1
x14_17 = 1
x18_17 = 1
x22_17 = 1
x29_17 = 1
x34_17 = 1
x3_19 = 1
x4_19 = 1
x7_19 = 1
x20_19 = 1
x24_19 = 1
x25_19 = 1
x27_19 = 1
x28_19 = 1
x31_19 = 1
x32_19 = 1
x35_19 = 1
w17 = 1
w19 = 1
