Tiempo de corrida total: 0.446956
Tiempo de corrida recorrer el arbol: 0.176186
Valor de la funcion objetivo: 2
x5_11 = 1
x7_11 = 1
x14_11 = 1
x16_11 = 1
x19_11 = 1
x29_11 = 1
x31_11 = 1
x39_11 = 1
x12_13 = 1
x24_13 = 1
x37_13 = 1
x42_13 = 1
x46_13 = 1
x48_13 = 1
x50_13 = 1
w11 = 1
w13 = 1
