Tiempo de corrida total: 0.182731
Tiempo de corrida recorrer el arbol: 0.07442
Valor de la funcion objetivo: 1
x4_2 = 1
x5_2 = 1
x7_2 = 1
x19_2 = 1
x32_2 = 1
w2 = 1
