Tiempo de corrida total: 4.49755
Tiempo de corrida recorrer el arbol: 4.48753
Valor de la funcion objetivo: 2
x13_1 = 1
x20_1 = 1
x30_1 = 1
x36_1 = 1
x41_1 = 1
x42_1 = 1
x11_5 = 1
x35_5 = 1
x44_5 = 1
x45_5 = 1
w1 = 1
w5 = 1
