Tiempo de corrida total: 0.617416
Tiempo de corrida recorrer el arbol: 0.224251
Valor de la funcion objetivo: 1
x3_8 = 1
x8_8 = 1
x20_8 = 1
x21_8 = 1
x24_8 = 1
x29_8 = 1
x36_8 = 1
x37_8 = 1
x38_8 = 1
x39_8 = 1
w8 = 1
