Tiempo de corrida total: 0.198369
Tiempo de corrida recorrer el arbol: 0.0380819
Valor de la funcion objetivo: 2
x4_10 = 1
x5_10 = 1
x10_10 = 1
x12_10 = 1
x15_10 = 1
x19_10 = 1
x21_10 = 1
x24_10 = 1
x32_10 = 1
x33_10 = 1
x36_10 = 1
x37_10 = 1
x39_10 = 1
x40_10 = 1
x3_11 = 1
x9_11 = 1
x13_11 = 1
x18_11 = 1
x22_11 = 1
x31_11 = 1
w10 = 1
w11 = 1
