Tiempo de corrida total: 0.01579
Tiempo de corrida recorrer el arbol: 0.00470304
Valor de la funcion objetivo: 1
x3_2 = 1
x4_2 = 1
x6_2 = 1
x14_2 = 1
x17_2 = 1
w2 = 1
