Tiempo de corrida total: 0.792467
Tiempo de corrida recorrer el arbol: 0.786006
Valor de la funcion objetivo: 2
x5_1 = 1
x24_1 = 1
x26_1 = 1
x4_4 = 1
x7_4 = 1
w1 = 1
w4 = 1
