Tiempo de corrida total: 0.189303
Tiempo de corrida recorrer el arbol: 0.184614
Valor de la funcion objetivo: 2
x9_1 = 1
x12_1 = 1
x13_1 = 1
x3_2 = 1
x29_2 = 1
w1 = 1
w2 = 1
