Tiempo de corrida total: 4.76489
Tiempo de corrida recorrer el arbol: 3.93948
Valor de la funcion objetivo: 2
x5_2 = 1
x17_2 = 1
x21_2 = 1
x27_2 = 1
x36_2 = 1
x37_2 = 1
x6_13 = 1
x7_13 = 1
x11_13 = 1
x12_13 = 1
x14_13 = 1
x16_13 = 1
x23_13 = 1
x29_13 = 1
x40_13 = 1
w2 = 1
w13 = 1
