Tiempo de corrida total: 0.24266
Tiempo de corrida recorrer el arbol: 0.227618
Valor de la funcion objetivo: 2
x8_1 = 1
x21_1 = 1
x11_3 = 1
x19_3 = 1
x29_3 = 1
w1 = 1
w3 = 1
