Tiempo de corrida total: 0.0690751
Tiempo de corrida recorrer el arbol: 0.01566
Valor de la funcion objetivo: 1
x1_10 = 1
x2_10 = 1
x3_10 = 1
x6_10 = 1
x7_10 = 1
x9_10 = 1
x12_10 = 1
x13_10 = 1
x14_10 = 1
x35_10 = 1
w10 = 1
