Tiempo de corrida total: 0.0670009
Tiempo de corrida recorrer el arbol: 0.0328879
Valor de la funcion objetivo: 1
x3_1 = 1
x13_1 = 1
x17_1 = 1
x18_1 = 1
x26_1 = 1
w1 = 1
