Tiempo de corrida total: 0.112685
Tiempo de corrida recorrer el arbol: 0.109142
Valor de la funcion objetivo: 1
x3_3 = 1
x14_3 = 1
x23_3 = 1
x24_3 = 1
x25_3 = 1
x29_3 = 1
x33_3 = 1
x41_3 = 1
x43_3 = 1
x48_3 = 1
w3 = 1
