Tiempo de corrida total: 0.02139
Tiempo de corrida recorrer el arbol: 0.011317
Valor de la funcion objetivo: 1
x3_5 = 1
x4_5 = 1
x8_5 = 1
x15_5 = 1
x25_5 = 1
w5 = 1
