Tiempo de corrida total: 0.202266
Tiempo de corrida recorrer el arbol: 0.190179
Valor de la funcion objetivo: 2
x1_4 = 1
x5_4 = 1
x12_5 = 1
x26_5 = 1
x29_5 = 1
w4 = 1
w5 = 1
