Tiempo de corrida total: 0.351095
Tiempo de corrida recorrer el arbol: 0.26935
Valor de la funcion objetivo: 2
x7_1 = 1
x13_1 = 1
x5_3 = 1
x27_3 = 1
x29_3 = 1
w1 = 1
w3 = 1
