Tiempo de corrida total: 0.126836
Tiempo de corrida recorrer el arbol: 0.0576019
Valor de la funcion objetivo: 1
x3_3 = 1
x7_3 = 1
x8_3 = 1
x13_3 = 1
x16_3 = 1
x20_3 = 1
x28_3 = 1
x29_3 = 1
x31_3 = 1
x34_3 = 1
x38_3 = 1
x39_3 = 1
x44_3 = 1
x45_3 = 1
x48_3 = 1
w3 = 1
