Tiempo de corrida total: 0.0892491
Tiempo de corrida recorrer el arbol: 0.0273271
Valor de la funcion objetivo: 2
x4_12 = 1
x14_12 = 1
x22_12 = 1
x23_12 = 1
x29_12 = 1
x30_12 = 1
x2_17 = 1
x6_17 = 1
x8_17 = 1
x9_17 = 1
x10_17 = 1
x12_17 = 1
x13_17 = 1
x17_17 = 1
x19_17 = 1
x21_17 = 1
x24_17 = 1
x25_17 = 1
x26_17 = 1
x27_17 = 1
w12 = 1
w17 = 1
