Tiempo de corrida total: 0.18149
Tiempo de corrida recorrer el arbol: 0.051218
Valor de la funcion objetivo: 2
x8_3 = 1
x16_3 = 1
x24_3 = 1
x13_4 = 1
x23_4 = 1
w3 = 1
w4 = 1
