Tiempo de corrida total: 0.0314279
Tiempo de corrida recorrer el arbol: 0.011771
Valor de la funcion objetivo: 1
x1_5 = 1
x4_5 = 1
x9_5 = 1
x24_5 = 1
x37_5 = 1
w5 = 1
