Tiempo de corrida total: 0.675232
Tiempo de corrida recorrer el arbol: 0.099016
Valor de la funcion objetivo: 3
x11_10 = 1
x21_10 = 1
x24_10 = 1
x26_10 = 1
x36_10 = 1
x40_10 = 1
x13_15 = 1
x22_15 = 1
x25_15 = 1
x30_15 = 1
x33_15 = 1
x1_19 = 1
x5_19 = 1
x6_19 = 1
x14_19 = 1
x17_19 = 1
x19_19 = 1
x27_19 = 1
x29_19 = 1
x37_19 = 1
w10 = 1
w15 = 1
w19 = 1
