Tiempo de corrida total: 0.492933
Tiempo de corrida recorrer el arbol: 0.140974
Valor de la funcion objetivo: 2
x1_2 = 1
x9_2 = 1
x13_2 = 1
x22_2 = 1
x27_2 = 1
x2_10 = 1
x11_10 = 1
x17_10 = 1
x20_10 = 1
x24_10 = 1
w2 = 1
w10 = 1
