Tiempo de corrida total: 0.184609
Tiempo de corrida recorrer el arbol: 0.155056
Valor de la funcion objetivo: 2
x4_3 = 1
x6_3 = 1
x21_3 = 1
x10_4 = 1
x25_4 = 1
w3 = 1
w4 = 1
