Tiempo de corrida total: 1.45811
Tiempo de corrida recorrer el arbol: 0.583758
Valor de la funcion objetivo: 2
x18_7 = 1
x24_7 = 1
x32_7 = 1
x34_7 = 1
x38_7 = 1
x4_9 = 1
x10_9 = 1
x17_9 = 1
x31_9 = 1
x40_9 = 1
w7 = 1
w9 = 1
