Tiempo de corrida total: 1.00168
Tiempo de corrida recorrer el arbol: 0.92989
Valor de la funcion objetivo: 2
x16_5 = 1
x23_5 = 1
x29_5 = 1
x31_5 = 1
x34_5 = 1
x35_5 = 1
x1_8 = 1
x8_8 = 1
x19_8 = 1
x22_8 = 1
x27_8 = 1
x28_8 = 1
x32_8 = 1
x33_8 = 1
x39_8 = 1
w5 = 1
w8 = 1
