Tiempo de corrida total: 1.66796
Tiempo de corrida recorrer el arbol: 1.24766
Valor de la funcion objetivo: 4
x11_1 = 1
x21_1 = 1
x29_1 = 1
x10_3 = 1
x14_3 = 1
x23_3 = 1
x20_5 = 1
x25_5 = 1
x5_10 = 1
x8_10 = 1
w1 = 1
w3 = 1
w5 = 1
w10 = 1
