Tiempo de corrida total: 4.26694
Tiempo de corrida recorrer el arbol: 3.89535
Valor de la funcion objetivo: 2
x8_6 = 1
x9_6 = 1
x18_6 = 1
x26_6 = 1
x27_6 = 1
x28_6 = 1
x3_7 = 1
x5_7 = 1
x12_7 = 1
x13_7 = 1
x16_7 = 1
x22_7 = 1
x29_7 = 1
x32_7 = 1
x43_7 = 1
w6 = 1
w7 = 1
