Tiempo de corrida total: 0.120506
Tiempo de corrida recorrer el arbol: 0.0650408
Valor de la funcion objetivo: 1
x3_4 = 1
x4_4 = 1
x9_4 = 1
x36_4 = 1
x37_4 = 1
w4 = 1
