Tiempo de corrida total: 0.678844
Tiempo de corrida recorrer el arbol: 0.646954
Valor de la funcion objetivo: 2
x17_1 = 1
x20_1 = 1
x23_5 = 1
x29_5 = 1
x30_5 = 1
w1 = 1
w5 = 1
