Tiempo de corrida total: 2.06725
Tiempo de corrida recorrer el arbol: 0.517083
Valor de la funcion objetivo: 2
x11_4 = 1
x18_4 = 1
x38_4 = 1
x49_4 = 1
x5_8 = 1
x29_8 = 1
x35_8 = 1
x36_8 = 1
x37_8 = 1
x41_8 = 1
w4 = 1
w8 = 1
