Tiempo de corrida total: 0.292645
Tiempo de corrida recorrer el arbol: 0.024569
Valor de la funcion objetivo: 3
x1_4 = 1
x10_4 = 1
x17_4 = 1
x9_10 = 1
x16_10 = 1
x18_10 = 1
x20_10 = 1
x25_10 = 1
x29_10 = 1
x32_10 = 1
x34_10 = 1
x4_12 = 1
x5_12 = 1
x7_12 = 1
x19_12 = 1
x24_12 = 1
x27_12 = 1
x28_12 = 1
x33_12 = 1
x39_12 = 1
w4 = 1
w10 = 1
w12 = 1
