Tiempo de corrida total: 0.88269
Tiempo de corrida recorrer el arbol: 0.702803
Valor de la funcion objetivo: 5
x10_1 = 1
x16_1 = 1
x17_6 = 1
x21_6 = 1
x11_7 = 1
x12_7 = 1
x2_9 = 1
x22_9 = 1
x9_10 = 1
x29_10 = 1
w1 = 1
w6 = 1
w7 = 1
w9 = 1
w10 = 1
