Tiempo de corrida total: 0.0876229
Tiempo de corrida recorrer el arbol: 0.035399
Valor de la funcion objetivo: 2
x7_1 = 1
x14_1 = 1
x28_1 = 1
x16_4 = 1
x17_4 = 1
w1 = 1
w4 = 1
