Tiempo de corrida total: 0.0241981
Tiempo de corrida recorrer el arbol: 0.020802
Valor de la funcion objetivo: 1
x5_1 = 1
x12_1 = 1
x13_1 = 1
x15_1 = 1
x16_1 = 1
w1 = 1
