Tiempo de corrida total: 0.995745
Tiempo de corrida recorrer el arbol: 0.880816
Valor de la funcion objetivo: 2
x19_2 = 1
x27_2 = 1
x1_3 = 1
x10_3 = 1
x30_3 = 1
w2 = 1
w3 = 1
