Tiempo de corrida total: 5.96233
Tiempo de corrida recorrer el arbol: 5.77026
Valor de la funcion objetivo: 4
x11_2 = 1
x30_2 = 1
x9_5 = 1
x25_5 = 1
x27_5 = 1
x4_7 = 1
x21_7 = 1
x5_8 = 1
x13_8 = 1
x16_8 = 1
w2 = 1
w5 = 1
w7 = 1
w8 = 1
