Tiempo de corrida total: 0.082104
Tiempo de corrida recorrer el arbol: 0.0193632
Valor de la funcion objetivo: 1
x28_4 = 1
x43_4 = 1
x46_4 = 1
x47_4 = 1
x50_4 = 1
w4 = 1
