Tiempo de corrida total: 0.0667109
Tiempo de corrida recorrer el arbol: 0.0289872
Valor de la funcion objetivo: 1
x2_6 = 1
x3_6 = 1
x7_6 = 1
x8_6 = 1
x10_6 = 1
x13_6 = 1
x23_6 = 1
x27_6 = 1
x28_6 = 1
x33_6 = 1
w6 = 1
