Tiempo de corrida total: 0.0393779
Tiempo de corrida recorrer el arbol: 0.0193241
Valor de la funcion objetivo: 1
x1_4 = 1
x5_4 = 1
x7_4 = 1
x8_4 = 1
x10_4 = 1
x14_4 = 1
x18_4 = 1
x29_4 = 1
x33_4 = 1
x40_4 = 1
w4 = 1
