Tiempo de corrida total: 1.06831
Tiempo de corrida recorrer el arbol: 1.06272
Valor de la funcion objetivo: 2
x1_1 = 1
x2_1 = 1
x3_1 = 1
x5_1 = 1
x8_1 = 1
x15_1 = 1
x16_1 = 1
x23_1 = 1
x26_1 = 1
x32_1 = 1
x4_2 = 1
x10_2 = 1
x13_2 = 1
x19_2 = 1
x20_2 = 1
w1 = 1
w2 = 1
