Tiempo de corrida total: 2.78611
Tiempo de corrida recorrer el arbol: 2.53634
Valor de la funcion objetivo: 4
x12_5 = 1
x18_5 = 1
x20_5 = 1
x1_6 = 1
x6_6 = 1
x17_6 = 1
x19_6 = 1
x23_6 = 1
x25_6 = 1
x26_6 = 1
x10_18 = 1
x11_18 = 1
x14_18 = 1
x16_18 = 1
x21_18 = 1
x27_18 = 1
x4_20 = 1
x5_20 = 1
x9_20 = 1
x29_20 = 1
w5 = 1
w6 = 1
w18 = 1
w20 = 1
