Tiempo de corrida total: 0.681009
Tiempo de corrida recorrer el arbol: 0.650384
Valor de la funcion objetivo: 2
x1_3 = 1
x9_3 = 1
x13_3 = 1
x22_3 = 1
x27_3 = 1
x2_10 = 1
x11_10 = 1
x17_10 = 1
x20_10 = 1
x24_10 = 1
w3 = 1
w10 = 1
