Tiempo de corrida total: 0.00785613
Tiempo de corrida recorrer el arbol: 0.00678015
Valor de la funcion objetivo: 1
x2_1 = 1
x7_1 = 1
x10_1 = 1
x11_1 = 1
x13_1 = 1
x16_1 = 1
x18_1 = 1
x27_1 = 1
x28_1 = 1
x30_1 = 1
w1 = 1
