Tiempo de corrida total: 0.020771
Tiempo de corrida recorrer el arbol: 0.00349522
Valor de la funcion objetivo: 1
x3_1 = 1
x11_1 = 1
x22_1 = 1
x23_1 = 1
x24_1 = 1
w1 = 1
