Tiempo de corrida total: 0.289726
Tiempo de corrida recorrer el arbol: 0.265187
Valor de la funcion objetivo: 2
x2_11 = 1
x6_11 = 1
x10_11 = 1
x16_11 = 1
x18_11 = 1
x20_11 = 1
x24_11 = 1
x25_11 = 1
x1_12 = 1
x4_12 = 1
x5_12 = 1
x7_12 = 1
x14_12 = 1
x23_12 = 1
x28_12 = 1
w11 = 1
w12 = 1
