Tiempo de corrida total: 0.0525069
Tiempo de corrida recorrer el arbol: 0.0358591
Valor de la funcion objetivo: 1
x1_5 = 1
x5_5 = 1
x8_5 = 1
x14_5 = 1
x18_5 = 1
x20_5 = 1
x27_5 = 1
x32_5 = 1
x38_5 = 1
x47_5 = 1
w5 = 1
