Tiempo de corrida total: 0.090167
Tiempo de corrida recorrer el arbol: 0.0103409
Valor de la funcion objetivo: 3
x2_1 = 1
x9_1 = 1
x15_1 = 1
x17_1 = 1
x4_2 = 1
x7_2 = 1
x8_2 = 1
x1_5 = 1
x16_5 = 1
x23_5 = 1
w1 = 1
w2 = 1
w5 = 1
