Tiempo de corrida total: 0.08338
Tiempo de corrida recorrer el arbol: 0.0108109
Valor de la funcion objetivo: 2
x5_4 = 1
x23_4 = 1
x24_4 = 1
x3_5 = 1
x15_5 = 1
x16_5 = 1
x17_5 = 1
x27_5 = 1
x28_5 = 1
x30_5 = 1
w4 = 1
w5 = 1
