Tiempo de corrida total: 2.97586
Tiempo de corrida recorrer el arbol: 2.74041
Valor de la funcion objetivo: 5
x3_2 = 1
x8_2 = 1
x1_3 = 1
x16_3 = 1
x19_3 = 1
x21_5 = 1
x26_5 = 1
x4_7 = 1
x6_7 = 1
x5_8 = 1
w2 = 1
w3 = 1
w5 = 1
w7 = 1
w8 = 1
