Tiempo de corrida total: 2.71681
Tiempo de corrida recorrer el arbol: 2.43679
Valor de la funcion objetivo: 5
x1_2 = 1
x16_2 = 1
x18_2 = 1
x10_6 = 1
x15_6 = 1
x28_6 = 1
x20_7 = 1
x23_7 = 1
x25_7 = 1
x12_9 = 1
x27_9 = 1
x29_9 = 1
x4_14 = 1
x17_14 = 1
x30_14 = 1
w2 = 1
w6 = 1
w7 = 1
w9 = 1
w14 = 1
