Tiempo de corrida total: 0.274435
Tiempo de corrida recorrer el arbol: 0.028476
Valor de la funcion objetivo: 1
x10_2 = 1
x35_2 = 1
x36_2 = 1
x39_2 = 1
x40_2 = 1
w2 = 1
