Tiempo de corrida total: 0.724806
Tiempo de corrida recorrer el arbol: 0.693491
Valor de la funcion objetivo: 2
x1_13 = 1
x4_13 = 1
x5_13 = 1
x8_13 = 1
x10_13 = 1
x15_13 = 1
x24_13 = 1
x25_13 = 1
x27_13 = 1
x3_14 = 1
x6_14 = 1
x9_14 = 1
x12_14 = 1
x14_14 = 1
x19_14 = 1
x20_14 = 1
x21_14 = 1
x23_14 = 1
x26_14 = 1
x29_14 = 1
w13 = 1
w14 = 1
