Tiempo de corrida total: 9.15946
Tiempo de corrida recorrer el arbol: 8.34372
Valor de la funcion objetivo: 3
x26_11 = 1
x29_11 = 1
x30_11 = 1
x41_11 = 1
x49_11 = 1
x3_15 = 1
x18_15 = 1
x24_15 = 1
x28_15 = 1
x35_15 = 1
x40_15 = 1
x47_15 = 1
x7_20 = 1
x15_20 = 1
x32_20 = 1
x33_20 = 1
x36_20 = 1
x37_20 = 1
x43_20 = 1
x50_20 = 1
w11 = 1
w15 = 1
w20 = 1
