Tiempo de corrida total: 0.049705
Tiempo de corrida recorrer el arbol: 0.02544
Valor de la funcion objetivo: 1
x1_5 = 1
x5_5 = 1
x10_5 = 1
x16_5 = 1
x22_5 = 1
w5 = 1
