Tiempo de corrida total: 0.279553
Tiempo de corrida recorrer el arbol: 0.273991
Valor de la funcion objetivo: 2
x1_1 = 1
x17_1 = 1
x23_1 = 1
x4_2 = 1
x21_2 = 1
w1 = 1
w2 = 1
