Tiempo de corrida total: 0.329681
Tiempo de corrida recorrer el arbol: 0.106207
Valor de la funcion objetivo: 1
x3_1 = 1
x8_1 = 1
x13_1 = 1
x18_1 = 1
x29_1 = 1
w1 = 1
