Tiempo de corrida total: 0.00472903
Tiempo de corrida recorrer el arbol: 0.00397992
Valor de la funcion objetivo: 1
x1_1 = 1
x2_1 = 1
x4_1 = 1
x14_1 = 1
x20_1 = 1
w1 = 1
