Tiempo de corrida total: 0.0560739
Tiempo de corrida recorrer el arbol: 0.00998211
Valor de la funcion objetivo: 1
x3_2 = 1
x6_2 = 1
x7_2 = 1
x12_2 = 1
x16_2 = 1
w2 = 1
