Tiempo de corrida total: 0.10818
Tiempo de corrida recorrer el arbol: 0.0361128
Valor de la funcion objetivo: 2
x3_1 = 1
x5_1 = 1
x7_1 = 1
x8_1 = 1
x10_1 = 1
x12_1 = 1
x14_1 = 1
x23_1 = 1
x25_1 = 1
x27_1 = 1
x29_1 = 1
x30_1 = 1
x1_2 = 1
x11_2 = 1
x16_2 = 1
x17_2 = 1
x19_2 = 1
x20_2 = 1
x21_2 = 1
x24_2 = 1
w1 = 1
w2 = 1
