Tiempo de corrida total: 0.0237129
Tiempo de corrida recorrer el arbol: 0.00495315
Valor de la funcion objetivo: 1
x2_1 = 1
x4_1 = 1
x11_1 = 1
x22_1 = 1
x27_1 = 1
w1 = 1
