Tiempo de corrida total: 2.63902
Tiempo de corrida recorrer el arbol: 0.576625
Valor de la funcion objetivo: 2
x10_2 = 1
x17_2 = 1
x43_2 = 1
x5_9 = 1
x13_9 = 1
x15_9 = 1
x32_9 = 1
x40_9 = 1
x47_9 = 1
x49_9 = 1
w2 = 1
w9 = 1
