Tiempo de corrida total: 0.149142
Tiempo de corrida recorrer el arbol: 0.0484328
Valor de la funcion objetivo: 2
x5_6 = 1
x7_6 = 1
x12_6 = 1
x27_6 = 1
x31_6 = 1
x32_6 = 1
x34_6 = 1
x1_20 = 1
x3_20 = 1
x8_20 = 1
x9_20 = 1
x11_20 = 1
x14_20 = 1
x18_20 = 1
x20_20 = 1
x21_20 = 1
x22_20 = 1
x25_20 = 1
x28_20 = 1
x33_20 = 1
w6 = 1
w20 = 1
