Tiempo de corrida total: 1.07524
Tiempo de corrida recorrer el arbol: 0.390575
Valor de la funcion objetivo: 2
x6_5 = 1
x16_5 = 1
x17_5 = 1
x23_5 = 1
x31_5 = 1
x32_5 = 1
x34_5 = 1
x35_5 = 1
x36_5 = 1
x8_8 = 1
x18_8 = 1
x26_8 = 1
x27_8 = 1
x29_8 = 1
x37_8 = 1
w5 = 1
w8 = 1
