Tiempo de corrida total: 5.45643
Tiempo de corrida recorrer el arbol: 1.85733
Valor de la funcion objetivo: 3
x5_5 = 1
x26_5 = 1
x27_5 = 1
x29_5 = 1
x41_5 = 1
x47_5 = 1
x7_7 = 1
x15_7 = 1
x16_7 = 1
x34_7 = 1
x36_7 = 1
x45_7 = 1
x50_7 = 1
x1_8 = 1
x6_8 = 1
x10_8 = 1
x35_8 = 1
x37_8 = 1
x42_8 = 1
x49_8 = 1
w5 = 1
w7 = 1
w8 = 1
