Tiempo de corrida total: 0.123803
Tiempo de corrida recorrer el arbol: 0.0448129
Valor de la funcion objetivo: 1
x10_5 = 1
x14_5 = 1
x18_5 = 1
x22_5 = 1
x29_5 = 1
w5 = 1
