Tiempo de corrida total: 4.51341
Tiempo de corrida recorrer el arbol: 3.85963
Valor de la funcion objetivo: 2
x1_10 = 1
x3_10 = 1
x5_10 = 1
x22_10 = 1
x29_10 = 1
x32_10 = 1
x33_10 = 1
x38_10 = 1
x8_14 = 1
x12_14 = 1
x21_14 = 1
x25_14 = 1
x28_14 = 1
x46_14 = 1
x48_14 = 1
w10 = 1
w14 = 1
