Tiempo de corrida total: 0.325123
Tiempo de corrida recorrer el arbol: 0.15986
Valor de la funcion objetivo: 1
x12_2 = 1
x16_2 = 1
x25_2 = 1
x29_2 = 1
x34_2 = 1
w2 = 1
