Tiempo de corrida total: 0.400945
Tiempo de corrida recorrer el arbol: 0.0522959
Valor de la funcion objetivo: 2
x15_3 = 1
x37_3 = 1
x1_4 = 1
x5_4 = 1
x6_4 = 1
w3 = 1
w4 = 1
