Tiempo de corrida total: 0.0295901
Tiempo de corrida recorrer el arbol: 0.0204632
Valor de la funcion objetivo: 1
x1_1 = 1
x2_1 = 1
x15_1 = 1
x19_1 = 1
x21_1 = 1
w1 = 1
