Tiempo de corrida total: 0.264389
Tiempo de corrida recorrer el arbol: 0.027977
Valor de la funcion objetivo: 1
x5_4 = 1
x11_4 = 1
x16_4 = 1
x38_4 = 1
x50_4 = 1
w4 = 1
