Tiempo de corrida total: 5.65568
Tiempo de corrida recorrer el arbol: 5.62986
Valor de la funcion objetivo: 3
x6_5 = 1
x11_5 = 1
x14_5 = 1
x15_5 = 1
x3_9 = 1
x25_9 = 1
x26_9 = 1
x4_10 = 1
x10_10 = 1
x16_10 = 1
w5 = 1
w9 = 1
w10 = 1
