Tiempo de corrida total: 1.02889
Tiempo de corrida recorrer el arbol: 0.984029
Valor de la funcion objetivo: 2
x5_2 = 1
x20_2 = 1
x25_2 = 1
x31_2 = 1
x11_9 = 1
x12_9 = 1
x16_9 = 1
x26_9 = 1
x32_9 = 1
x38_9 = 1
w2 = 1
w9 = 1
