Tiempo de corrida total: 0.145352
Tiempo de corrida recorrer el arbol: 0.0198412
Valor de la funcion objetivo: 3
x1_8 = 1
x2_8 = 1
x5_8 = 1
x8_8 = 1
x17_8 = 1
x18_8 = 1
x19_8 = 1
x20_8 = 1
x23_8 = 1
x29_8 = 1
x4_12 = 1
x6_12 = 1
x10_12 = 1
x14_12 = 1
x16_12 = 1
x25_12 = 1
x27_12 = 1
x30_12 = 1
x9_19 = 1
x24_19 = 1
w8 = 1
w12 = 1
w19 = 1
