Tiempo de corrida total: 0.0693369
Tiempo de corrida recorrer el arbol: 0.012377
Valor de la funcion objetivo: 1
x2_3 = 1
x5_3 = 1
x12_3 = 1
x18_3 = 1
x25_3 = 1
w3 = 1
