Tiempo de corrida total: 0.159607
Tiempo de corrida recorrer el arbol: 0.0490632
Valor de la funcion objetivo: 2
x1_11 = 1
x2_11 = 1
x3_11 = 1
x11_11 = 1
x18_11 = 1
x19_11 = 1
x26_11 = 1
x29_11 = 1
x32_11 = 1
x37_11 = 1
x6_14 = 1
x13_14 = 1
x17_14 = 1
x20_14 = 1
x24_14 = 1
x30_14 = 1
x33_14 = 1
x36_14 = 1
x38_14 = 1
x40_14 = 1
w11 = 1
w14 = 1
