Tiempo de corrida total: 0.13957
Tiempo de corrida recorrer el arbol: 0.0403719
Valor de la funcion objetivo: 2
x1_17 = 1
x3_17 = 1
x9_17 = 1
x12_17 = 1
x16_17 = 1
x20_17 = 1
x26_17 = 1
x30_17 = 1
x31_17 = 1
x40_17 = 1
x2_19 = 1
x6_19 = 1
x7_19 = 1
x8_19 = 1
x10_19 = 1
x17_19 = 1
x27_19 = 1
x34_19 = 1
x37_19 = 1
x38_19 = 1
w17 = 1
w19 = 1
