Tiempo de corrida total: 0.230528
Tiempo de corrida recorrer el arbol: 0.0155509
Valor de la funcion objetivo: 2
x1_10 = 1
x5_10 = 1
x14_10 = 1
x18_10 = 1
x19_10 = 1
x23_10 = 1
x2_13 = 1
x6_13 = 1
x10_13 = 1
x13_13 = 1
x16_13 = 1
x20_13 = 1
x25_13 = 1
x26_13 = 1
x28_13 = 1
w10 = 1
w13 = 1
