Tiempo de corrida total: 0.0189259
Tiempo de corrida recorrer el arbol: 0.00578904
Valor de la funcion objetivo: 1
x3_5 = 1
x5_5 = 1
x7_5 = 1
x9_5 = 1
x11_5 = 1
w5 = 1
