Tiempo de corrida total: 2.94841
Tiempo de corrida recorrer el arbol: 0.402418
Valor de la funcion objetivo: 3
x11_5 = 1
x13_5 = 1
x20_5 = 1
x25_5 = 1
x28_5 = 1
x5_11 = 1
x12_11 = 1
x31_11 = 1
x34_11 = 1
x35_11 = 1
x8_12 = 1
x9_12 = 1
x19_12 = 1
x24_12 = 1
x29_12 = 1
w5 = 1
w11 = 1
w12 = 1
