Tiempo de corrida total: 0.0350759
Tiempo de corrida recorrer el arbol: 0.031914
Valor de la funcion objetivo: 1
x13_4 = 1
x18_4 = 1
x22_4 = 1
x29_4 = 1
x30_4 = 1
w4 = 1
