Tiempo de corrida total: 1.01415
Tiempo de corrida recorrer el arbol: 0.957237
Valor de la funcion objetivo: 2
x3_2 = 1
x15_2 = 1
x18_2 = 1
x19_2 = 1
x20_2 = 1
x22_2 = 1
x27_2 = 1
x31_2 = 1
x33_2 = 1
x34_2 = 1
x40_2 = 1
x44_2 = 1
x5_15 = 1
x23_15 = 1
x26_15 = 1
x29_15 = 1
x36_15 = 1
x42_15 = 1
x49_15 = 1
x50_15 = 1
w2 = 1
w15 = 1
