Tiempo de corrida total: 0.504488
Tiempo de corrida recorrer el arbol: 0.446202
Valor de la funcion objetivo: 2
x9_9 = 1
x14_9 = 1
x24_9 = 1
x25_9 = 1
x10_10 = 1
x12_10 = 1
x18_10 = 1
x26_10 = 1
x28_10 = 1
x30_10 = 1
w9 = 1
w10 = 1
