Tiempo de corrida total: 0.044446
Tiempo de corrida recorrer el arbol: 0.0244071
Valor de la funcion objetivo: 1
x5_1 = 1
x8_1 = 1
x14_1 = 1
x18_1 = 1
x20_1 = 1
x23_1 = 1
x25_1 = 1
x26_1 = 1
x34_1 = 1
x37_1 = 1
w1 = 1
