Tiempo de corrida total: 0.101705
Tiempo de corrida recorrer el arbol: 0.093986
Valor de la funcion objetivo: 1
x2_10 = 1
x11_10 = 1
x12_10 = 1
x16_10 = 1
x22_10 = 1
x23_10 = 1
x24_10 = 1
x33_10 = 1
x37_10 = 1
x42_10 = 1
w10 = 1
