Tiempo de corrida total: 0.341681
Tiempo de corrida recorrer el arbol: 0.301783
Valor de la funcion objetivo: 2
x16_2 = 1
x23_2 = 1
x5_3 = 1
x24_3 = 1
x35_3 = 1
w2 = 1
w3 = 1
