Tiempo de corrida total: 0.080241
Tiempo de corrida recorrer el arbol: 0.0325789
Valor de la funcion objetivo: 2
x1_1 = 1
x2_1 = 1
x7_1 = 1
x18_1 = 1
x27_1 = 1
x8_7 = 1
x9_7 = 1
x10_7 = 1
x16_7 = 1
x29_7 = 1
w1 = 1
w7 = 1
