Tiempo de corrida total: 0.666649
Tiempo de corrida recorrer el arbol: 0.63553
Valor de la funcion objetivo: 2
x15_2 = 1
x17_2 = 1
x3_6 = 1
x8_6 = 1
x11_6 = 1
x20_6 = 1
x24_6 = 1
x27_6 = 1
x28_6 = 1
x31_6 = 1
w2 = 1
w6 = 1
