Tiempo de corrida total: 2.15578
Tiempo de corrida recorrer el arbol: 2.05136
Valor de la funcion objetivo: 2
x5_1 = 1
x6_1 = 1
x8_1 = 1
x18_1 = 1
x27_1 = 1
x19_6 = 1
x22_6 = 1
x26_6 = 1
x28_6 = 1
x30_6 = 1
w1 = 1
w6 = 1
