Tiempo de corrida total: 2.06427
Tiempo de corrida recorrer el arbol: 1.66187
Valor de la funcion objetivo: 4
x4_1 = 1
x6_1 = 1
x15_1 = 1
x23_1 = 1
x1_4 = 1
x3_4 = 1
x5_4 = 1
x20_4 = 1
x19_5 = 1
x25_5 = 1
x29_5 = 1
x7_10 = 1
x10_10 = 1
x14_10 = 1
x16_10 = 1
w1 = 1
w4 = 1
w5 = 1
w10 = 1
