Tiempo de corrida total: 0.0803471
Tiempo de corrida recorrer el arbol: 0.0223742
Valor de la funcion objetivo: 2
x17_3 = 1
x26_3 = 1
x1_4 = 1
x7_4 = 1
x28_4 = 1
w3 = 1
w4 = 1
