Tiempo de corrida total: 0.351103
Tiempo de corrida recorrer el arbol: 0.318832
Valor de la funcion objetivo: 2
x1_16 = 1
x3_16 = 1
x13_16 = 1
x14_16 = 1
x19_16 = 1
x23_16 = 1
x26_16 = 1
x4_17 = 1
x6_17 = 1
x8_17 = 1
x10_17 = 1
x11_17 = 1
x12_17 = 1
x15_17 = 1
x16_17 = 1
x18_17 = 1
x22_17 = 1
x24_17 = 1
x29_17 = 1
x30_17 = 1
w16 = 1
w17 = 1
