Tiempo de corrida total: 0.0154631
Tiempo de corrida recorrer el arbol: 0.014122
Valor de la funcion objetivo: 1
x1_1 = 1
x6_1 = 1
x7_1 = 1
x13_1 = 1
x32_1 = 1
w1 = 1
