Tiempo de corrida total: 1.43259
Tiempo de corrida recorrer el arbol: 1.40565
Valor de la funcion objetivo: 2
x9_2 = 1
x14_2 = 1
x23_2 = 1
x3_8 = 1
x5_8 = 1
x7_8 = 1
x12_8 = 1
x19_8 = 1
x31_8 = 1
x32_8 = 1
w2 = 1
w8 = 1
