Tiempo de corrida total: 0.0773962
Tiempo de corrida recorrer el arbol: 0.065938
Valor de la funcion objetivo: 1
x2_2 = 1
x3_2 = 1
x5_2 = 1
x10_2 = 1
x11_2 = 1
x12_2 = 1
x15_2 = 1
x19_2 = 1
x25_2 = 1
x34_2 = 1
x40_2 = 1
x42_2 = 1
x46_2 = 1
x47_2 = 1
x49_2 = 1
w2 = 1
