Tiempo de corrida total: 0.102384
Tiempo de corrida recorrer el arbol: 0.0743549
Valor de la funcion objetivo: 1
x3_4 = 1
x5_4 = 1
x6_4 = 1
x9_4 = 1
x18_4 = 1
x20_4 = 1
x21_4 = 1
x26_4 = 1
x29_4 = 1
x34_4 = 1
x35_4 = 1
x36_4 = 1
x45_4 = 1
x46_4 = 1
x48_4 = 1
w4 = 1
