Tiempo de corrida total: 0.116148
Tiempo de corrida recorrer el arbol: 0.0886919
Valor de la funcion objetivo: 1
x24_4 = 1
x27_4 = 1
x44_4 = 1
x47_4 = 1
x48_4 = 1
w4 = 1
