Tiempo de corrida total: 0.221252
Tiempo de corrida recorrer el arbol: 0.205075
Valor de la funcion objetivo: 2
x1_2 = 1
x15_2 = 1
x23_2 = 1
x9_5 = 1
x10_5 = 1
w2 = 1
w5 = 1
