Tiempo de corrida total: 0.837768
Tiempo de corrida recorrer el arbol: 0.694483
Valor de la funcion objetivo: 2
x2_2 = 1
x12_2 = 1
x38_2 = 1
x6_3 = 1
x11_3 = 1
w2 = 1
w3 = 1
