Tiempo de corrida total: 0.524314
Tiempo de corrida recorrer el arbol: 0.339661
Valor de la funcion objetivo: 3
x1_1 = 1
x9_1 = 1
x16_1 = 1
x18_1 = 1
x25_1 = 1
x27_1 = 1
x30_1 = 1
x5_6 = 1
x10_6 = 1
x11_6 = 1
x12_6 = 1
x19_6 = 1
x24_6 = 1
x3_20 = 1
x4_20 = 1
x14_20 = 1
x20_20 = 1
x21_20 = 1
x26_20 = 1
x29_20 = 1
w1 = 1
w6 = 1
w20 = 1
