Tiempo de corrida total: 0.35532
Tiempo de corrida recorrer el arbol: 0.0504069
Valor de la funcion objetivo: 2
x6_3 = 1
x24_3 = 1
x25_3 = 1
x31_3 = 1
x40_4 = 1
w3 = 1
w4 = 1
