Tiempo de corrida total: 9.05417
Tiempo de corrida recorrer el arbol: 6.36588
Valor de la funcion objetivo: 3
x3_5 = 1
x7_5 = 1
x9_5 = 1
x19_5 = 1
x29_5 = 1
x36_5 = 1
x15_8 = 1
x22_8 = 1
x32_8 = 1
x40_8 = 1
x4_12 = 1
x10_12 = 1
x20_12 = 1
x25_12 = 1
x33_12 = 1
w5 = 1
w8 = 1
w12 = 1
