Tiempo de corrida total: 0.0244329
Tiempo de corrida recorrer el arbol: 0.004807
Valor de la funcion objetivo: 1
x2_2 = 1
x3_2 = 1
x4_2 = 1
x5_2 = 1
x25_2 = 1
w2 = 1
