Tiempo de corrida total: 2.84478
Tiempo de corrida recorrer el arbol: 0.429676
Valor de la funcion objetivo: 2
x16_4 = 1
x18_4 = 1
x37_4 = 1
x43_4 = 1
x3_8 = 1
x10_8 = 1
x12_8 = 1
x27_8 = 1
x39_8 = 1
x48_8 = 1
w4 = 1
w8 = 1
