Tiempo de corrida total: 2.56175
Tiempo de corrida recorrer el arbol: 2.10991
Valor de la funcion objetivo: 2
x4_4 = 1
x12_4 = 1
x20_4 = 1
x21_4 = 1
x29_4 = 1
x1_8 = 1
x11_8 = 1
x13_8 = 1
x27_8 = 1
x37_8 = 1
w4 = 1
w8 = 1
