Tiempo de corrida total: 0.153261
Tiempo de corrida recorrer el arbol: 0.0964079
Valor de la funcion objetivo: 1
x2_7 = 1
x7_7 = 1
x12_7 = 1
x16_7 = 1
x23_7 = 1
x24_7 = 1
x42_7 = 1
x44_7 = 1
x45_7 = 1
x50_7 = 1
w7 = 1
