Tiempo de corrida total: 3.84514
Tiempo de corrida recorrer el arbol: 3.49536
Valor de la funcion objetivo: 2
x3_3 = 1
x6_3 = 1
x7_3 = 1
x19_3 = 1
x30_3 = 1
x33_3 = 1
x37_3 = 1
x38_3 = 1
x39_3 = 1
x14_10 = 1
w3 = 1
w10 = 1
