Tiempo de corrida total: 2.48245
Tiempo de corrida recorrer el arbol: 2.31259
Valor de la funcion objetivo: 1
x8_10 = 1
x11_10 = 1
x13_10 = 1
x18_10 = 1
x23_10 = 1
x24_10 = 1
x31_10 = 1
x42_10 = 1
x48_10 = 1
x49_10 = 1
w10 = 1
