Tiempo de corrida total: 2.85437
Tiempo de corrida recorrer el arbol: 2.69531
Valor de la funcion objetivo: 5
x2_1 = 1
x9_1 = 1
x23_3 = 1
x26_3 = 1
x10_4 = 1
x18_4 = 1
x13_6 = 1
x15_6 = 1
x6_10 = 1
x21_10 = 1
w1 = 1
w3 = 1
w4 = 1
w6 = 1
w10 = 1
