Tiempo de corrida total: 0.087719
Tiempo de corrida recorrer el arbol: 0.017421
Valor de la funcion objetivo: 1
x9_2 = 1
x22_2 = 1
x24_2 = 1
x27_2 = 1
x28_2 = 1
w2 = 1
