Tiempo de corrida total: 0.105288
Tiempo de corrida recorrer el arbol: 0.098877
Valor de la funcion objetivo: 2
x9_1 = 1
x10_1 = 1
x12_1 = 1
x25_1 = 1
x26_1 = 1
x1_10 = 1
x2_10 = 1
x17_10 = 1
x19_10 = 1
x24_10 = 1
w1 = 1
w10 = 1
