Tiempo de corrida total: 0.195482
Tiempo de corrida recorrer el arbol: 0.0508728
Valor de la funcion objetivo: 2
x3_12 = 1
x10_12 = 1
x15_12 = 1
x16_12 = 1
x18_12 = 1
x20_12 = 1
x38_12 = 1
x8_13 = 1
x9_13 = 1
x12_13 = 1
x22_13 = 1
x25_13 = 1
x28_13 = 1
x33_13 = 1
x35_13 = 1
w12 = 1
w13 = 1
