Tiempo de corrida total: 9.21988
Tiempo de corrida recorrer el arbol: 9.06377
Valor de la funcion objetivo: 4
x3_2 = 1
x10_2 = 1
x18_2 = 1
x20_2 = 1
x23_2 = 1
x1_7 = 1
x4_7 = 1
x17_7 = 1
x21_7 = 1
x19_13 = 1
x25_13 = 1
x26_13 = 1
x27_13 = 1
x29_13 = 1
x5_19 = 1
x8_19 = 1
x9_19 = 1
x14_19 = 1
x16_19 = 1
x28_19 = 1
w2 = 1
w7 = 1
w13 = 1
w19 = 1
