Tiempo de corrida total: 0.010227
Tiempo de corrida recorrer el arbol: 0.00876307
Valor de la funcion objetivo: 1
x1_2 = 1
x7_2 = 1
x9_2 = 1
x17_2 = 1
x29_2 = 1
w2 = 1
