Tiempo de corrida total: 0.135777
Tiempo de corrida recorrer el arbol: 0.0621121
Valor de la funcion objetivo: 1
x24_1 = 1
x27_1 = 1
x32_1 = 1
x36_1 = 1
x38_1 = 1
w1 = 1
