Tiempo de corrida total: 0.148769
Tiempo de corrida recorrer el arbol: 0.026705
Valor de la funcion objetivo: 1
x3_2 = 1
x4_2 = 1
x6_2 = 1
x8_2 = 1
x11_2 = 1
x15_2 = 1
x29_2 = 1
x37_2 = 1
x45_2 = 1
x47_2 = 1
w2 = 1
