Tiempo de corrida total: 2.50274
Tiempo de corrida recorrer el arbol: 2.47383
Valor de la funcion objetivo: 3
x3_3 = 1
x4_3 = 1
x28_3 = 1
x5_7 = 1
x10_7 = 1
x11_7 = 1
x18_7 = 1
x22_7 = 1
x27_7 = 1
x29_7 = 1
x1_11 = 1
x7_11 = 1
x16_11 = 1
x17_11 = 1
x20_11 = 1
w3 = 1
w7 = 1
w11 = 1
