Tiempo de corrida total: 0.057328
Tiempo de corrida recorrer el arbol: 0.0346272
Valor de la funcion objetivo: 1
x6_9 = 1
x12_9 = 1
x26_9 = 1
x30_9 = 1
x34_9 = 1
x36_9 = 1
x38_9 = 1
x39_9 = 1
x41_9 = 1
x44_9 = 1
w9 = 1
