Tiempo de corrida total: 1.11533
Tiempo de corrida recorrer el arbol: 1.10538
Valor de la funcion objetivo: 2
x1_1 = 1
x4_1 = 1
x5_1 = 1
x7_1 = 1
x8_1 = 1
x9_1 = 1
x12_1 = 1
x13_1 = 1
x18_1 = 1
x19_1 = 1
x20_1 = 1
x22_1 = 1
x24_1 = 1
x26_1 = 1
x29_1 = 1
x34_1 = 1
x3_19 = 1
x16_19 = 1
x27_19 = 1
x32_19 = 1
w1 = 1
w19 = 1
