Tiempo de corrida total: 0.242479
Tiempo de corrida recorrer el arbol: 0.0373399
Valor de la funcion objetivo: 1
x6_5 = 1
x14_5 = 1
x29_5 = 1
x30_5 = 1
x37_5 = 1
w5 = 1
