Tiempo de corrida total: 0.744986
Tiempo de corrida recorrer el arbol: 0.695677
Valor de la funcion objetivo: 2
x11_9 = 1
x22_9 = 1
x27_9 = 1
x35_9 = 1
x2_10 = 1
x4_10 = 1
x9_10 = 1
x15_10 = 1
x29_10 = 1
x34_10 = 1
w9 = 1
w10 = 1
