Tiempo de corrida total: 1.09419
Tiempo de corrida recorrer el arbol: 0.261233
Valor de la funcion objetivo: 2
x4_12 = 1
x13_12 = 1
x14_12 = 1
x15_12 = 1
x18_12 = 1
x25_12 = 1
x39_12 = 1
x6_15 = 1
x7_15 = 1
x16_15 = 1
x33_15 = 1
x37_15 = 1
x40_15 = 1
x48_15 = 1
x50_15 = 1
w12 = 1
w15 = 1
