Tiempo de corrida total: 0.0347378
Tiempo de corrida recorrer el arbol: 0.0248148
Valor de la funcion objetivo: 1
x1_1 = 1
x3_1 = 1
x4_1 = 1
x8_1 = 1
x48_1 = 1
w1 = 1
