Tiempo de corrida total: 0.113594
Tiempo de corrida recorrer el arbol: 0.0262001
Valor de la funcion objetivo: 2
x29_1 = 1
x30_1 = 1
x37_1 = 1
x21_5 = 1
x32_5 = 1
w1 = 1
w5 = 1
