Tiempo de corrida total: 0.0312631
Tiempo de corrida recorrer el arbol: 0.029294
Valor de la funcion objetivo: 1
x6_1 = 1
x15_1 = 1
x16_1 = 1
x22_1 = 1
x23_1 = 1
x27_1 = 1
x29_1 = 1
x33_1 = 1
x34_1 = 1
x45_1 = 1
w1 = 1
