Tiempo de corrida total: 3.10084
Tiempo de corrida recorrer el arbol: 2.96564
Valor de la funcion objetivo: 3
x4_1 = 1
x15_1 = 1
x16_1 = 1
x18_1 = 1
x23_1 = 1
x25_1 = 1
x26_1 = 1
x6_10 = 1
x14_10 = 1
x17_10 = 1
x24_10 = 1
x27_10 = 1
x29_10 = 1
x3_18 = 1
x5_18 = 1
x8_18 = 1
x9_18 = 1
x10_18 = 1
x12_18 = 1
x19_18 = 1
w1 = 1
w10 = 1
w18 = 1
