Tiempo de corrida total: 0.594754
Tiempo de corrida recorrer el arbol: 0.0675449
Valor de la funcion objetivo: 1
x12_4 = 1
x24_4 = 1
x33_4 = 1
x48_4 = 1
x49_4 = 1
w4 = 1
