Tiempo de corrida total: 0.419225
Tiempo de corrida recorrer el arbol: 0.386942
Valor de la funcion objetivo: 2
x5_4 = 1
x13_4 = 1
x17_4 = 1
x35_5 = 1
x36_5 = 1
w4 = 1
w5 = 1
