Tiempo de corrida total: 0.00961089
Tiempo de corrida recorrer el arbol: 0.00836992
Valor de la funcion objetivo: 1
x5_3 = 1
x9_3 = 1
x11_3 = 1
x19_3 = 1
x26_3 = 1
w3 = 1
