Tiempo de corrida total: 0.400891
Tiempo de corrida recorrer el arbol: 0.394093
Valor de la funcion objetivo: 2
x2_9 = 1
x16_9 = 1
x28_9 = 1
x30_9 = 1
x3_10 = 1
x7_10 = 1
x11_10 = 1
x17_10 = 1
x20_10 = 1
x29_10 = 1
w9 = 1
w10 = 1
