Tiempo de corrida total: 3.31256
Tiempo de corrida recorrer el arbol: 3.24567
Valor de la funcion objetivo: 2
x13_4 = 1
x19_4 = 1
x22_4 = 1
x29_4 = 1
x30_4 = 1
x36_4 = 1
x42_4 = 1
x47_4 = 1
x5_15 = 1
x11_15 = 1
x16_15 = 1
x21_15 = 1
x34_15 = 1
x41_15 = 1
x45_15 = 1
w4 = 1
w15 = 1
