Tiempo de corrida total: 3.08208
Tiempo de corrida recorrer el arbol: 1.21468
Valor de la funcion objetivo: 3
x8_1 = 1
x13_1 = 1
x17_1 = 1
x24_1 = 1
x25_1 = 1
x10_2 = 1
x12_2 = 1
x21_2 = 1
x38_2 = 1
x1_4 = 1
x3_4 = 1
x5_4 = 1
x18_4 = 1
x19_4 = 1
x26_4 = 1
w1 = 1
w2 = 1
w4 = 1
