Tiempo de corrida total: 0.630323
Tiempo de corrida recorrer el arbol: 0.608994
Valor de la funcion objetivo: 2
x5_3 = 1
x29_3 = 1
x34_3 = 1
x22_4 = 1
x30_4 = 1
w3 = 1
w4 = 1
