Tiempo de corrida total: 0.304332
Tiempo de corrida recorrer el arbol: 0.106567
Valor de la funcion objetivo: 2
x2_4 = 1
x12_4 = 1
x1_11 = 1
x3_11 = 1
x5_11 = 1
x9_11 = 1
x13_11 = 1
x20_11 = 1
x23_11 = 1
x29_11 = 1
x34_11 = 1
x36_11 = 1
x37_11 = 1
x38_11 = 1
x40_11 = 1
w4 = 1
w11 = 1
