Tiempo de corrida total: 0.268785
Tiempo de corrida recorrer el arbol: 0.260694
Valor de la funcion objetivo: 2
x2_4 = 1
x6_4 = 1
x10_4 = 1
x17_4 = 1
x25_4 = 1
x4_7 = 1
x7_7 = 1
x22_7 = 1
x29_7 = 1
x30_7 = 1
w4 = 1
w7 = 1
