Tiempo de corrida total: 1.35767
Tiempo de corrida recorrer el arbol: 0.331667
Valor de la funcion objetivo: 1
x2_1 = 1
x9_1 = 1
x12_1 = 1
x21_1 = 1
x33_1 = 1
x36_1 = 1
x37_1 = 1
x41_1 = 1
x42_1 = 1
x46_1 = 1
w1 = 1
