Tiempo de corrida total: 1.99362
Tiempo de corrida recorrer el arbol: 0.600978
Valor de la funcion objetivo: 2
x1_1 = 1
x5_1 = 1
x6_1 = 1
x11_1 = 1
x16_1 = 1
x18_1 = 1
x34_1 = 1
x38_1 = 1
x47_1 = 1
x12_2 = 1
x25_2 = 1
x27_2 = 1
x28_2 = 1
x40_2 = 1
x44_2 = 1
w1 = 1
w2 = 1
