Tiempo de corrida total: 0.512479
Tiempo de corrida recorrer el arbol: 0.493056
Valor de la funcion objetivo: 2
x11_1 = 1
x14_1 = 1
x18_1 = 1
x42_1 = 1
x47_1 = 1
x48_1 = 1
x9_15 = 1
x16_15 = 1
x25_15 = 1
x26_15 = 1
x27_15 = 1
x34_15 = 1
x36_15 = 1
x37_15 = 1
x46_15 = 1
w1 = 1
w15 = 1
