Tiempo de corrida total: 0.0489318
Tiempo de corrida recorrer el arbol: 0.00969982
Valor de la funcion objetivo: 1
x5_4 = 1
x7_4 = 1
x12_4 = 1
x13_4 = 1
x14_4 = 1
x15_4 = 1
x18_4 = 1
x24_4 = 1
x25_4 = 1
x29_4 = 1
w4 = 1
