Tiempo de corrida total: 1.71414
Tiempo de corrida recorrer el arbol: 1.70813
Valor de la funcion objetivo: 2
x13_2 = 1
x16_2 = 1
x22_2 = 1
x29_2 = 1
x37_2 = 1
x2_3 = 1
x8_3 = 1
x18_3 = 1
x30_3 = 1
x34_3 = 1
w2 = 1
w3 = 1
