Tiempo de corrida total: 1.10167
Tiempo de corrida recorrer el arbol: 0.207192
Valor de la funcion objetivo: 2
x3_8 = 1
x5_8 = 1
x6_8 = 1
x14_8 = 1
x20_8 = 1
x21_8 = 1
x32_8 = 1
x49_8 = 1
x50_8 = 1
x7_10 = 1
x11_10 = 1
x16_10 = 1
x26_10 = 1
x29_10 = 1
x30_10 = 1
x31_10 = 1
x34_10 = 1
x45_10 = 1
x46_10 = 1
x48_10 = 1
w8 = 1
w10 = 1
