Tiempo de corrida total: 2.09448
Tiempo de corrida recorrer el arbol: 0.511996
Valor de la funcion objetivo: 2
x6_5 = 1
x9_5 = 1
x13_5 = 1
x45_5 = 1
x46_5 = 1
x50_5 = 1
x5_7 = 1
x10_7 = 1
x18_7 = 1
x19_7 = 1
x22_7 = 1
x25_7 = 1
x36_7 = 1
x37_7 = 1
x48_7 = 1
w5 = 1
w7 = 1
