Tiempo de corrida total: 0.366476
Tiempo de corrida recorrer el arbol: 0.050426
Valor de la funcion objetivo: 2
x2_1 = 1
x4_1 = 1
x5_1 = 1
x12_1 = 1
x34_3 = 1
w1 = 1
w3 = 1
