Tiempo de corrida total: 7.28295
Tiempo de corrida recorrer el arbol: 7.26333
Valor de la funcion objetivo: 3
x1_6 = 1
x17_6 = 1
x19_6 = 1
x29_6 = 1
x32_6 = 1
x36_6 = 1
x13_10 = 1
x20_10 = 1
x22_10 = 1
x25_10 = 1
x33_10 = 1
x5_12 = 1
x8_12 = 1
x12_12 = 1
x34_12 = 1
w6 = 1
w10 = 1
w12 = 1
