Tiempo de corrida total: 0.109751
Tiempo de corrida recorrer el arbol: 0.102282
Valor de la funcion objetivo: 2
x6_1 = 1
x7_1 = 1
x9_1 = 1
x10_1 = 1
x17_1 = 1
x18_1 = 1
x21_1 = 1
x26_1 = 1
x29_1 = 1
x32_1 = 1
x37_1 = 1
x38_1 = 1
x20_3 = 1
x27_3 = 1
x40_3 = 1
w1 = 1
w3 = 1
