Tiempo de corrida total: 0.253002
Tiempo de corrida recorrer el arbol: 0.243241
Valor de la funcion objetivo: 2
x1_2 = 1
x15_2 = 1
x16_2 = 1
x17_2 = 1
x28_2 = 1
x30_2 = 1
x3_7 = 1
x11_7 = 1
x24_7 = 1
x26_7 = 1
w2 = 1
w7 = 1
