Tiempo de corrida total: 0.661233
Tiempo de corrida recorrer el arbol: 0.0723419
Valor de la funcion objetivo: 1
x8_4 = 1
x17_4 = 1
x22_4 = 1
x29_4 = 1
x49_4 = 1
w4 = 1
