Tiempo de corrida total: 0.046663
Tiempo de corrida recorrer el arbol: 0.0228119
Valor de la funcion objetivo: 1
x20_5 = 1
x33_5 = 1
x34_5 = 1
x38_5 = 1
x40_5 = 1
w5 = 1
