Tiempo de corrida total: 0.0234251
Tiempo de corrida recorrer el arbol: 0.00788093
Valor de la funcion objetivo: 1
x19_4 = 1
x21_4 = 1
x35_4 = 1
x39_4 = 1
x40_4 = 1
w4 = 1
