Tiempo de corrida total: 1.64043
Tiempo de corrida recorrer el arbol: 1.50939
Valor de la funcion objetivo: 4
x7_4 = 1
x18_4 = 1
x27_4 = 1
x12_5 = 1
x19_5 = 1
x10_7 = 1
x22_7 = 1
x5_10 = 1
x16_10 = 1
x29_10 = 1
w4 = 1
w5 = 1
w7 = 1
w10 = 1
