Tiempo de corrida total: 2.49872
Tiempo de corrida recorrer el arbol: 2.48822
Valor de la funcion objetivo: 2
x4_2 = 1
x9_2 = 1
x16_2 = 1
x22_2 = 1
x27_2 = 1
x1_8 = 1
x24_8 = 1
x32_8 = 1
x35_8 = 1
x47_8 = 1
w2 = 1
w8 = 1
