Tiempo de corrida total: 3.21622
Tiempo de corrida recorrer el arbol: 2.80581
Valor de la funcion objetivo: 2
x9_3 = 1
x18_3 = 1
x23_3 = 1
x26_3 = 1
x32_3 = 1
x35_3 = 1
x43_3 = 1
x5_6 = 1
x6_6 = 1
x10_6 = 1
x11_6 = 1
x22_6 = 1
x30_6 = 1
x34_6 = 1
x38_6 = 1
w3 = 1
w6 = 1
