Tiempo de corrida total: 0.30425
Tiempo de corrida recorrer el arbol: 0.27692
Valor de la funcion objetivo: 2
x17_1 = 1
x31_1 = 1
x35_1 = 1
x5_2 = 1
x16_2 = 1
w1 = 1
w2 = 1
