Tiempo de corrida total: 0.300839
Tiempo de corrida recorrer el arbol: 0.0765071
Valor de la funcion objetivo: 2
x1_1 = 1
x3_1 = 1
x24_1 = 1
x25_1 = 1
x26_1 = 1
x28_1 = 1
x8_8 = 1
x9_8 = 1
x17_8 = 1
x27_8 = 1
w1 = 1
w8 = 1
