Tiempo de corrida total: 0.046525
Tiempo de corrida recorrer el arbol: 0.0241089
Valor de la funcion objetivo: 1
x9_10 = 1
x16_10 = 1
x19_10 = 1
x21_10 = 1
x32_10 = 1
x34_10 = 1
x35_10 = 1
x36_10 = 1
x37_10 = 1
x39_10 = 1
w10 = 1
