Tiempo de corrida total: 0.0526989
Tiempo de corrida recorrer el arbol: 0.0289252
Valor de la funcion objetivo: 1
x1_2 = 1
x8_2 = 1
x10_2 = 1
x12_2 = 1
x16_2 = 1
x19_2 = 1
x20_2 = 1
x21_2 = 1
x22_2 = 1
x28_2 = 1
x29_2 = 1
x32_2 = 1
x43_2 = 1
x47_2 = 1
x49_2 = 1
w2 = 1
