Tiempo de corrida total: 0.752937
Tiempo de corrida recorrer el arbol: 0.709785
Valor de la funcion objetivo: 2
x4_15 = 1
x5_15 = 1
x6_15 = 1
x7_15 = 1
x16_15 = 1
x17_15 = 1
x18_15 = 1
x19_15 = 1
x24_15 = 1
x29_15 = 1
x37_15 = 1
x1_18 = 1
x3_18 = 1
x14_18 = 1
x20_18 = 1
x22_18 = 1
x25_18 = 1
x26_18 = 1
x33_18 = 1
x36_18 = 1
w15 = 1
w18 = 1
