Tiempo de corrida total: 0.358346
Tiempo de corrida recorrer el arbol: 0.045115
Valor de la funcion objetivo: 2
x5_2 = 1
x24_2 = 1
x35_2 = 1
x28_3 = 1
x33_3 = 1
w2 = 1
w3 = 1
