Tiempo de corrida total: 0.0798481
Tiempo de corrida recorrer el arbol: 0.0327721
Valor de la funcion objetivo: 1
x6_7 = 1
x7_7 = 1
x27_7 = 1
x31_7 = 1
x32_7 = 1
x34_7 = 1
x37_7 = 1
x41_7 = 1
x47_7 = 1
x50_7 = 1
w7 = 1
