Tiempo de corrida total: 0.0543432
Tiempo de corrida recorrer el arbol: 0.00828695
Valor de la funcion objetivo: 1
x2_1 = 1
x5_1 = 1
x12_1 = 1
x20_1 = 1
x28_1 = 1
w1 = 1
