Tiempo de corrida total: 9.63431
Tiempo de corrida recorrer el arbol: 9.07036
Valor de la funcion objetivo: 3
x35_6 = 1
x36_6 = 1
x38_6 = 1
x12_9 = 1
x13_9 = 1
x33_9 = 1
x19_10 = 1
x20_10 = 1
x29_10 = 1
x34_10 = 1
w6 = 1
w9 = 1
w10 = 1
