Tiempo de corrida total: 0.36471
Tiempo de corrida recorrer el arbol: 0.060322
Valor de la funcion objetivo: 3
x3_4 = 1
x5_4 = 1
x14_4 = 1
x16_4 = 1
x19_4 = 1
x24_4 = 1
x10_7 = 1
x12_7 = 1
x25_7 = 1
x28_7 = 1
x30_7 = 1
x1_16 = 1
x2_16 = 1
x4_16 = 1
x17_16 = 1
x18_16 = 1
x20_16 = 1
x23_16 = 1
x26_16 = 1
x27_16 = 1
w4 = 1
w7 = 1
w16 = 1
