Tiempo de corrida total: 0.335219
Tiempo de corrida recorrer el arbol: 0.322462
Valor de la funcion objetivo: 2
x3_12 = 1
x4_12 = 1
x13_12 = 1
x2_15 = 1
x5_15 = 1
x10_15 = 1
x11_15 = 1
x14_15 = 1
x18_15 = 1
x19_15 = 1
x20_15 = 1
x27_15 = 1
x28_15 = 1
x29_15 = 1
x30_15 = 1
w12 = 1
w15 = 1
