Tiempo de corrida total: 0.126338
Tiempo de corrida recorrer el arbol: 0.0466928
Valor de la funcion objetivo: 2
x1_11 = 1
x3_11 = 1
x4_11 = 1
x5_11 = 1
x10_11 = 1
x13_11 = 1
x16_11 = 1
x24_11 = 1
x25_11 = 1
x26_11 = 1
x27_11 = 1
x2_12 = 1
x9_12 = 1
x12_12 = 1
x14_12 = 1
x19_12 = 1
x20_12 = 1
x21_12 = 1
x23_12 = 1
x29_12 = 1
w11 = 1
w12 = 1
