Tiempo de corrida total: 0.210147
Tiempo de corrida recorrer el arbol: 0.0646899
Valor de la funcion objetivo: 1
x13_3 = 1
x25_3 = 1
x27_3 = 1
x29_3 = 1
x31_3 = 1
x35_3 = 1
x36_3 = 1
x44_3 = 1
x49_3 = 1
x50_3 = 1
w3 = 1
