Tiempo de corrida total: 0.0458438
Tiempo de corrida recorrer el arbol: 0.031543
Valor de la funcion objetivo: 1
x2_3 = 1
x17_3 = 1
x28_3 = 1
x35_3 = 1
x40_3 = 1
w3 = 1
