Tiempo de corrida total: 0.419202
Tiempo de corrida recorrer el arbol: 0.0677321
Valor de la funcion objetivo: 6
x14_5 = 1
x28_5 = 1
x10_6 = 1
x24_6 = 1
x2_7 = 1
x7_8 = 1
x19_8 = 1
x1_9 = 1
x4_9 = 1
x20_10 = 1
w5 = 1
w6 = 1
w7 = 1
w8 = 1
w9 = 1
w10 = 1
