Tiempo de corrida total: 0.635411
Tiempo de corrida recorrer el arbol: 0.210625
Valor de la funcion objetivo: 2
x5_8 = 1
x8_8 = 1
x10_8 = 1
x15_8 = 1
x18_8 = 1
x20_8 = 1
x29_8 = 1
x37_8 = 1
x38_8 = 1
x45_8 = 1
x3_11 = 1
x12_11 = 1
x19_11 = 1
x24_11 = 1
x32_11 = 1
x34_11 = 1
x40_11 = 1
x41_11 = 1
x42_11 = 1
x48_11 = 1
w8 = 1
w11 = 1
