Tiempo de corrida total: 0.91117
Tiempo de corrida recorrer el arbol: 0.90215
Valor de la funcion objetivo: 2
x9_3 = 1
x12_3 = 1
x14_3 = 1
x26_3 = 1
x31_3 = 1
x34_3 = 1
x39_3 = 1
x50_3 = 1
x1_19 = 1
x3_19 = 1
x15_19 = 1
x17_19 = 1
x19_19 = 1
x22_19 = 1
x25_19 = 1
x28_19 = 1
x29_19 = 1
x33_19 = 1
x36_19 = 1
x37_19 = 1
w3 = 1
w19 = 1
