Tiempo de corrida total: 1.35767
Tiempo de corrida recorrer el arbol: 1.35508
Valor de la funcion objetivo: 3
x5_1 = 1
x6_1 = 1
x9_1 = 1
x10_1 = 1
x12_1 = 1
x16_1 = 1
x18_1 = 1
x25_1 = 1
x29_1 = 1
x1_2 = 1
x11_2 = 1
x20_2 = 1
x3_15 = 1
x14_15 = 1
x23_15 = 1
w1 = 1
w2 = 1
w15 = 1
