Tiempo de corrida total: 1.02005
Tiempo de corrida recorrer el arbol: 1.01397
Valor de la funcion objetivo: 2
x3_17 = 1
x12_17 = 1
x13_17 = 1
x25_17 = 1
x26_17 = 1
x29_17 = 1
x39_17 = 1
x40_17 = 1
x1_20 = 1
x7_20 = 1
x15_20 = 1
x16_20 = 1
x18_20 = 1
x20_20 = 1
x23_20 = 1
x24_20 = 1
x28_20 = 1
x32_20 = 1
x35_20 = 1
x38_20 = 1
w17 = 1
w20 = 1
