Tiempo de corrida total: 3.53252
Tiempo de corrida recorrer el arbol: 3.39164
Valor de la funcion objetivo: 2
x1_3 = 1
x13_3 = 1
x16_3 = 1
x17_3 = 1
x22_3 = 1
x29_3 = 1
x2_10 = 1
x7_10 = 1
x26_10 = 1
x27_10 = 1
w3 = 1
w10 = 1
