Tiempo de corrida total: 0.567064
Tiempo de corrida recorrer el arbol: 0.560754
Valor de la funcion objetivo: 2
x10_1 = 1
x23_1 = 1
x36_1 = 1
x2_2 = 1
x22_2 = 1
w1 = 1
w2 = 1
