Tiempo de corrida total: 5.10139
Tiempo de corrida recorrer el arbol: 4.49279
Valor de la funcion objetivo: 2
x5_5 = 1
x8_5 = 1
x9_5 = 1
x12_5 = 1
x15_5 = 1
x23_5 = 1
x24_5 = 1
x25_5 = 1
x33_5 = 1
x16_12 = 1
x20_12 = 1
x35_12 = 1
x38_12 = 1
x43_12 = 1
x50_12 = 1
w5 = 1
w12 = 1
