Tiempo de corrida total: 0.135628
Tiempo de corrida recorrer el arbol: 0.0209398
Valor de la funcion objetivo: 2
x1_7 = 1
x3_7 = 1
x9_7 = 1
x15_7 = 1
x29_7 = 1
x30_7 = 1
x34_7 = 1
x7_12 = 1
x8_12 = 1
x11_12 = 1
x13_12 = 1
x20_12 = 1
x27_12 = 1
x44_12 = 1
x49_12 = 1
w7 = 1
w12 = 1
