Tiempo de corrida total: 0.142156
Tiempo de corrida recorrer el arbol: 0.055743
Valor de la funcion objetivo: 1
x3_4 = 1
x8_4 = 1
x17_4 = 1
x19_4 = 1
x20_4 = 1
x23_4 = 1
x26_4 = 1
x33_4 = 1
x36_4 = 1
x37_4 = 1
w4 = 1
