Tiempo de corrida total: 0.180777
Tiempo de corrida recorrer el arbol: 0.175682
Valor de la funcion objetivo: 2
x2_1 = 1
x3_1 = 1
x5_1 = 1
x10_1 = 1
x13_1 = 1
x15_1 = 1
x19_1 = 1
x27_1 = 1
x4_14 = 1
x12_14 = 1
x16_14 = 1
x17_14 = 1
x20_14 = 1
x23_14 = 1
x29_14 = 1
w1 = 1
w14 = 1
