Tiempo de corrida total: 0.0308788
Tiempo de corrida recorrer el arbol: 0.0215259
Valor de la funcion objetivo: 1
x1_5 = 1
x2_5 = 1
x5_5 = 1
x6_5 = 1
x12_5 = 1
x13_5 = 1
x17_5 = 1
x18_5 = 1
x20_5 = 1
x29_5 = 1
w5 = 1
