Tiempo de corrida total: 0.658088
Tiempo de corrida recorrer el arbol: 0.173633
Valor de la funcion objetivo: 4
x9_1 = 1
x25_1 = 1
x15_2 = 1
x17_2 = 1
x23_2 = 1
x2_4 = 1
x20_4 = 1
x30_4 = 1
x18_9 = 1
x27_9 = 1
w1 = 1
w2 = 1
w4 = 1
w9 = 1
