Tiempo de corrida total: 0.0560858
Tiempo de corrida recorrer el arbol: 0.053998
Valor de la funcion objetivo: 1
x5_5 = 1
x7_5 = 1
x27_5 = 1
x30_5 = 1
x36_5 = 1
w5 = 1
