Tiempo de corrida total: 0.172409
Tiempo de corrida recorrer el arbol: 0.0285311
Valor de la funcion objetivo: 2
x11_1 = 1
x28_1 = 1
x10_2 = 1
x17_2 = 1
x26_2 = 1
w1 = 1
w2 = 1
