Tiempo de corrida total: 2.22912
Tiempo de corrida recorrer el arbol: 2.22046
Valor de la funcion objetivo: 2
x4_1 = 1
x10_1 = 1
x12_1 = 1
x14_1 = 1
x20_1 = 1
x21_1 = 1
x27_1 = 1
x29_1 = 1
x33_1 = 1
x34_1 = 1
x42_1 = 1
x48_1 = 1
x3_17 = 1
x18_17 = 1
x24_17 = 1
x31_17 = 1
x35_17 = 1
x36_17 = 1
x49_17 = 1
x50_17 = 1
w1 = 1
w17 = 1
