Tiempo de corrida total: 2.87896
Tiempo de corrida recorrer el arbol: 2.87135
Valor de la funcion objetivo: 2
x16_6 = 1
x24_6 = 1
x25_6 = 1
x34_6 = 1
x36_6 = 1
x37_6 = 1
x2_7 = 1
x26_7 = 1
x32_7 = 1
x35_7 = 1
w6 = 1
w7 = 1
