Tiempo de corrida total: 0.121616
Tiempo de corrida recorrer el arbol: 0.020309
Valor de la funcion objetivo: 2
x8_4 = 1
x9_4 = 1
x20_4 = 1
x24_4 = 1
x25_4 = 1
x27_4 = 1
x1_19 = 1
x2_19 = 1
x3_19 = 1
x5_19 = 1
x7_19 = 1
x12_19 = 1
x13_19 = 1
x14_19 = 1
x18_19 = 1
x19_19 = 1
x23_19 = 1
x26_19 = 1
x28_19 = 1
x30_19 = 1
w4 = 1
w19 = 1
