Tiempo de corrida total: 1.15307
Tiempo de corrida recorrer el arbol: 0.939833
Valor de la funcion objetivo: 2
x3_10 = 1
x5_10 = 1
x8_10 = 1
x12_10 = 1
x19_10 = 1
x22_10 = 1
x28_10 = 1
x37_10 = 1
x48_10 = 1
x13_12 = 1
x14_12 = 1
x20_12 = 1
x25_12 = 1
x26_12 = 1
x33_12 = 1
x35_12 = 1
x38_12 = 1
x39_12 = 1
x41_12 = 1
x50_12 = 1
w10 = 1
w12 = 1
