Tiempo de corrida total: 0.597952
Tiempo de corrida recorrer el arbol: 0.586502
Valor de la funcion objetivo: 2
x1_1 = 1
x2_1 = 1
x4_1 = 1
x5_1 = 1
x6_1 = 1
x12_1 = 1
x15_1 = 1
x16_1 = 1
x18_1 = 1
x19_1 = 1
x30_1 = 1
x34_1 = 1
x9_2 = 1
x11_2 = 1
x36_2 = 1
w1 = 1
w2 = 1
