Tiempo de corrida total: 0.670846
Tiempo de corrida recorrer el arbol: 0.429601
Valor de la funcion objetivo: 5
x10_1 = 1
x26_1 = 1
x3_3 = 1
x8_3 = 1
x1_6 = 1
x25_6 = 1
x27_8 = 1
x30_8 = 1
x9_9 = 1
x16_9 = 1
w1 = 1
w3 = 1
w6 = 1
w8 = 1
w9 = 1
