Tiempo de corrida total: 0.952833
Tiempo de corrida recorrer el arbol: 0.878582
Valor de la funcion objetivo: 2
x9_1 = 1
x10_1 = 1
x11_1 = 1
x7_5 = 1
x17_5 = 1
x20_5 = 1
x25_5 = 1
x27_5 = 1
x28_5 = 1
x40_5 = 1
w1 = 1
w5 = 1
