Tiempo de corrida total: 0.420412
Tiempo de corrida recorrer el arbol: 0.251726
Valor de la funcion objetivo: 3
x1_3 = 1
x4_3 = 1
x6_3 = 1
x9_3 = 1
x12_3 = 1
x17_3 = 1
x25_3 = 1
x29_3 = 1
x3_17 = 1
x5_17 = 1
x10_17 = 1
x19_17 = 1
x21_17 = 1
x24_17 = 1
x26_17 = 1
x11_20 = 1
x14_20 = 1
x16_20 = 1
x18_20 = 1
x30_20 = 1
w3 = 1
w17 = 1
w20 = 1
