Tiempo de corrida total: 0.208648
Tiempo de corrida recorrer el arbol: 0.135082
Valor de la funcion objetivo: 1
x4_11 = 1
x6_11 = 1
x11_11 = 1
x13_11 = 1
x16_11 = 1
x19_11 = 1
x20_11 = 1
x33_11 = 1
x39_11 = 1
x40_11 = 1
x42_11 = 1
x44_11 = 1
x48_11 = 1
x49_11 = 1
x50_11 = 1
w11 = 1
