Tiempo de corrida total: 0.052927
Tiempo de corrida recorrer el arbol: 0.0118051
Valor de la funcion objetivo: 1
x42_4 = 1
x44_4 = 1
x45_4 = 1
x47_4 = 1
x48_4 = 1
w4 = 1
