Tiempo de corrida total: 2.47876
Tiempo de corrida recorrer el arbol: 0.594246
Valor de la funcion objetivo: 2
x9_2 = 1
x12_2 = 1
x25_2 = 1
x46_2 = 1
x1_6 = 1
x4_6 = 1
x5_6 = 1
x16_6 = 1
x36_6 = 1
x50_6 = 1
w2 = 1
w6 = 1
