Tiempo de corrida total: 0.623154
Tiempo de corrida recorrer el arbol: 0.606546
Valor de la funcion objetivo: 2
x6_1 = 1
x13_1 = 1
x17_1 = 1
x21_5 = 1
x25_5 = 1
w1 = 1
w5 = 1
