Tiempo de corrida total: 5.74588
Tiempo de corrida recorrer el arbol: 5.70219
Valor de la funcion objetivo: 3
x4_3 = 1
x5_3 = 1
x15_3 = 1
x19_3 = 1
x20_3 = 1
x25_3 = 1
x26_3 = 1
x1_6 = 1
x9_6 = 1
x16_6 = 1
x18_6 = 1
x27_6 = 1
x30_6 = 1
x3_15 = 1
x12_15 = 1
x14_15 = 1
x17_15 = 1
x23_15 = 1
x24_15 = 1
x29_15 = 1
w3 = 1
w6 = 1
w15 = 1
