Tiempo de corrida total: 0.260558
Tiempo de corrida recorrer el arbol: 0.233296
Valor de la funcion objetivo: 2
x1_12 = 1
x2_12 = 1
x4_12 = 1
x5_12 = 1
x9_12 = 1
x13_12 = 1
x14_12 = 1
x18_12 = 1
x20_12 = 1
x34_12 = 1
x36_12 = 1
x3_18 = 1
x10_18 = 1
x19_18 = 1
x22_18 = 1
x26_18 = 1
x27_18 = 1
x28_18 = 1
x32_18 = 1
x40_18 = 1
w12 = 1
w18 = 1
