Tiempo de corrida total: 0.0458968
Tiempo de corrida recorrer el arbol: 0.019254
Valor de la funcion objetivo: 2
x2_8 = 1
x10_8 = 1
x18_8 = 1
x24_8 = 1
x30_8 = 1
x3_10 = 1
x5_10 = 1
x6_10 = 1
x9_10 = 1
x28_10 = 1
w8 = 1
w10 = 1
