Tiempo de corrida total: 1.53648
Tiempo de corrida recorrer el arbol: 1.16458
Valor de la funcion objetivo: 2
x2_1 = 1
x9_1 = 1
x13_1 = 1
x27_1 = 1
x29_1 = 1
x30_1 = 1
x8_2 = 1
x31_2 = 1
x35_2 = 1
x39_2 = 1
w1 = 1
w2 = 1
