Tiempo de corrida total: 0.591488
Tiempo de corrida recorrer el arbol: 0.584759
Valor de la funcion objetivo: 2
x17_3 = 1
x32_3 = 1
x33_3 = 1
x10_5 = 1
x28_5 = 1
w3 = 1
w5 = 1
