Tiempo de corrida total: 2.20829
Tiempo de corrida recorrer el arbol: 1.87872
Valor de la funcion objetivo: 3
x4_3 = 1
x5_3 = 1
x8_3 = 1
x9_3 = 1
x13_3 = 1
x14_3 = 1
x20_3 = 1
x24_3 = 1
x1_12 = 1
x2_12 = 1
x3_12 = 1
x17_12 = 1
x18_12 = 1
x30_12 = 1
x12_16 = 1
x19_16 = 1
x21_16 = 1
x23_16 = 1
x26_16 = 1
x29_16 = 1
w3 = 1
w12 = 1
w16 = 1
