Tiempo de corrida total: 0.664715
Tiempo de corrida recorrer el arbol: 0.611428
Valor de la funcion objetivo: 2
x2_8 = 1
x5_8 = 1
x8_8 = 1
x20_8 = 1
x32_8 = 1
x34_8 = 1
x37_8 = 1
x39_8 = 1
x41_8 = 1
x12_9 = 1
x15_9 = 1
x25_9 = 1
x27_9 = 1
x28_9 = 1
x29_9 = 1
x33_9 = 1
x35_9 = 1
x40_9 = 1
x43_9 = 1
x47_9 = 1
w8 = 1
w9 = 1
