Tiempo de corrida total: 0.225582
Tiempo de corrida recorrer el arbol: 0.198578
Valor de la funcion objetivo: 1
x4_1 = 1
x6_1 = 1
x10_1 = 1
x12_1 = 1
x18_1 = 1
x20_1 = 1
x22_1 = 1
x25_1 = 1
x28_1 = 1
x29_1 = 1
x30_1 = 1
x36_1 = 1
x37_1 = 1
x40_1 = 1
x44_1 = 1
w1 = 1
