Tiempo de corrida total: 0.517678
Tiempo de corrida recorrer el arbol: 0.451978
Valor de la funcion objetivo: 2
x1_9 = 1
x3_9 = 1
x5_9 = 1
x9_9 = 1
x19_9 = 1
x22_9 = 1
x25_9 = 1
x28_9 = 1
x30_9 = 1
x31_9 = 1
x11_10 = 1
x23_10 = 1
x32_10 = 1
x34_10 = 1
x38_10 = 1
w9 = 1
w10 = 1
