Tiempo de corrida total: 0.060672
Tiempo de corrida recorrer el arbol: 0.0230482
Valor de la funcion objetivo: 1
x11_5 = 1
x14_5 = 1
x16_5 = 1
x27_5 = 1
x30_5 = 1
w5 = 1
