Tiempo de corrida total: 0.588798
Tiempo de corrida recorrer el arbol: 0.065407
Valor de la funcion objetivo: 1
x7_3 = 1
x20_3 = 1
x24_3 = 1
x34_3 = 1
x46_3 = 1
w3 = 1
