Tiempo de corrida total: 0.0320752
Tiempo de corrida recorrer el arbol: 0.030766
Valor de la funcion objetivo: 1
x3_1 = 1
x7_1 = 1
x11_1 = 1
x15_1 = 1
x16_1 = 1
w1 = 1
