Tiempo de corrida total: 0.102619
Tiempo de corrida recorrer el arbol: 0.0277679
Valor de la funcion objetivo: 3
x16_11 = 1
x20_11 = 1
x23_11 = 1
x6_12 = 1
x9_12 = 1
x13_12 = 1
x19_12 = 1
x26_12 = 1
x27_12 = 1
x29_12 = 1
x1_14 = 1
x3_14 = 1
x5_14 = 1
x12_14 = 1
x18_14 = 1
w11 = 1
w12 = 1
w14 = 1
