Tiempo de corrida total: 0.909582
Tiempo de corrida recorrer el arbol: 0.904111
Valor de la funcion objetivo: 2
x1_1 = 1
x5_1 = 1
x13_1 = 1
x19_1 = 1
x20_1 = 1
x30_1 = 1
x2_2 = 1
x3_2 = 1
x25_2 = 1
x29_2 = 1
w1 = 1
w2 = 1
