Tiempo de corrida total: 0.195658
Tiempo de corrida recorrer el arbol: 0.0773411
Valor de la funcion objetivo: 2
x1_9 = 1
x5_9 = 1
x14_9 = 1
x18_9 = 1
x19_9 = 1
x23_9 = 1
x2_12 = 1
x6_12 = 1
x10_12 = 1
x13_12 = 1
x16_12 = 1
x20_12 = 1
x25_12 = 1
x26_12 = 1
x28_12 = 1
w9 = 1
w12 = 1
