Tiempo de corrida total: 0.0254211
Tiempo de corrida recorrer el arbol: 0.014776
Valor de la funcion objetivo: 1
x2_1 = 1
x4_1 = 1
x5_1 = 1
x20_1 = 1
x24_1 = 1
w1 = 1
