Tiempo de corrida total: 1.04783
Tiempo de corrida recorrer el arbol: 0.645772
Valor de la funcion objetivo: 2
x4_1 = 1
x21_1 = 1
x22_1 = 1
x26_1 = 1
x33_1 = 1
x37_1 = 1
x49_1 = 1
x3_17 = 1
x11_17 = 1
x13_17 = 1
x16_17 = 1
x19_17 = 1
x27_17 = 1
x28_17 = 1
x29_17 = 1
x36_17 = 1
x39_17 = 1
x44_17 = 1
x46_17 = 1
x48_17 = 1
w1 = 1
w17 = 1
