Tiempo de corrida total: 0.194494
Tiempo de corrida recorrer el arbol: 0.065098
Valor de la funcion objetivo: 2
x15_5 = 1
x20_5 = 1
x44_5 = 1
x45_5 = 1
x2_13 = 1
x10_13 = 1
x13_13 = 1
x18_13 = 1
x21_13 = 1
x31_13 = 1
x34_13 = 1
x38_13 = 1
x48_13 = 1
x49_13 = 1
x50_13 = 1
w5 = 1
w13 = 1
