Tiempo de corrida total: 0.521569
Tiempo de corrida recorrer el arbol: 0.145925
Valor de la funcion objetivo: 1
x6_5 = 1
x7_5 = 1
x8_5 = 1
x22_5 = 1
x44_5 = 1
w5 = 1
