Tiempo de corrida total: 0.833584
Tiempo de corrida recorrer el arbol: 0.665769
Valor de la funcion objetivo: 2
x34_1 = 1
x37_1 = 1
x10_5 = 1
x33_5 = 1
x35_5 = 1
w1 = 1
w5 = 1
