Tiempo de corrida total: 0.943288
Tiempo de corrida recorrer el arbol: 0.520039
Valor de la funcion objetivo: 2
x4_9 = 1
x6_9 = 1
x15_9 = 1
x29_9 = 1
x38_9 = 1
x8_10 = 1
x12_10 = 1
x24_10 = 1
x32_10 = 1
x39_10 = 1
w9 = 1
w10 = 1
