Tiempo de corrida total: 0.228096
Tiempo de corrida recorrer el arbol: 0.0968981
Valor de la funcion objetivo: 2
x18_7 = 1
x19_7 = 1
x22_7 = 1
x23_7 = 1
x6_9 = 1
x17_9 = 1
x26_9 = 1
x28_9 = 1
x29_9 = 1
x30_9 = 1
w7 = 1
w9 = 1
