Tiempo de corrida total: 6.27155
Tiempo de corrida recorrer el arbol: 5.69167
Valor de la funcion objetivo: 2
x5_5 = 1
x6_5 = 1
x15_5 = 1
x33_5 = 1
x49_5 = 1
x1_7 = 1
x2_7 = 1
x4_7 = 1
x14_7 = 1
x24_7 = 1
w5 = 1
w7 = 1
