Tiempo de corrida total: 1.27478
Tiempo de corrida recorrer el arbol: 1.21756
Valor de la funcion objetivo: 2
x6_8 = 1
x16_8 = 1
x40_8 = 1
x3_14 = 1
x11_14 = 1
x18_14 = 1
x22_14 = 1
x24_14 = 1
x28_14 = 1
x31_14 = 1
x33_14 = 1
x34_14 = 1
x36_14 = 1
x43_14 = 1
x48_14 = 1
w8 = 1
w14 = 1
