Tiempo de corrida total: 0.24686
Tiempo de corrida recorrer el arbol: 0.0655711
Valor de la funcion objetivo: 2
x4_6 = 1
x9_6 = 1
x10_6 = 1
x13_6 = 1
x20_6 = 1
x23_6 = 1
x24_6 = 1
x28_6 = 1
x12_14 = 1
x15_14 = 1
x18_14 = 1
x21_14 = 1
x22_14 = 1
x27_14 = 1
x30_14 = 1
w6 = 1
w14 = 1
