Tiempo de corrida total: 1.11096
Tiempo de corrida recorrer el arbol: 1.10711
Valor de la funcion objetivo: 2
x2_1 = 1
x3_1 = 1
x6_1 = 1
x10_1 = 1
x12_1 = 1
x13_1 = 1
x15_1 = 1
x20_1 = 1
x25_1 = 1
x26_1 = 1
x27_1 = 1
x29_1 = 1
x34_1 = 1
x36_1 = 1
x40_1 = 1
x1_20 = 1
x24_20 = 1
x28_20 = 1
x35_20 = 1
x37_20 = 1
w1 = 1
w20 = 1
