Tiempo de corrida total: 0.209921
Tiempo de corrida recorrer el arbol: 0.124168
Valor de la funcion objetivo: 2
x1_8 = 1
x5_8 = 1
x12_8 = 1
x13_8 = 1
x21_8 = 1
x22_8 = 1
x24_8 = 1
x30_8 = 1
x4_9 = 1
x7_9 = 1
x8_9 = 1
x14_9 = 1
x23_9 = 1
x26_9 = 1
x29_9 = 1
w8 = 1
w9 = 1
