Tiempo de corrida total: 0.0441101
Tiempo de corrida recorrer el arbol: 0.0171242
Valor de la funcion objetivo: 1
x1_4 = 1
x3_4 = 1
x6_4 = 1
x8_4 = 1
x9_4 = 1
w4 = 1
