Tiempo de corrida total: 0.569446
Tiempo de corrida recorrer el arbol: 0.545114
Valor de la funcion objetivo: 2
x5_3 = 1
x7_3 = 1
x18_3 = 1
x22_3 = 1
x30_3 = 1
x2_7 = 1
x4_7 = 1
x10_7 = 1
x15_7 = 1
x27_7 = 1
w3 = 1
w7 = 1
