Tiempo de corrida total: 0.382319
Tiempo de corrida recorrer el arbol: 0.0456991
Valor de la funcion objetivo: 3
x4_4 = 1
x12_4 = 1
x14_4 = 1
x18_4 = 1
x20_4 = 1
x27_4 = 1
x29_4 = 1
x30_4 = 1
x1_13 = 1
x10_13 = 1
x16_13 = 1
x22_13 = 1
x23_13 = 1
x26_13 = 1
x3_16 = 1
x5_16 = 1
x9_16 = 1
x19_16 = 1
x21_16 = 1
x24_16 = 1
w4 = 1
w13 = 1
w16 = 1
