Tiempo de corrida total: 0.028008
Tiempo de corrida recorrer el arbol: 0.0246489
Valor de la funcion objetivo: 1
x1_10 = 1
x2_10 = 1
x4_10 = 1
x11_10 = 1
x17_10 = 1
x20_10 = 1
x27_10 = 1
x35_10 = 1
x38_10 = 1
x40_10 = 1
w10 = 1
