Tiempo de corrida total: 0.094893
Tiempo de corrida recorrer el arbol: 0.0821619
Valor de la funcion objetivo: 1
x3_15 = 1
x7_15 = 1
x8_15 = 1
x23_15 = 1
x28_15 = 1
x29_15 = 1
x31_15 = 1
x32_15 = 1
x34_15 = 1
x38_15 = 1
x39_15 = 1
x42_15 = 1
x43_15 = 1
x44_15 = 1
x45_15 = 1
w15 = 1
