Tiempo de corrida total: 0.0507281
Tiempo de corrida recorrer el arbol: 0.0418851
Valor de la funcion objetivo: 2
x5_2 = 1
x6_2 = 1
x16_2 = 1
x28_5 = 1
x29_5 = 1
w2 = 1
w5 = 1
