Tiempo de corrida total: 0.153532
Tiempo de corrida recorrer el arbol: 0.058141
Valor de la funcion objetivo: 2
x17_1 = 1
x23_1 = 1
x14_2 = 1
x21_2 = 1
x27_2 = 1
w1 = 1
w2 = 1
