Tiempo de corrida total: 0.791632
Tiempo de corrida recorrer el arbol: 0.78587
Valor de la funcion objetivo: 2
x2_18 = 1
x3_18 = 1
x10_18 = 1
x11_18 = 1
x12_18 = 1
x29_18 = 1
x33_18 = 1
x37_18 = 1
x1_20 = 1
x5_20 = 1
x15_20 = 1
x16_20 = 1
x17_20 = 1
x24_20 = 1
x25_20 = 1
x26_20 = 1
x27_20 = 1
x28_20 = 1
x30_20 = 1
x35_20 = 1
w18 = 1
w20 = 1
