Tiempo de corrida total: 1.10217
Tiempo de corrida recorrer el arbol: 0.896274
Valor de la funcion objetivo: 2
x1_8 = 1
x6_8 = 1
x25_8 = 1
x35_8 = 1
x2_10 = 1
x5_10 = 1
x14_10 = 1
x28_10 = 1
x29_10 = 1
x37_10 = 1
w8 = 1
w10 = 1
