Tiempo de corrida total: 0.331807
Tiempo de corrida recorrer el arbol: 0.285033
Valor de la funcion objetivo: 2
x2_1 = 1
x4_1 = 1
x5_1 = 1
x6_1 = 1
x16_1 = 1
x17_1 = 1
x20_1 = 1
x23_1 = 1
x14_2 = 1
x15_2 = 1
w1 = 1
w2 = 1
