Tiempo de corrida total: 1.57695
Tiempo de corrida recorrer el arbol: 1.57203
Valor de la funcion objetivo: 2
x16_4 = 1
x34_4 = 1
x36_4 = 1
x37_4 = 1
x39_4 = 1
x2_10 = 1
x5_10 = 1
x9_10 = 1
x12_10 = 1
x14_10 = 1
w4 = 1
w10 = 1
