Tiempo de corrida total: 5.76624
Tiempo de corrida recorrer el arbol: 5.42574
Valor de la funcion objetivo: 2
x7_1 = 1
x13_1 = 1
x25_1 = 1
x34_1 = 1
x35_1 = 1
x36_1 = 1
x46_1 = 1
x5_10 = 1
x8_10 = 1
x14_10 = 1
x16_10 = 1
x18_10 = 1
x27_10 = 1
x42_10 = 1
x48_10 = 1
w1 = 1
w10 = 1
