Tiempo de corrida total: 2.30816
Tiempo de corrida recorrer el arbol: 2.27197
Valor de la funcion objetivo: 2
x3_4 = 1
x6_4 = 1
x12_4 = 1
x17_4 = 1
x20_4 = 1
x16_9 = 1
x23_9 = 1
x33_9 = 1
x37_9 = 1
x40_9 = 1
w4 = 1
w9 = 1
