Tiempo de corrida total: 0.64636
Tiempo de corrida recorrer el arbol: 0.385166
Valor de la funcion objetivo: 2
x4_5 = 1
x5_5 = 1
x14_5 = 1
x21_5 = 1
x24_5 = 1
x32_5 = 1
x2_9 = 1
x7_9 = 1
x28_9 = 1
x36_9 = 1
w5 = 1
w9 = 1
