Tiempo de corrida total: 1.17017
Tiempo de corrida recorrer el arbol: 0.342199
Valor de la funcion objetivo: 4
x1_5 = 1
x3_5 = 1
x5_5 = 1
x13_5 = 1
x20_5 = 1
x7_8 = 1
x10_8 = 1
x14_8 = 1
x16_8 = 1
x18_9 = 1
x23_9 = 1
x29_9 = 1
x4_14 = 1
x19_14 = 1
x25_14 = 1
w5 = 1
w8 = 1
w9 = 1
w14 = 1
