Tiempo de corrida total: 0.249749
Tiempo de corrida recorrer el arbol: 0.124107
Valor de la funcion objetivo: 1
x10_7 = 1
x20_7 = 1
x26_7 = 1
x29_7 = 1
x35_7 = 1
x38_7 = 1
x40_7 = 1
x44_7 = 1
x49_7 = 1
x50_7 = 1
w7 = 1
