Tiempo de corrida total: 4.48552
Tiempo de corrida recorrer el arbol: 0.175738
Valor de la funcion objetivo: 3
x5_4 = 1
x13_4 = 1
x20_4 = 1
x33_4 = 1
x41_4 = 1
x3_11 = 1
x7_11 = 1
x16_11 = 1
x19_11 = 1
x37_11 = 1
x49_11 = 1
x18_12 = 1
x21_12 = 1
x39_12 = 1
x48_12 = 1
w4 = 1
w11 = 1
w12 = 1
