Tiempo de corrida total: 0.012069
Tiempo de corrida recorrer el arbol: 0.00423479
Valor de la funcion objetivo: 1
x20_3 = 1
x21_3 = 1
x25_3 = 1
x28_3 = 1
x30_3 = 1
w3 = 1
