Tiempo de corrida total: 0.945039
Tiempo de corrida recorrer el arbol: 0.815152
Valor de la funcion objetivo: 5
x9_3 = 1
x16_3 = 1
x7_4 = 1
x13_4 = 1
x11_5 = 1
x12_5 = 1
x5_8 = 1
x10_8 = 1
x19_9 = 1
x28_9 = 1
w3 = 1
w4 = 1
w5 = 1
w8 = 1
w9 = 1
