Tiempo de corrida total: 0.0215418
Tiempo de corrida recorrer el arbol: 0.010906
Valor de la funcion objetivo: 1
x5_1 = 1
x9_1 = 1
x23_1 = 1
x25_1 = 1
x27_1 = 1
x34_1 = 1
x36_1 = 1
x47_1 = 1
x49_1 = 1
x50_1 = 1
w1 = 1
