Tiempo de corrida total: 1.28827
Tiempo de corrida recorrer el arbol: 0.410123
Valor de la funcion objetivo: 2
x2_4 = 1
x5_4 = 1
x17_4 = 1
x26_4 = 1
x8_6 = 1
x12_6 = 1
x27_6 = 1
x31_6 = 1
x32_6 = 1
x39_6 = 1
w4 = 1
w6 = 1
