Tiempo de corrida total: 0.134213
Tiempo de corrida recorrer el arbol: 0.0428751
Valor de la funcion objetivo: 2
x1_4 = 1
x3_4 = 1
x4_4 = 1
x8_4 = 1
x10_4 = 1
x12_4 = 1
x15_4 = 1
x19_4 = 1
x20_4 = 1
x22_4 = 1
x24_4 = 1
x25_4 = 1
x26_4 = 1
x5_6 = 1
x17_6 = 1
x18_6 = 1
x23_6 = 1
x27_6 = 1
x29_6 = 1
x30_6 = 1
w4 = 1
w6 = 1
