Tiempo de corrida total: 0.0634942
Tiempo de corrida recorrer el arbol: 0.0172269
Valor de la funcion objetivo: 1
x1_5 = 1
x2_5 = 1
x4_5 = 1
x5_5 = 1
x19_5 = 1
w5 = 1
