Tiempo de corrida total: 0.0896759
Tiempo de corrida recorrer el arbol: 0.041642
Valor de la funcion objetivo: 1
x7_6 = 1
x9_6 = 1
x10_6 = 1
x13_6 = 1
x16_6 = 1
x18_6 = 1
x23_6 = 1
x27_6 = 1
x28_6 = 1
x30_6 = 1
w6 = 1
