Tiempo de corrida total: 0.066473
Tiempo de corrida recorrer el arbol: 0.0377231
Valor de la funcion objetivo: 1
x1_2 = 1
x14_2 = 1
x28_2 = 1
x29_2 = 1
x30_2 = 1
w2 = 1
