Tiempo de corrida total: 3.60962
Tiempo de corrida recorrer el arbol: 3.52323
Valor de la funcion objetivo: 2
x7_8 = 1
x13_8 = 1
x16_8 = 1
x18_8 = 1
x27_8 = 1
x32_8 = 1
x34_8 = 1
x36_8 = 1
x46_8 = 1
x4_15 = 1
x11_15 = 1
x22_15 = 1
x43_15 = 1
x45_15 = 1
x48_15 = 1
w8 = 1
w15 = 1
