Tiempo de corrida total: 1.16314
Tiempo de corrida recorrer el arbol: 0.694299
Valor de la funcion objetivo: 2
x1_6 = 1
x11_6 = 1
x25_6 = 1
x36_6 = 1
x42_6 = 1
x46_6 = 1
x48_6 = 1
x15_14 = 1
x18_14 = 1
x19_14 = 1
x24_14 = 1
x26_14 = 1
x27_14 = 1
x28_14 = 1
x35_14 = 1
w6 = 1
w14 = 1
