Tiempo de corrida total: 1.70321
Tiempo de corrida recorrer el arbol: 1.67895
Valor de la funcion objetivo: 3
x12_6 = 1
x14_6 = 1
x28_6 = 1
x30_6 = 1
x1_9 = 1
x15_9 = 1
x18_9 = 1
x4_10 = 1
x9_10 = 1
x24_10 = 1
w6 = 1
w9 = 1
w10 = 1
