Tiempo de corrida total: 0.0667799
Tiempo de corrida recorrer el arbol: 0.016191
Valor de la funcion objetivo: 1
x6_4 = 1
x9_4 = 1
x18_4 = 1
x21_4 = 1
x26_4 = 1
w4 = 1
