Tiempo de corrida total: 0.870257
Tiempo de corrida recorrer el arbol: 0.848283
Valor de la funcion objetivo: 2
x1_1 = 1
x9_1 = 1
x13_1 = 1
x22_1 = 1
x27_1 = 1
x16_7 = 1
x23_7 = 1
x25_7 = 1
x29_7 = 1
x30_7 = 1
w1 = 1
w7 = 1
