Tiempo de corrida total: 0.293698
Tiempo de corrida recorrer el arbol: 0.0876992
Valor de la funcion objetivo: 2
x2_6 = 1
x3_6 = 1
x5_6 = 1
x9_6 = 1
x14_6 = 1
x17_6 = 1
x18_6 = 1
x19_6 = 1
x38_6 = 1
x40_6 = 1
x1_16 = 1
x8_16 = 1
x16_16 = 1
x20_16 = 1
x26_16 = 1
x27_16 = 1
x28_16 = 1
x29_16 = 1
x32_16 = 1
x34_16 = 1
w6 = 1
w16 = 1
