Tiempo de corrida total: 0.014782
Tiempo de corrida recorrer el arbol: 0.0128911
Valor de la funcion objetivo: 1
x1_1 = 1
x2_1 = 1
x4_1 = 1
x10_1 = 1
x22_1 = 1
w1 = 1
