Tiempo de corrida total: 0.0830839
Tiempo de corrida recorrer el arbol: 0.0386682
Valor de la funcion objetivo: 1
x8_5 = 1
x11_5 = 1
x14_5 = 1
x21_5 = 1
x24_5 = 1
w5 = 1
