Tiempo de corrida total: 0.269571
Tiempo de corrida recorrer el arbol: 0.099328
Valor de la funcion objetivo: 1
x6_11 = 1
x10_11 = 1
x15_11 = 1
x16_11 = 1
x19_11 = 1
x24_11 = 1
x25_11 = 1
x30_11 = 1
x32_11 = 1
x36_11 = 1
x37_11 = 1
x42_11 = 1
x47_11 = 1
x49_11 = 1
x50_11 = 1
w11 = 1
