Tiempo de corrida total: 3.65395
Tiempo de corrida recorrer el arbol: 3.42982
Valor de la funcion objetivo: 5
x2_2 = 1
x28_2 = 1
x29_2 = 1
x14_3 = 1
x26_3 = 1
x5_6 = 1
x23_8 = 1
x30_8 = 1
x6_10 = 1
x9_10 = 1
w2 = 1
w3 = 1
w6 = 1
w8 = 1
w10 = 1
