Tiempo de corrida total: 5.18636
Tiempo de corrida recorrer el arbol: 3.50099
Valor de la funcion objetivo: 3
x18_4 = 1
x44_4 = 1
x45_4 = 1
x7_7 = 1
x16_7 = 1
x17_7 = 1
x20_7 = 1
x33_7 = 1
x37_7 = 1
x42_7 = 1
x43_7 = 1
x48_7 = 1
x3_9 = 1
x10_9 = 1
x27_9 = 1
x28_9 = 1
x29_9 = 1
x30_9 = 1
x32_9 = 1
x47_9 = 1
w4 = 1
w7 = 1
w9 = 1
