Tiempo de corrida total: 0.485166
Tiempo de corrida recorrer el arbol: 0.356586
Valor de la funcion objetivo: 2
x32_2 = 1
x33_2 = 1
x39_2 = 1
x19_4 = 1
x40_4 = 1
w2 = 1
w4 = 1
