Tiempo de corrida total: 1.69006
Tiempo de corrida recorrer el arbol: 0.808675
Valor de la funcion objetivo: 2
x1_2 = 1
x11_2 = 1
x17_2 = 1
x20_2 = 1
x24_2 = 1
x26_10 = 1
x28_10 = 1
x29_10 = 1
x41_10 = 1
x42_10 = 1
w2 = 1
w10 = 1
