Tiempo de corrida total: 0.021951
Tiempo de corrida recorrer el arbol: 0.01546
Valor de la funcion objetivo: 1
x15_4 = 1
x24_4 = 1
x25_4 = 1
x26_4 = 1
x28_4 = 1
w4 = 1
