Tiempo de corrida total: 0.044714
Tiempo de corrida recorrer el arbol: 0.032717
Valor de la funcion objetivo: 1
x2_15 = 1
x10_15 = 1
x11_15 = 1
x12_15 = 1
x15_15 = 1
x17_15 = 1
x18_15 = 1
x24_15 = 1
x25_15 = 1
x26_15 = 1
x27_15 = 1
x30_15 = 1
x36_15 = 1
x39_15 = 1
x40_15 = 1
w15 = 1
