Tiempo de corrida total: 5.12469
Tiempo de corrida recorrer el arbol: 5.10608
Valor de la funcion objetivo: 2
x1_1 = 1
x8_1 = 1
x25_1 = 1
x9_10 = 1
x18_10 = 1
x29_10 = 1
x32_10 = 1
x38_10 = 1
x41_10 = 1
x43_10 = 1
w1 = 1
w10 = 1
