Tiempo de corrida total: 1.08186
Tiempo de corrida recorrer el arbol: 0.146705
Valor de la funcion objetivo: 4
x11_1 = 1
x29_1 = 1
x32_1 = 1
x27_6 = 1
x30_6 = 1
x12_7 = 1
x31_7 = 1
x5_8 = 1
x7_8 = 1
x9_8 = 1
w1 = 1
w6 = 1
w7 = 1
w8 = 1
