Tiempo de corrida total: 0.056581
Tiempo de corrida recorrer el arbol: 0.0407569
Valor de la funcion objetivo: 1
x1_2 = 1
x2_2 = 1
x4_2 = 1
x29_2 = 1
x31_2 = 1
w2 = 1
