Tiempo de corrida total: 0.483563
Tiempo de corrida recorrer el arbol: 0.432588
Valor de la funcion objetivo: 3
x1_1 = 1
x24_1 = 1
x2_3 = 1
x10_3 = 1
x6_4 = 1
w1 = 1
w3 = 1
w4 = 1
