Tiempo de corrida total: 8.17459
Tiempo de corrida recorrer el arbol: 7.73276
Valor de la funcion objetivo: 3
x17_2 = 1
x18_2 = 1
x34_2 = 1
x6_4 = 1
x22_4 = 1
x27_4 = 1
x40_4 = 1
x7_7 = 1
x26_7 = 1
x37_7 = 1
w2 = 1
w4 = 1
w7 = 1
