Tiempo de corrida total: 5.14435
Tiempo de corrida recorrer el arbol: 4.82081
Valor de la funcion objetivo: 3
x12_3 = 1
x13_3 = 1
x32_3 = 1
x4_4 = 1
x17_4 = 1
x33_4 = 1
x5_8 = 1
x15_8 = 1
x22_8 = 1
x40_8 = 1
w3 = 1
w4 = 1
w8 = 1
