Tiempo de corrida total: 8.03975
Tiempo de corrida recorrer el arbol: 7.56853
Valor de la funcion objetivo: 3
x3_2 = 1
x6_2 = 1
x18_2 = 1
x24_2 = 1
x25_2 = 1
x33_2 = 1
x35_2 = 1
x1_5 = 1
x5_5 = 1
x8_5 = 1
x11_5 = 1
x34_5 = 1
x2_20 = 1
x10_20 = 1
x15_20 = 1
x20_20 = 1
x21_20 = 1
x23_20 = 1
x27_20 = 1
x37_20 = 1
w2 = 1
w5 = 1
w20 = 1
