Tiempo de corrida total: 2.99742
Tiempo de corrida recorrer el arbol: 2.77093
Valor de la funcion objetivo: 2
x19_4 = 1
x38_4 = 1
x1_6 = 1
x2_6 = 1
x4_6 = 1
x6_6 = 1
x7_6 = 1
x9_6 = 1
x15_6 = 1
x16_6 = 1
x20_6 = 1
x23_6 = 1
x24_6 = 1
x27_6 = 1
x40_6 = 1
w4 = 1
w6 = 1
