Tiempo de corrida total: 3.59609
Tiempo de corrida recorrer el arbol: 3.12665
Valor de la funcion objetivo: 3
x3_1 = 1
x11_1 = 1
x22_1 = 1
x5_2 = 1
x14_2 = 1
x15_2 = 1
x18_2 = 1
x9_8 = 1
x13_8 = 1
x17_8 = 1
w1 = 1
w2 = 1
w8 = 1
