Tiempo de corrida total: 1.92398
Tiempo de corrida recorrer el arbol: 0.651835
Valor de la funcion objetivo: 5
x20_4 = 1
x27_4 = 1
x30_4 = 1
x6_8 = 1
x9_8 = 1
x12_8 = 1
x24_8 = 1
x8_10 = 1
x18_10 = 1
x21_10 = 1
x1_11 = 1
x16_11 = 1
x23_11 = 1
x2_12 = 1
x10_12 = 1
w4 = 1
w8 = 1
w10 = 1
w11 = 1
w12 = 1
