Tiempo de corrida total: 0.50463
Tiempo de corrida recorrer el arbol: 0.487145
Valor de la funcion objetivo: 2
x2_1 = 1
x27_1 = 1
x40_1 = 1
x29_5 = 1
x39_5 = 1
w1 = 1
w5 = 1
