Tiempo de corrida total: 0.769878
Tiempo de corrida recorrer el arbol: 0.755687
Valor de la funcion objetivo: 2
x1_1 = 1
x3_1 = 1
x5_1 = 1
x7_1 = 1
x9_1 = 1
x13_1 = 1
x16_1 = 1
x17_1 = 1
x20_1 = 1
x24_1 = 1
x27_1 = 1
x34_1 = 1
x35_1 = 1
x48_1 = 1
x6_2 = 1
x11_2 = 1
x26_2 = 1
x33_2 = 1
x47_2 = 1
x50_2 = 1
w1 = 1
w2 = 1
