Tiempo de corrida total: 9.98967
Tiempo de corrida recorrer el arbol: 9.97962
Valor de la funcion objetivo: 3
x14_1 = 1
x19_1 = 1
x38_1 = 1
x8_8 = 1
x21_8 = 1
x25_8 = 1
x11_10 = 1
x22_10 = 1
x27_10 = 1
x40_10 = 1
w1 = 1
w8 = 1
w10 = 1
