Tiempo de corrida total: 0.0907581
Tiempo de corrida recorrer el arbol: 0.0723891
Valor de la funcion objetivo: 2
x1_6 = 1
x4_6 = 1
x16_6 = 1
x17_6 = 1
x18_6 = 1
x25_6 = 1
x3_13 = 1
x5_13 = 1
x10_13 = 1
x15_13 = 1
x21_13 = 1
x23_13 = 1
x27_13 = 1
x29_13 = 1
x30_13 = 1
w6 = 1
w13 = 1
