Tiempo de corrida total: 0.639719
Tiempo de corrida recorrer el arbol: 0.597275
Valor de la funcion objetivo: 3
x24_1 = 1
x30_1 = 1
x15_2 = 1
x17_2 = 1
x20_5 = 1
w1 = 1
w2 = 1
w5 = 1
