Tiempo de corrida total: 0.019984
Tiempo de corrida recorrer el arbol: 0.017817
Valor de la funcion objetivo: 1
x1_1 = 1
x2_1 = 1
x5_1 = 1
x6_1 = 1
x9_1 = 1
x12_1 = 1
x13_1 = 1
x14_1 = 1
x15_1 = 1
x26_1 = 1
w1 = 1
