Tiempo de corrida total: 0.14446
Tiempo de corrida recorrer el arbol: 0.0393889
Valor de la funcion objetivo: 2
x4_7 = 1
x11_7 = 1
x21_7 = 1
x32_7 = 1
x1_12 = 1
x5_12 = 1
x12_12 = 1
x19_12 = 1
x20_12 = 1
x22_12 = 1
x24_12 = 1
x26_12 = 1
x27_12 = 1
x33_12 = 1
x34_12 = 1
x35_12 = 1
x36_12 = 1
x37_12 = 1
x39_12 = 1
x40_12 = 1
w7 = 1
w12 = 1
