Tiempo de corrida total: 2.33997
Tiempo de corrida recorrer el arbol: 0.551138
Valor de la funcion objetivo: 3
x8_6 = 1
x9_6 = 1
x14_6 = 1
x12_9 = 1
x13_9 = 1
x22_9 = 1
x17_10 = 1
x19_10 = 1
x20_10 = 1
x34_10 = 1
w6 = 1
w9 = 1
w10 = 1
