Tiempo de corrida total: 0.20457
Tiempo de corrida recorrer el arbol: 0.192361
Valor de la funcion objetivo: 2
x1_1 = 1
x3_1 = 1
x6_1 = 1
x2_4 = 1
x21_4 = 1
w1 = 1
w4 = 1
