Tiempo de corrida total: 0.02952
Tiempo de corrida recorrer el arbol: 0.00802994
Valor de la funcion objetivo: 1
x15_5 = 1
x35_5 = 1
x38_5 = 1
x39_5 = 1
x40_5 = 1
w5 = 1
