Tiempo de corrida total: 0.116276
Tiempo de corrida recorrer el arbol: 0.026639
Valor de la funcion objetivo: 2
x1_4 = 1
x2_4 = 1
x12_4 = 1
x15_4 = 1
x21_4 = 1
x24_4 = 1
x26_4 = 1
x29_4 = 1
x3_5 = 1
x4_5 = 1
x5_5 = 1
x7_5 = 1
x9_5 = 1
x10_5 = 1
x13_5 = 1
x17_5 = 1
x19_5 = 1
x20_5 = 1
x23_5 = 1
x30_5 = 1
w4 = 1
w5 = 1
