Tiempo de corrida total: 0.0687332
Tiempo de corrida recorrer el arbol: 0.0164769
Valor de la funcion objetivo: 2
x17_2 = 1
x22_2 = 1
x4_4 = 1
x10_4 = 1
x27_4 = 1
w2 = 1
w4 = 1
