Tiempo de corrida total: 0.097645
Tiempo de corrida recorrer el arbol: 0.0445549
Valor de la funcion objetivo: 2
x19_3 = 1
x23_3 = 1
x29_3 = 1
x10_5 = 1
x18_5 = 1
w3 = 1
w5 = 1
