Tiempo de corrida total: 0.311446
Tiempo de corrida recorrer el arbol: 0.243788
Valor de la funcion objetivo: 2
x3_13 = 1
x8_13 = 1
x17_13 = 1
x18_13 = 1
x23_13 = 1
x34_13 = 1
x43_13 = 1
x47_13 = 1
x1_14 = 1
x2_14 = 1
x9_14 = 1
x11_14 = 1
x12_14 = 1
x16_14 = 1
x19_14 = 1
x27_14 = 1
x29_14 = 1
x36_14 = 1
x37_14 = 1
x48_14 = 1
w13 = 1
w14 = 1
