Tiempo de corrida total: 0.198042
Tiempo de corrida recorrer el arbol: 0.0447569
Valor de la funcion objetivo: 2
x1_11 = 1
x12_11 = 1
x13_11 = 1
x17_11 = 1
x18_11 = 1
x24_11 = 1
x29_11 = 1
x33_11 = 1
x34_11 = 1
x2_19 = 1
x5_19 = 1
x9_19 = 1
x16_19 = 1
x19_19 = 1
x26_19 = 1
x31_19 = 1
x37_19 = 1
x38_19 = 1
x39_19 = 1
x40_19 = 1
w11 = 1
w19 = 1
