Tiempo de corrida total: 0.171381
Tiempo de corrida recorrer el arbol: 0.15775
Valor de la funcion objetivo: 2
x9_1 = 1
x12_1 = 1
x13_1 = 1
x8_2 = 1
x14_2 = 1
w1 = 1
w2 = 1
