Tiempo de corrida total: 0.0201569
Tiempo de corrida recorrer el arbol: 0.00627112
Valor de la funcion objetivo: 1
x2_3 = 1
x6_3 = 1
x21_3 = 1
x31_3 = 1
x38_3 = 1
w3 = 1
