Tiempo de corrida total: 0.034961
Tiempo de corrida recorrer el arbol: 0.0160692
Valor de la funcion objetivo: 1
x1_3 = 1
x10_3 = 1
x12_3 = 1
x23_3 = 1
x25_3 = 1
w3 = 1
