Tiempo de corrida total: 0.446512
Tiempo de corrida recorrer el arbol: 0.429108
Valor de la funcion objetivo: 2
x3_14 = 1
x9_14 = 1
x11_14 = 1
x13_14 = 1
x29_14 = 1
x33_14 = 1
x5_15 = 1
x7_15 = 1
x17_15 = 1
x18_15 = 1
x23_15 = 1
x25_15 = 1
x27_15 = 1
x37_15 = 1
x39_15 = 1
w14 = 1
w15 = 1
