Tiempo de corrida total: 0.058944
Tiempo de corrida recorrer el arbol: 0.00726604
Valor de la funcion objetivo: 1
x2_1 = 1
x4_1 = 1
x10_1 = 1
x16_1 = 1
x44_1 = 1
w1 = 1
