Tiempo de corrida total: 0.42305
Tiempo de corrida recorrer el arbol: 0.418165
Valor de la funcion objetivo: 2
x4_1 = 1
x6_1 = 1
x9_1 = 1
x21_1 = 1
x24_1 = 1
x25_1 = 1
x27_1 = 1
x1_20 = 1
x3_20 = 1
x5_20 = 1
x7_20 = 1
x10_20 = 1
x12_20 = 1
x13_20 = 1
x14_20 = 1
x16_20 = 1
x19_20 = 1
x26_20 = 1
x29_20 = 1
x30_20 = 1
w1 = 1
w20 = 1
