Tiempo de corrida total: 0.0281858
Tiempo de corrida recorrer el arbol: 0.00823498
Valor de la funcion objetivo: 1
x1_1 = 1
x2_1 = 1
x7_1 = 1
x10_1 = 1
x13_1 = 1
w1 = 1
