Tiempo de corrida total: 0.47685
Tiempo de corrida recorrer el arbol: 0.455471
Valor de la funcion objetivo: 2
x9_15 = 1
x17_15 = 1
x23_15 = 1
x24_15 = 1
x25_15 = 1
x29_15 = 1
x30_15 = 1
x1_17 = 1
x3_17 = 1
x4_17 = 1
x6_17 = 1
x10_17 = 1
x12_17 = 1
x14_17 = 1
x16_17 = 1
x19_17 = 1
x22_17 = 1
x26_17 = 1
x27_17 = 1
x28_17 = 1
w15 = 1
w17 = 1
