Tiempo de corrida total: 0.189865
Tiempo de corrida recorrer el arbol: 0.0271981
Valor de la funcion objetivo: 4
x23_3 = 1
x30_3 = 1
x5_5 = 1
x16_5 = 1
x19_5 = 1
x27_5 = 1
x3_13 = 1
x4_13 = 1
x6_13 = 1
x11_13 = 1
x21_13 = 1
x1_15 = 1
x8_15 = 1
x10_15 = 1
x15_15 = 1
w3 = 1
w5 = 1
w13 = 1
w15 = 1
