Tiempo de corrida total: 0.152811
Tiempo de corrida recorrer el arbol: 0.063318
Valor de la funcion objetivo: 1
x11_5 = 1
x22_5 = 1
x25_5 = 1
x26_5 = 1
x32_5 = 1
w5 = 1
