Tiempo de corrida total: 0.682025
Tiempo de corrida recorrer el arbol: 0.0847499
Valor de la funcion objetivo: 3
x4_4 = 1
x6_4 = 1
x9_4 = 1
x10_4 = 1
x12_4 = 1
x20_4 = 1
x3_5 = 1
x5_5 = 1
x14_5 = 1
x18_5 = 1
x24_5 = 1
x27_5 = 1
x29_5 = 1
x30_5 = 1
x1_18 = 1
x2_18 = 1
x17_18 = 1
x22_18 = 1
x23_18 = 1
x26_18 = 1
w4 = 1
w5 = 1
w18 = 1
