Tiempo de corrida total: 5.63252
Tiempo de corrida recorrer el arbol: 5.39358
Valor de la funcion objetivo: 4
x5_2 = 1
x21_2 = 1
x26_2 = 1
x11_3 = 1
x25_3 = 1
x2_5 = 1
x17_5 = 1
x30_5 = 1
x1_6 = 1
x27_6 = 1
w2 = 1
w3 = 1
w5 = 1
w6 = 1
