Tiempo de corrida total: 0.633424
Tiempo de corrida recorrer el arbol: 0.627507
Valor de la funcion objetivo: 2
x1_1 = 1
x2_1 = 1
x6_1 = 1
x8_1 = 1
x9_1 = 1
x20_1 = 1
x29_1 = 1
x7_2 = 1
x16_2 = 1
x40_2 = 1
w1 = 1
w2 = 1
