Tiempo de corrida total: 0.080158
Tiempo de corrida recorrer el arbol: 0.051626
Valor de la funcion objetivo: 1
x1_15 = 1
x2_15 = 1
x3_15 = 1
x8_15 = 1
x11_15 = 1
x18_15 = 1
x19_15 = 1
x21_15 = 1
x22_15 = 1
x28_15 = 1
x30_15 = 1
x31_15 = 1
x32_15 = 1
x35_15 = 1
x38_15 = 1
w15 = 1
