Tiempo de corrida total: 0.0131371
Tiempo de corrida recorrer el arbol: 0.00842786
Valor de la funcion objetivo: 1
x2_3 = 1
x6_3 = 1
x15_3 = 1
x21_3 = 1
x25_3 = 1
w3 = 1
