Tiempo de corrida total: 2.75914
Tiempo de corrida recorrer el arbol: 2.66887
Valor de la funcion objetivo: 2
x1_9 = 1
x2_9 = 1
x10_9 = 1
x14_9 = 1
x16_9 = 1
x17_9 = 1
x18_9 = 1
x21_9 = 1
x22_9 = 1
x27_9 = 1
x38_9 = 1
x6_13 = 1
x19_13 = 1
x20_13 = 1
x34_13 = 1
w9 = 1
w13 = 1
