Tiempo de corrida total: 1.38477
Tiempo de corrida recorrer el arbol: 1.30747
Valor de la funcion objetivo: 2
x1_3 = 1
x7_3 = 1
x9_5 = 1
x30_5 = 1
x32_5 = 1
w3 = 1
w5 = 1
