Tiempo de corrida total: 0.166013
Tiempo de corrida recorrer el arbol: 0.0581021
Valor de la funcion objetivo: 2
x9_8 = 1
x10_8 = 1
x16_8 = 1
x17_8 = 1
x20_8 = 1
x31_8 = 1
x32_8 = 1
x37_8 = 1
x3_13 = 1
x11_13 = 1
x12_13 = 1
x13_13 = 1
x19_13 = 1
x21_13 = 1
x24_13 = 1
x27_13 = 1
x28_13 = 1
x30_13 = 1
x36_13 = 1
x40_13 = 1
w8 = 1
w13 = 1
