Tiempo de corrida total: 0.469435
Tiempo de corrida recorrer el arbol: 0.375526
Valor de la funcion objetivo: 2
x14_2 = 1
x28_2 = 1
x5_3 = 1
x13_3 = 1
x18_3 = 1
w2 = 1
w3 = 1
