Tiempo de corrida total: 1.54097
Tiempo de corrida recorrer el arbol: 1.42688
Valor de la funcion objetivo: 3
x2_1 = 1
x9_1 = 1
x11_1 = 1
x14_1 = 1
x17_1 = 1
x22_1 = 1
x28_1 = 1
x3_7 = 1
x13_7 = 1
x30_7 = 1
x1_11 = 1
x5_11 = 1
x15_11 = 1
x19_11 = 1
x29_11 = 1
w1 = 1
w7 = 1
w11 = 1
