Tiempo de corrida total: 0.160341
Tiempo de corrida recorrer el arbol: 0.152126
Valor de la funcion objetivo: 2
x5_3 = 1
x6_3 = 1
x11_3 = 1
x16_3 = 1
x24_3 = 1
x26_3 = 1
x23_4 = 1
x27_4 = 1
x28_4 = 1
x30_4 = 1
w3 = 1
w4 = 1
