Tiempo de corrida total: 2.16984
Tiempo de corrida recorrer el arbol: 1.99176
Valor de la funcion objetivo: 2
x5_1 = 1
x15_1 = 1
x30_1 = 1
x32_1 = 1
x37_1 = 1
x1_15 = 1
x3_15 = 1
x7_15 = 1
x10_15 = 1
x19_15 = 1
x21_15 = 1
x25_15 = 1
x26_15 = 1
x27_15 = 1
x36_15 = 1
w1 = 1
w15 = 1
