Tiempo de corrida total: 1.52126
Tiempo de corrida recorrer el arbol: 1.29845
Valor de la funcion objetivo: 2
x16_1 = 1
x18_1 = 1
x29_1 = 1
x30_1 = 1
x34_1 = 1
x3_9 = 1
x12_9 = 1
x15_9 = 1
x33_9 = 1
x40_9 = 1
w1 = 1
w9 = 1
