Tiempo de corrida total: 2.31738
Tiempo de corrida recorrer el arbol: 2.26407
Valor de la funcion objetivo: 2
x5_3 = 1
x14_3 = 1
x16_3 = 1
x34_3 = 1
x37_3 = 1
x39_3 = 1
x2_4 = 1
x12_4 = 1
x13_4 = 1
x36_4 = 1
w3 = 1
w4 = 1
