Tiempo de corrida total: 0.0141768
Tiempo de corrida recorrer el arbol: 0.00727606
Valor de la funcion objetivo: 1
x6_1 = 1
x9_1 = 1
x13_1 = 1
x18_1 = 1
x39_1 = 1
w1 = 1
