Tiempo de corrida total: 0.0745511
Tiempo de corrida recorrer el arbol: 0.0102391
Valor de la funcion objetivo: 2
x1_9 = 1
x6_9 = 1
x9_9 = 1
x18_9 = 1
x20_9 = 1
x21_9 = 1
x28_9 = 1
x3_11 = 1
x7_11 = 1
x12_11 = 1
x14_11 = 1
x16_11 = 1
x25_11 = 1
x26_11 = 1
x29_11 = 1
w9 = 1
w11 = 1
