Tiempo de corrida total: 1.39239
Tiempo de corrida recorrer el arbol: 1.36452
Valor de la funcion objetivo: 2
x4_1 = 1
x9_1 = 1
x10_1 = 1
x16_1 = 1
x20_1 = 1
x23_1 = 1
x24_1 = 1
x28_1 = 1
x8_4 = 1
x12_4 = 1
x15_4 = 1
x18_4 = 1
x21_4 = 1
x27_4 = 1
x30_4 = 1
w1 = 1
w4 = 1
