Tiempo de corrida total: 0.183315
Tiempo de corrida recorrer el arbol: 0.0466549
Valor de la funcion objetivo: 2
x1_6 = 1
x5_6 = 1
x29_6 = 1
x6_12 = 1
x9_12 = 1
x11_12 = 1
x14_12 = 1
x17_12 = 1
x18_12 = 1
x21_12 = 1
x30_12 = 1
x31_12 = 1
x36_12 = 1
x37_12 = 1
x40_12 = 1
w6 = 1
w12 = 1
