Tiempo de corrida total: 2.95627
Tiempo de corrida recorrer el arbol: 2.76774
Valor de la funcion objetivo: 3
x6_12 = 1
x13_12 = 1
x17_12 = 1
x18_12 = 1
x24_12 = 1
x27_12 = 1
x28_12 = 1
x3_13 = 1
x14_13 = 1
x20_13 = 1
x23_13 = 1
x26_13 = 1
x29_13 = 1
x4_15 = 1
x9_15 = 1
x10_15 = 1
x12_15 = 1
x19_15 = 1
x25_15 = 1
x30_15 = 1
w12 = 1
w13 = 1
w15 = 1
