Tiempo de corrida total: 1.54409
Tiempo de corrida recorrer el arbol: 1.51232
Valor de la funcion objetivo: 2
x1_7 = 1
x17_7 = 1
x18_7 = 1
x30_7 = 1
x31_7 = 1
x38_7 = 1
x13_10 = 1
x15_10 = 1
x22_10 = 1
x35_10 = 1
w7 = 1
w10 = 1
