Tiempo de corrida total: 0.750975
Tiempo de corrida recorrer el arbol: 0.0781949
Valor de la funcion objetivo: 3
x11_6 = 1
x12_6 = 1
x17_6 = 1
x27_6 = 1
x32_6 = 1
x37_6 = 1
x13_14 = 1
x19_14 = 1
x20_14 = 1
x29_14 = 1
x39_14 = 1
x1_17 = 1
x3_17 = 1
x5_17 = 1
x9_17 = 1
x10_17 = 1
x16_17 = 1
x28_17 = 1
x34_17 = 1
x36_17 = 1
w6 = 1
w14 = 1
w17 = 1
