Tiempo de corrida total: 0.611179
Tiempo de corrida recorrer el arbol: 0.606249
Valor de la funcion objetivo: 2
x1_1 = 1
x3_1 = 1
x4_1 = 1
x6_1 = 1
x8_1 = 1
x9_1 = 1
x10_1 = 1
x12_1 = 1
x13_1 = 1
x15_1 = 1
x24_1 = 1
x32_1 = 1
x2_2 = 1
x18_2 = 1
x40_2 = 1
w1 = 1
w2 = 1
