Tiempo de corrida total: 2.04172
Tiempo de corrida recorrer el arbol: 1.83442
Valor de la funcion objetivo: 2
x5_4 = 1
x12_4 = 1
x18_4 = 1
x25_4 = 1
x34_4 = 1
x7_6 = 1
x15_6 = 1
x31_6 = 1
x36_6 = 1
x40_6 = 1
w4 = 1
w6 = 1
