Tiempo de corrida total: 0.114313
Tiempo de corrida recorrer el arbol: 0.0483439
Valor de la funcion objetivo: 1
x14_4 = 1
x24_4 = 1
x25_4 = 1
x27_4 = 1
x29_4 = 1
w4 = 1
