Tiempo de corrida total: 0.331039
Tiempo de corrida recorrer el arbol: 0.259379
Valor de la funcion objetivo: 2
x12_8 = 1
x32_8 = 1
x34_8 = 1
x3_14 = 1
x5_14 = 1
x11_14 = 1
x16_14 = 1
x26_14 = 1
x30_14 = 1
x37_14 = 1
x41_14 = 1
x44_14 = 1
x47_14 = 1
x48_14 = 1
x49_14 = 1
w8 = 1
w14 = 1
