Tiempo de corrida total: 0.192049
Tiempo de corrida recorrer el arbol: 0.043313
Valor de la funcion objetivo: 1
x3_1 = 1
x13_1 = 1
x33_1 = 1
x36_1 = 1
x42_1 = 1
w1 = 1
