Tiempo de corrida total: 0.472627
Tiempo de corrida recorrer el arbol: 0.43734
Valor de la funcion objetivo: 1
x12_4 = 1
x16_4 = 1
x17_4 = 1
x25_4 = 1
x27_4 = 1
w4 = 1
