Tiempo de corrida total: 0.0911019
Tiempo de corrida recorrer el arbol: 0.0177379
Valor de la funcion objetivo: 1
x1_4 = 1
x11_4 = 1
x16_4 = 1
x27_4 = 1
x30_4 = 1
w4 = 1
