Tiempo de corrida total: 1.95118
Tiempo de corrida recorrer el arbol: 1.66553
Valor de la funcion objetivo: 1
x7_1 = 1
x12_1 = 1
x13_1 = 1
x17_1 = 1
x18_1 = 1
w1 = 1
