Tiempo de corrida total: 0.44824
Tiempo de corrida recorrer el arbol: 0.377753
Valor de la funcion objetivo: 2
x1_4 = 1
x12_4 = 1
x29_4 = 1
x13_5 = 1
x19_5 = 1
w4 = 1
w5 = 1
