Tiempo de corrida total: 9.84969
Tiempo de corrida recorrer el arbol: 9.80324
Valor de la funcion objetivo: 3
x4_10 = 1
x14_10 = 1
x20_10 = 1
x21_10 = 1
x23_10 = 1
x26_10 = 1
x29_10 = 1
x16_14 = 1
x18_14 = 1
x19_14 = 1
x25_14 = 1
x27_14 = 1
x30_14 = 1
x5_18 = 1
x9_18 = 1
x10_18 = 1
x11_18 = 1
x12_18 = 1
x17_18 = 1
x24_18 = 1
w10 = 1
w14 = 1
w18 = 1
