Tiempo de corrida total: 0.0296211
Tiempo de corrida recorrer el arbol: 0.00586009
Valor de la funcion objetivo: 1
x3_1 = 1
x8_1 = 1
x9_1 = 1
x14_1 = 1
x35_1 = 1
w1 = 1
