Tiempo de corrida total: 0.0845411
Tiempo de corrida recorrer el arbol: 0.0401342
Valor de la funcion objetivo: 1
x10_4 = 1
x17_4 = 1
x20_4 = 1
x24_4 = 1
x29_4 = 1
w4 = 1
