Tiempo de corrida total: 0.491821
Tiempo de corrida recorrer el arbol: 0.486817
Valor de la funcion objetivo: 2
x1_1 = 1
x2_1 = 1
x3_1 = 1
x5_1 = 1
x10_1 = 1
x12_1 = 1
x14_1 = 1
x18_1 = 1
x19_1 = 1
x23_1 = 1
x26_1 = 1
x29_1 = 1
x30_1 = 1
x4_2 = 1
x8_2 = 1
x9_2 = 1
x17_2 = 1
x24_2 = 1
x25_2 = 1
x27_2 = 1
w1 = 1
w2 = 1
