Tiempo de corrida total: 2.59272
Tiempo de corrida recorrer el arbol: 2.45819
Valor de la funcion objetivo: 2
x1_3 = 1
x3_3 = 1
x8_3 = 1
x9_3 = 1
x17_3 = 1
x18_3 = 1
x25_3 = 1
x26_3 = 1
x28_3 = 1
x34_3 = 1
x37_3 = 1
x44_3 = 1
x7_5 = 1
x31_5 = 1
x41_5 = 1
w3 = 1
w5 = 1
