Tiempo de corrida total: 0.154834
Tiempo de corrida recorrer el arbol: 0.05161
Valor de la funcion objetivo: 1
x4_3 = 1
x6_3 = 1
x10_3 = 1
x11_3 = 1
x13_3 = 1
x16_3 = 1
x19_3 = 1
x20_3 = 1
x22_3 = 1
x23_3 = 1
x33_3 = 1
x40_3 = 1
x44_3 = 1
x49_3 = 1
x50_3 = 1
w3 = 1
