Tiempo de corrida total: 0.917747
Tiempo de corrida recorrer el arbol: 0.352642
Valor de la funcion objetivo: 1
x8_5 = 1
x11_5 = 1
x13_5 = 1
x18_5 = 1
x22_5 = 1
x23_5 = 1
x24_5 = 1
x31_5 = 1
x42_5 = 1
x49_5 = 1
w5 = 1
