Tiempo de corrida total: 0.24824
Tiempo de corrida recorrer el arbol: 0.201627
Valor de la funcion objetivo: 2
x11_1 = 1
x25_1 = 1
x9_4 = 1
x23_4 = 1
x26_4 = 1
w1 = 1
w4 = 1
