Tiempo de corrida total: 0.102435
Tiempo de corrida recorrer el arbol: 0.0423169
Valor de la funcion objetivo: 2
x1_11 = 1
x5_11 = 1
x9_11 = 1
x11_11 = 1
x15_11 = 1
x26_11 = 1
x29_11 = 1
x37_11 = 1
x39_11 = 1
x40_11 = 1
x18_12 = 1
x20_12 = 1
x21_12 = 1
x27_12 = 1
x28_12 = 1
w11 = 1
w12 = 1
