Tiempo de corrida total: 1.54063
Tiempo de corrida recorrer el arbol: 0.454534
Valor de la funcion objetivo: 4
x15_1 = 1
x25_1 = 1
x16_5 = 1
x24_5 = 1
x34_7 = 1
x35_7 = 1
x36_7 = 1
x12_9 = 1
x13_9 = 1
x29_9 = 1
w1 = 1
w5 = 1
w7 = 1
w9 = 1
