Tiempo de corrida total: 0.549582
Tiempo de corrida recorrer el arbol: 0.543773
Valor de la funcion objetivo: 2
x2_1 = 1
x3_1 = 1
x7_1 = 1
x16_1 = 1
x17_1 = 1
x22_1 = 1
x24_1 = 1
x27_1 = 1
x30_1 = 1
x33_1 = 1
x34_1 = 1
x4_2 = 1
x13_2 = 1
x18_2 = 1
x21_2 = 1
w1 = 1
w2 = 1
