Tiempo de corrida total: 0.0152979
Tiempo de corrida recorrer el arbol: 0.0140071
Valor de la funcion objetivo: 1
x1_1 = 1
x2_1 = 1
x3_1 = 1
x15_1 = 1
x36_1 = 1
w1 = 1
