Tiempo de corrida total: 0.016422
Tiempo de corrida recorrer el arbol: 0.00944114
Valor de la funcion objetivo: 1
x9_2 = 1
x10_2 = 1
x14_2 = 1
x27_2 = 1
x37_2 = 1
w2 = 1
