Tiempo de corrida total: 0.269068
Tiempo de corrida recorrer el arbol: 0.0308051
Valor de la funcion objetivo: 1
x12_2 = 1
x22_2 = 1
x27_2 = 1
x40_2 = 1
x42_2 = 1
w2 = 1
