Tiempo de corrida total: 0.296065
Tiempo de corrida recorrer el arbol: 0.0312271
Valor de la funcion objetivo: 2
x14_5 = 1
x24_5 = 1
x38_5 = 1
x41_5 = 1
x48_5 = 1
x3_15 = 1
x8_15 = 1
x18_15 = 1
x20_15 = 1
x25_15 = 1
x27_15 = 1
x29_15 = 1
x30_15 = 1
x31_15 = 1
x36_15 = 1
w5 = 1
w15 = 1
