Tiempo de corrida total: 0.040885
Tiempo de corrida recorrer el arbol: 0.0231371
Valor de la funcion objetivo: 1
x5_1 = 1
x9_1 = 1
x24_1 = 1
x28_1 = 1
x29_1 = 1
w1 = 1
