Tiempo de corrida total: 0.101517
Tiempo de corrida recorrer el arbol: 0.044421
Valor de la funcion objetivo: 1
x1_2 = 1
x4_2 = 1
x7_2 = 1
x18_2 = 1
x20_2 = 1
w2 = 1
