Tiempo de corrida total: 0.218759
Tiempo de corrida recorrer el arbol: 0.04966
Valor de la funcion objetivo: 1
x1_1 = 1
x2_1 = 1
x3_1 = 1
x8_1 = 1
x18_1 = 1
x19_1 = 1
x21_1 = 1
x22_1 = 1
x28_1 = 1
x29_1 = 1
x31_1 = 1
x34_1 = 1
x35_1 = 1
x38_1 = 1
x48_1 = 1
w1 = 1
