Tiempo de corrida total: 2.56742
Tiempo de corrida recorrer el arbol: 0.970765
Valor de la funcion objetivo: 2
x18_4 = 1
x35_4 = 1
x40_4 = 1
x48_4 = 1
x4_7 = 1
x16_7 = 1
x25_7 = 1
x28_7 = 1
x36_7 = 1
x49_7 = 1
w4 = 1
w7 = 1
