Tiempo de corrida total: 0.116223
Tiempo de corrida recorrer el arbol: 0.0581031
Valor de la funcion objetivo: 2
x19_1 = 1
x22_1 = 1
x7_4 = 1
x10_4 = 1
x13_4 = 1
w1 = 1
w4 = 1
