Tiempo de corrida total: 0.146192
Tiempo de corrida recorrer el arbol: 0.133032
Valor de la funcion objetivo: 2
x1_11 = 1
x2_11 = 1
x5_11 = 1
x10_11 = 1
x11_11 = 1
x14_11 = 1
x16_11 = 1
x17_11 = 1
x12_12 = 1
x23_12 = 1
x24_12 = 1
x26_12 = 1
x27_12 = 1
x28_12 = 1
x29_12 = 1
w11 = 1
w12 = 1
