Tiempo de corrida total: 0.52748
Tiempo de corrida recorrer el arbol: 0.161509
Valor de la funcion objetivo: 2
x21_2 = 1
x25_2 = 1
x19_5 = 1
x23_5 = 1
x37_5 = 1
w2 = 1
w5 = 1
