Tiempo de corrida total: 0.997135
Tiempo de corrida recorrer el arbol: 0.905578
Valor de la funcion objetivo: 3
x4_13 = 1
x10_13 = 1
x16_13 = 1
x27_13 = 1
x24_14 = 1
x1_16 = 1
x2_16 = 1
x6_16 = 1
x8_16 = 1
x9_16 = 1
x14_16 = 1
x17_16 = 1
x18_16 = 1
x19_16 = 1
x20_16 = 1
x22_16 = 1
x23_16 = 1
x28_16 = 1
x29_16 = 1
x30_16 = 1
w13 = 1
w14 = 1
w16 = 1
