Tiempo de corrida total: 2.53159
Tiempo de corrida recorrer el arbol: 2.47766
Valor de la funcion objetivo: 2
x4_1 = 1
x5_1 = 1
x11_1 = 1
x13_1 = 1
x18_1 = 1
x19_1 = 1
x20_1 = 1
x45_1 = 1
x6_12 = 1
x16_12 = 1
x24_12 = 1
x29_12 = 1
x30_12 = 1
x39_12 = 1
x48_12 = 1
w1 = 1
w12 = 1
