Tiempo de corrida total: 0.53971
Tiempo de corrida recorrer el arbol: 0.471978
Valor de la funcion objetivo: 2
x4_12 = 1
x17_12 = 1
x29_12 = 1
x33_12 = 1
x35_12 = 1
x44_12 = 1
x9_13 = 1
x19_13 = 1
x20_13 = 1
x23_13 = 1
x24_13 = 1
x25_13 = 1
x26_13 = 1
x30_13 = 1
x32_13 = 1
x34_13 = 1
x43_13 = 1
x45_13 = 1
x46_13 = 1
x50_13 = 1
w12 = 1
w13 = 1
