Tiempo de corrida total: 0.071589
Tiempo de corrida recorrer el arbol: 0.00728106
Valor de la funcion objetivo: 2
x10_6 = 1
x16_6 = 1
x20_6 = 1
x22_6 = 1
x25_6 = 1
x27_6 = 1
x28_6 = 1
x3_10 = 1
x4_10 = 1
x7_10 = 1
x9_10 = 1
x14_10 = 1
x21_10 = 1
x24_10 = 1
x26_10 = 1
w6 = 1
w10 = 1
