Tiempo de corrida total: 0.0978479
Tiempo de corrida recorrer el arbol: 0.0425692
Valor de la funcion objetivo: 1
x1_2 = 1
x2_2 = 1
x6_2 = 1
x7_2 = 1
x11_2 = 1
w2 = 1
