Tiempo de corrida total: 0.0708899
Tiempo de corrida recorrer el arbol: 0.02143
Valor de la funcion objetivo: 2
x1_7 = 1
x5_7 = 1
x16_7 = 1
x20_7 = 1
x25_7 = 1
x28_7 = 1
x3_10 = 1
x8_10 = 1
x10_10 = 1
x11_10 = 1
x15_10 = 1
x23_10 = 1
x27_10 = 1
x29_10 = 1
x30_10 = 1
w7 = 1
w10 = 1
