Tiempo de corrida total: 0.142158
Tiempo de corrida recorrer el arbol: 0.0330231
Valor de la funcion objetivo: 2
x2_10 = 1
x6_10 = 1
x11_10 = 1
x19_10 = 1
x22_10 = 1
x23_10 = 1
x25_10 = 1
x26_10 = 1
x4_12 = 1
x5_12 = 1
x9_12 = 1
x10_12 = 1
x12_12 = 1
x17_12 = 1
x18_12 = 1
x20_12 = 1
x24_12 = 1
x27_12 = 1
x29_12 = 1
x30_12 = 1
w10 = 1
w12 = 1
