Tiempo de corrida total: 0.152981
Tiempo de corrida recorrer el arbol: 0.038584
Valor de la funcion objetivo: 1
x5_1 = 1
x16_1 = 1
x18_1 = 1
x23_1 = 1
x50_1 = 1
w1 = 1
