Tiempo de corrida total: 0.19268
Tiempo de corrida recorrer el arbol: 0.0635109
Valor de la funcion objetivo: 1
x2_1 = 1
x27_1 = 1
x38_1 = 1
x39_1 = 1
x47_1 = 1
w1 = 1
