Tiempo de corrida total: 0.763816
Tiempo de corrida recorrer el arbol: 0.733134
Valor de la funcion objetivo: 2
x3_1 = 1
x6_1 = 1
x9_1 = 1
x12_3 = 1
x32_3 = 1
w1 = 1
w3 = 1
