Tiempo de corrida total: 0.0423961
Tiempo de corrida recorrer el arbol: 0.01581
Valor de la funcion objetivo: 1
x13_4 = 1
x18_4 = 1
x20_4 = 1
x23_4 = 1
x29_4 = 1
w4 = 1
