Tiempo de corrida total: 0.545164
Tiempo de corrida recorrer el arbol: 0.504842
Valor de la funcion objetivo: 2
x1_6 = 1
x5_6 = 1
x9_6 = 1
x15_6 = 1
x18_6 = 1
x23_6 = 1
x25_6 = 1
x29_6 = 1
x36_6 = 1
x3_20 = 1
x7_20 = 1
x8_20 = 1
x12_20 = 1
x17_20 = 1
x19_20 = 1
x24_20 = 1
x26_20 = 1
x27_20 = 1
x38_20 = 1
x40_20 = 1
w6 = 1
w20 = 1
