Tiempo de corrida total: 0.157162
Tiempo de corrida recorrer el arbol: 0.0558059
Valor de la funcion objetivo: 2
x4_2 = 1
x10_2 = 1
x27_2 = 1
x8_5 = 1
x22_5 = 1
w2 = 1
w5 = 1
