Tiempo de corrida total: 0.816727
Tiempo de corrida recorrer el arbol: 0.485118
Valor de la funcion objetivo: 2
x5_3 = 1
x12_3 = 1
x22_3 = 1
x40_3 = 1
x45_3 = 1
x6_11 = 1
x7_11 = 1
x10_11 = 1
x20_11 = 1
x27_11 = 1
x30_11 = 1
x34_11 = 1
x37_11 = 1
x43_11 = 1
x49_11 = 1
w3 = 1
w11 = 1
