Tiempo de corrida total: 2.74882
Tiempo de corrida recorrer el arbol: 2.60265
Valor de la funcion objetivo: 2
x7_8 = 1
x8_8 = 1
x10_8 = 1
x14_8 = 1
x5_10 = 1
x11_10 = 1
x15_10 = 1
x18_10 = 1
x19_10 = 1
x22_10 = 1
w8 = 1
w10 = 1
