Tiempo de corrida total: 0.265697
Tiempo de corrida recorrer el arbol: 0.105122
Valor de la funcion objetivo: 1
x1_15 = 1
x10_15 = 1
x12_15 = 1
x16_15 = 1
x19_15 = 1
x20_15 = 1
x21_15 = 1
x22_15 = 1
x26_15 = 1
x28_15 = 1
x29_15 = 1
x32_15 = 1
x43_15 = 1
x47_15 = 1
x49_15 = 1
w15 = 1
