Tiempo de corrida total: 0.325925
Tiempo de corrida recorrer el arbol: 0.319677
Valor de la funcion objetivo: 2
x2_9 = 1
x10_9 = 1
x11_9 = 1
x16_9 = 1
x18_9 = 1
x22_9 = 1
x23_9 = 1
x3_15 = 1
x7_15 = 1
x8_15 = 1
x12_15 = 1
x13_15 = 1
x17_15 = 1
x24_15 = 1
x28_15 = 1
w9 = 1
w15 = 1
