Tiempo de corrida total: 3.58165
Tiempo de corrida recorrer el arbol: 3.29892
Valor de la funcion objetivo: 3
x1_3 = 1
x7_3 = 1
x12_3 = 1
x15_3 = 1
x22_3 = 1
x16_4 = 1
x38_4 = 1
x10_8 = 1
x17_8 = 1
x34_8 = 1
w3 = 1
w4 = 1
w8 = 1
