Tiempo de corrida total: 0.0312459
Tiempo de corrida recorrer el arbol: 0.00891709
Valor de la funcion objetivo: 1
x2_2 = 1
x5_2 = 1
x6_2 = 1
x12_2 = 1
x38_2 = 1
w2 = 1
