Tiempo de corrida total: 0.0524261
Tiempo de corrida recorrer el arbol: 0.0114622
Valor de la funcion objetivo: 1
x2_2 = 1
x6_2 = 1
x7_2 = 1
x8_2 = 1
x25_2 = 1
w2 = 1
