Tiempo de corrida total: 0.0135751
Tiempo de corrida recorrer el arbol: 0.005862
Valor de la funcion objetivo: 1
x1_1 = 1
x2_1 = 1
x5_1 = 1
x6_1 = 1
x13_1 = 1
x15_1 = 1
x16_1 = 1
x17_1 = 1
x18_1 = 1
x21_1 = 1
w1 = 1
