Tiempo de corrida total: 0.793404
Tiempo de corrida recorrer el arbol: 0.78688
Valor de la funcion objetivo: 2
x1_1 = 1
x2_1 = 1
x4_1 = 1
x8_1 = 1
x9_1 = 1
x16_1 = 1
x18_1 = 1
x19_1 = 1
x21_1 = 1
x26_1 = 1
x33_1 = 1
x34_1 = 1
x50_1 = 1
x20_2 = 1
x36_2 = 1
w1 = 1
w2 = 1
