Tiempo de corrida total: 0.0359521
Tiempo de corrida recorrer el arbol: 0.00984597
Valor de la funcion objetivo: 1
x21_5 = 1
x24_5 = 1
x25_5 = 1
x26_5 = 1
x28_5 = 1
w5 = 1
