Tiempo de corrida total: 1.60534
Tiempo de corrida recorrer el arbol: 1.45182
Valor de la funcion objetivo: 3
x6_2 = 1
x9_2 = 1
x12_2 = 1
x19_2 = 1
x23_2 = 1
x26_2 = 1
x2_3 = 1
x4_3 = 1
x16_3 = 1
x18_3 = 1
x25_3 = 1
x29_3 = 1
x30_3 = 1
x3_15 = 1
x5_15 = 1
x7_15 = 1
x17_15 = 1
x20_15 = 1
x27_15 = 1
x28_15 = 1
w2 = 1
w3 = 1
w15 = 1
