Tiempo de corrida total: 0.267973
Tiempo de corrida recorrer el arbol: 0.263041
Valor de la funcion objetivo: 2
x6_2 = 1
x14_2 = 1
x27_2 = 1
x2_3 = 1
x17_3 = 1
w2 = 1
w3 = 1
