Tiempo de corrida total: 0.378088
Tiempo de corrida recorrer el arbol: 0.099062
Valor de la funcion objetivo: 3
x16_14 = 1
x20_14 = 1
x23_14 = 1
x40_14 = 1
x3_17 = 1
x10_17 = 1
x19_17 = 1
x21_17 = 1
x24_17 = 1
x30_17 = 1
x32_17 = 1
x34_17 = 1
x11_19 = 1
x12_19 = 1
x13_19 = 1
x18_19 = 1
x26_19 = 1
x27_19 = 1
x36_19 = 1
x39_19 = 1
w14 = 1
w17 = 1
w19 = 1
