Tiempo de corrida total: 0.442084
Tiempo de corrida recorrer el arbol: 0.0245638
Valor de la funcion objetivo: 3
x3_1 = 1
x4_1 = 1
x5_1 = 1
x18_1 = 1
x22_1 = 1
x30_1 = 1
x2_2 = 1
x6_2 = 1
x10_2 = 1
x14_2 = 1
x16_2 = 1
x25_2 = 1
x27_2 = 1
x28_2 = 1
x29_2 = 1
x1_9 = 1
x9_9 = 1
x12_9 = 1
x17_9 = 1
x24_9 = 1
w1 = 1
w2 = 1
w9 = 1
