Tiempo de corrida total: 1.19504
Tiempo de corrida recorrer el arbol: 0.155057
Valor de la funcion objetivo: 3
x14_6 = 1
x15_6 = 1
x26_6 = 1
x35_6 = 1
x36_6 = 1
x38_6 = 1
x13_10 = 1
x22_10 = 1
x25_10 = 1
x30_10 = 1
x32_10 = 1
x33_10 = 1
x34_10 = 1
x1_19 = 1
x5_19 = 1
x6_19 = 1
x19_19 = 1
x24_19 = 1
x27_19 = 1
x37_19 = 1
w6 = 1
w10 = 1
w19 = 1
