Tiempo de corrida total: 0.0246601
Tiempo de corrida recorrer el arbol: 0.0234749
Valor de la funcion objetivo: 1
x2_1 = 1
x6_1 = 1
x10_1 = 1
x12_1 = 1
x26_1 = 1
w1 = 1
