Tiempo de corrida total: 0.631536
Tiempo de corrida recorrer el arbol: 0.080601
Valor de la funcion objetivo: 1
x1_4 = 1
x7_4 = 1
x13_4 = 1
x28_4 = 1
x29_4 = 1
w4 = 1
