Tiempo de corrida total: 0.315341
Tiempo de corrida recorrer el arbol: 0.026073
Valor de la funcion objetivo: 1
x4_3 = 1
x5_3 = 1
x6_3 = 1
x12_3 = 1
x15_3 = 1
x20_3 = 1
x35_3 = 1
x37_3 = 1
x39_3 = 1
x49_3 = 1
w3 = 1
