Tiempo de corrida total: 0.0409689
Tiempo de corrida recorrer el arbol: 0.00566602
Valor de la funcion objetivo: 1
x1_2 = 1
x3_2 = 1
x4_2 = 1
x10_2 = 1
x15_2 = 1
w2 = 1
