Tiempo de corrida total: 1.73498
Tiempo de corrida recorrer el arbol: 0.58052
Valor de la funcion objetivo: 4
x12_1 = 1
x13_1 = 1
x29_1 = 1
x7_3 = 1
x34_3 = 1
x35_3 = 1
x22_6 = 1
x32_6 = 1
x3_7 = 1
x36_7 = 1
w1 = 1
w3 = 1
w6 = 1
w7 = 1
