Tiempo de corrida total: 0.0537722
Tiempo de corrida recorrer el arbol: 0.020618
Valor de la funcion objetivo: 1
x1_3 = 1
x3_3 = 1
x6_3 = 1
x28_3 = 1
x49_3 = 1
w3 = 1
