Tiempo de corrida total: 3.32318
Tiempo de corrida recorrer el arbol: 3.26102
Valor de la funcion objetivo: 2
x18_8 = 1
x21_8 = 1
x27_8 = 1
x29_8 = 1
x31_8 = 1
x41_8 = 1
x44_8 = 1
x4_20 = 1
x5_20 = 1
x9_20 = 1
x11_20 = 1
x12_20 = 1
x16_20 = 1
x22_20 = 1
x23_20 = 1
x30_20 = 1
x32_20 = 1
x35_20 = 1
x43_20 = 1
x49_20 = 1
w8 = 1
w20 = 1
