Tiempo de corrida total: 1.13548
Tiempo de corrida recorrer el arbol: 0.160583
Valor de la funcion objetivo: 2
x1_13 = 1
x2_13 = 1
x11_13 = 1
x12_13 = 1
x16_13 = 1
x18_13 = 1
x20_13 = 1
x36_13 = 1
x48_13 = 1
x9_14 = 1
x15_14 = 1
x24_14 = 1
x25_14 = 1
x28_14 = 1
x35_14 = 1
w13 = 1
w14 = 1
