Tiempo de corrida total: 0.944889
Tiempo de corrida recorrer el arbol: 0.803522
Valor de la funcion objetivo: 2
x5_5 = 1
x18_5 = 1
x25_5 = 1
x34_5 = 1
x2_7 = 1
x10_7 = 1
x17_7 = 1
x22_7 = 1
x29_7 = 1
x30_7 = 1
w5 = 1
w7 = 1
