Tiempo de corrida total: 1.50865
Tiempo de corrida recorrer el arbol: 0.452998
Valor de la funcion objetivo: 3
x3_3 = 1
x15_3 = 1
x18_3 = 1
x20_3 = 1
x22_3 = 1
x10_10 = 1
x17_10 = 1
x24_10 = 1
x27_10 = 1
x30_10 = 1
x1_12 = 1
x4_12 = 1
x9_12 = 1
x12_12 = 1
x19_12 = 1
w3 = 1
w10 = 1
w12 = 1
