Tiempo de corrida total: 0.0507331
Tiempo de corrida recorrer el arbol: 0.00805092
Valor de la funcion objetivo: 1
x1_1 = 1
x4_1 = 1
x17_1 = 1
x19_1 = 1
x29_1 = 1
w1 = 1
