Tiempo de corrida total: 0.0178289
Tiempo de corrida recorrer el arbol: 0.00844598
Valor de la funcion objetivo: 1
x3_3 = 1
x4_3 = 1
x5_3 = 1
x7_3 = 1
x13_3 = 1
w3 = 1
