Tiempo de corrida total: 3.72753
Tiempo de corrida recorrer el arbol: 3.62244
Valor de la funcion objetivo: 2
x29_3 = 1
x31_3 = 1
x40_3 = 1
x41_3 = 1
x44_3 = 1
x49_3 = 1
x2_11 = 1
x8_11 = 1
x20_11 = 1
x21_11 = 1
x27_11 = 1
x34_11 = 1
x43_11 = 1
x47_11 = 1
x48_11 = 1
w3 = 1
w11 = 1
