Tiempo de corrida total: 0.0292771
Tiempo de corrida recorrer el arbol: 0.00684595
Valor de la funcion objetivo: 1
x27_3 = 1
x28_3 = 1
x33_3 = 1
x37_3 = 1
x39_3 = 1
w3 = 1
