Tiempo de corrida total: 0.0727451
Tiempo de corrida recorrer el arbol: 0.030112
Valor de la funcion objetivo: 2
x13_3 = 1
x22_3 = 1
x27_3 = 1
x31_3 = 1
x35_3 = 1
x4_4 = 1
x9_4 = 1
x11_4 = 1
x14_4 = 1
x16_4 = 1
x30_4 = 1
x36_4 = 1
x38_4 = 1
x39_4 = 1
x40_4 = 1
w3 = 1
w4 = 1
