Tiempo de corrida total: 0.0350709
Tiempo de corrida recorrer el arbol: 0.0314329
Valor de la funcion objetivo: 2
x11_1 = 1
x14_1 = 1
x16_1 = 1
x19_1 = 1
x22_1 = 1
x25_1 = 1
x30_1 = 1
x23_8 = 1
x27_8 = 1
x29_8 = 1
w1 = 1
w8 = 1
