Tiempo de corrida total: 2.15772
Tiempo de corrida recorrer el arbol: 2.10123
Valor de la funcion objetivo: 2
x3_3 = 1
x16_3 = 1
x17_3 = 1
x31_3 = 1
x36_3 = 1
x40_3 = 1
x41_3 = 1
x8_20 = 1
x10_20 = 1
x12_20 = 1
x13_20 = 1
x20_20 = 1
x24_20 = 1
x25_20 = 1
x26_20 = 1
x28_20 = 1
x29_20 = 1
x33_20 = 1
x45_20 = 1
x48_20 = 1
w3 = 1
w20 = 1
