Tiempo de corrida total: 0.362399
Tiempo de corrida recorrer el arbol: 0.304679
Valor de la funcion objetivo: 2
x5_2 = 1
x15_2 = 1
x9_4 = 1
x12_4 = 1
x13_4 = 1
w2 = 1
w4 = 1
