Tiempo de corrida total: 0.166801
Tiempo de corrida recorrer el arbol: 0.0356688
Valor de la funcion objetivo: 1
x10_1 = 1
x21_1 = 1
x29_1 = 1
x31_1 = 1
x48_1 = 1
w1 = 1
