Tiempo de corrida total: 0.584056
Tiempo de corrida recorrer el arbol: 0.150834
Valor de la funcion objetivo: 2
x3_6 = 1
x7_6 = 1
x27_6 = 1
x37_6 = 1
x47_6 = 1
x48_6 = 1
x9_11 = 1
x24_11 = 1
x26_11 = 1
x29_11 = 1
x31_11 = 1
x40_11 = 1
x43_11 = 1
x44_11 = 1
x50_11 = 1
w6 = 1
w11 = 1
