Tiempo de corrida total: 0.39756
Tiempo de corrida recorrer el arbol: 0.107658
Valor de la funcion objetivo: 2
x4_1 = 1
x30_1 = 1
x2_5 = 1
x27_5 = 1
x40_5 = 1
w1 = 1
w5 = 1
