Tiempo de corrida total: 0.120001
Tiempo de corrida recorrer el arbol: 0.0507729
Valor de la funcion objetivo: 1
x3_8 = 1
x11_8 = 1
x18_8 = 1
x20_8 = 1
x21_8 = 1
x27_8 = 1
x29_8 = 1
x31_8 = 1
x36_8 = 1
x38_8 = 1
w8 = 1
