Tiempo de corrida total: 1.85957
Tiempo de corrida recorrer el arbol: 1.84254
Valor de la funcion objetivo: 2
x3_1 = 1
x15_1 = 1
x26_1 = 1
x32_1 = 1
x34_1 = 1
x37_1 = 1
x40_1 = 1
x48_1 = 1
x50_1 = 1
x2_18 = 1
x8_18 = 1
x10_18 = 1
x16_18 = 1
x23_18 = 1
x25_18 = 1
x27_18 = 1
x31_18 = 1
x36_18 = 1
x41_18 = 1
x43_18 = 1
w1 = 1
w18 = 1
