Tiempo de corrida total: 6.00655
Tiempo de corrida recorrer el arbol: 3.68687
Valor de la funcion objetivo: 4
x1_9 = 1
x11_9 = 1
x19_9 = 1
x26_9 = 1
x27_9 = 1
x28_9 = 1
x10_13 = 1
x12_13 = 1
x14_13 = 1
x29_13 = 1
x30_13 = 1
x5_15 = 1
x18_15 = 1
x23_15 = 1
x25_15 = 1
x3_19 = 1
x4_19 = 1
x16_19 = 1
x20_19 = 1
x24_19 = 1
w9 = 1
w13 = 1
w15 = 1
w19 = 1
