Tiempo de corrida total: 0.140145
Tiempo de corrida recorrer el arbol: 0.042546
Valor de la funcion objetivo: 2
x4_7 = 1
x7_7 = 1
x17_7 = 1
x23_7 = 1
x26_7 = 1
x30_7 = 1
x5_11 = 1
x6_11 = 1
x9_11 = 1
x11_11 = 1
x16_11 = 1
x20_11 = 1
x24_11 = 1
x25_11 = 1
x29_11 = 1
w7 = 1
w11 = 1
