Tiempo de corrida total: 4.26952
Tiempo de corrida recorrer el arbol: 3.74578
Valor de la funcion objetivo: 2
x13_5 = 1
x16_5 = 1
x30_5 = 1
x36_5 = 1
x42_5 = 1
x1_6 = 1
x2_6 = 1
x9_6 = 1
x10_6 = 1
x14_6 = 1
w5 = 1
w6 = 1
