Tiempo de corrida total: 0.270768
Tiempo de corrida recorrer el arbol: 0.24243
Valor de la funcion objetivo: 2
x8_1 = 1
x15_1 = 1
x30_1 = 1
x5_3 = 1
x27_3 = 1
w1 = 1
w3 = 1
