Tiempo de corrida total: 0.043998
Tiempo de corrida recorrer el arbol: 0.00964999
Valor de la funcion objetivo: 1
x7_3 = 1
x12_3 = 1
x18_3 = 1
x23_3 = 1
x26_3 = 1
w3 = 1
