Tiempo de corrida total: 0.317344
Tiempo de corrida recorrer el arbol: 0.0514009
Valor de la funcion objetivo: 1
x3_1 = 1
x20_1 = 1
x23_1 = 1
x24_1 = 1
x36_1 = 1
w1 = 1
