Tiempo de corrida total: 9.46993
Tiempo de corrida recorrer el arbol: 9.42481
Valor de la funcion objetivo: 3
x5_11 = 1
x14_11 = 1
x18_11 = 1
x23_11 = 1
x24_11 = 1
x1_12 = 1
x4_12 = 1
x6_12 = 1
x10_12 = 1
x20_12 = 1
x26_12 = 1
x27_12 = 1
x30_12 = 1
x2_19 = 1
x3_19 = 1
x15_19 = 1
x17_19 = 1
x21_19 = 1
x22_19 = 1
x29_19 = 1
w11 = 1
w12 = 1
w19 = 1
