Tiempo de corrida total: 0.427598
Tiempo de corrida recorrer el arbol: 0.133668
Valor de la funcion objetivo: 2
x2_1 = 1
x6_1 = 1
x18_1 = 1
x20_1 = 1
x23_1 = 1
x38_1 = 1
x39_1 = 1
x7_12 = 1
x8_12 = 1
x26_12 = 1
x27_12 = 1
x28_12 = 1
x32_12 = 1
x33_12 = 1
x37_12 = 1
w1 = 1
w12 = 1
