Tiempo de corrida total: 0.066062
Tiempo de corrida recorrer el arbol: 0.0130851
Valor de la funcion objetivo: 1
x7_2 = 1
x18_2 = 1
x38_2 = 1
x42_2 = 1
x45_2 = 1
w2 = 1
