Tiempo de corrida total: 4.27519
Tiempo de corrida recorrer el arbol: 3.95568
Valor de la funcion objetivo: 3
x5_4 = 1
x20_4 = 1
x23_4 = 1
x27_4 = 1
x28_4 = 1
x29_4 = 1
x12_7 = 1
x19_7 = 1
x21_7 = 1
x25_7 = 1
x35_7 = 1
x37_7 = 1
x39_7 = 1
x40_7 = 1
x4_20 = 1
x7_20 = 1
x10_20 = 1
x11_20 = 1
x33_20 = 1
x34_20 = 1
w4 = 1
w7 = 1
w20 = 1
