Tiempo de corrida total: 0.00805593
Tiempo de corrida recorrer el arbol: 0.0040071
Valor de la funcion objetivo: 1
x2_4 = 1
x6_4 = 1
x10_4 = 1
x14_4 = 1
x23_4 = 1
w4 = 1
