Tiempo de corrida total: 0.112627
Tiempo de corrida recorrer el arbol: 0.0462849
Valor de la funcion objetivo: 2
x13_1 = 1
x19_1 = 1
x25_1 = 1
x2_3 = 1
x7_3 = 1
w1 = 1
w3 = 1
