Tiempo de corrida total: 0.0748842
Tiempo de corrida recorrer el arbol: 0.0690179
Valor de la funcion objetivo: 2
x2_3 = 1
x10_3 = 1
x18_3 = 1
x24_3 = 1
x30_3 = 1
x3_5 = 1
x5_5 = 1
x23_5 = 1
x28_5 = 1
x29_5 = 1
w3 = 1
w5 = 1
