Tiempo de corrida total: 0.14379
Tiempo de corrida recorrer el arbol: 0.013871
Valor de la funcion objetivo: 2
x8_1 = 1
x9_1 = 1
x15_1 = 1
x17_1 = 1
x18_1 = 1
x21_1 = 1
x22_1 = 1
x27_1 = 1
x30_1 = 1
x1_15 = 1
x2_15 = 1
x7_15 = 1
x16_15 = 1
x23_15 = 1
x25_15 = 1
w1 = 1
w15 = 1
