Tiempo de corrida total: 0.259726
Tiempo de corrida recorrer el arbol: 0.142393
Valor de la funcion objetivo: 3
x16_2 = 1
x9_3 = 1
x12_3 = 1
x13_3 = 1
x23_4 = 1
w2 = 1
w3 = 1
w4 = 1
