Tiempo de corrida total: 5.12041
Tiempo de corrida recorrer el arbol: 4.50085
Valor de la funcion objetivo: 3
x4_3 = 1
x7_3 = 1
x31_3 = 1
x33_3 = 1
x12_5 = 1
x14_5 = 1
x21_5 = 1
x13_8 = 1
x29_8 = 1
x39_8 = 1
w3 = 1
w5 = 1
w8 = 1
