Tiempo de corrida total: 5.52659
Tiempo de corrida recorrer el arbol: 4.96302
Valor de la funcion objetivo: 4
x7_2 = 1
x27_2 = 1
x32_2 = 1
x24_4 = 1
x25_4 = 1
x29_4 = 1
x4_6 = 1
x35_6 = 1
x5_9 = 1
x37_9 = 1
w2 = 1
w4 = 1
w6 = 1
w9 = 1
