Tiempo de corrida total: 1.52787
Tiempo de corrida recorrer el arbol: 0.853717
Valor de la funcion objetivo: 2
x9_3 = 1
x25_3 = 1
x39_3 = 1
x48_3 = 1
x50_3 = 1
x14_9 = 1
x31_9 = 1
x40_9 = 1
x43_9 = 1
x45_9 = 1
w3 = 1
w9 = 1
