Tiempo de corrida total: 0.410615
Tiempo de corrida recorrer el arbol: 0.404537
Valor de la funcion objetivo: 2
x1_1 = 1
x3_1 = 1
x2_2 = 1
x4_2 = 1
x38_2 = 1
w1 = 1
w2 = 1
