Tiempo de corrida total: 0.229201
Tiempo de corrida recorrer el arbol: 0.01898
Valor de la funcion objetivo: 2
x2_5 = 1
x3_5 = 1
x5_5 = 1
x8_5 = 1
x19_5 = 1
x22_5 = 1
x23_5 = 1
x37_5 = 1
x41_5 = 1
x18_19 = 1
x25_19 = 1
x32_19 = 1
x33_19 = 1
x34_19 = 1
x35_19 = 1
x42_19 = 1
x43_19 = 1
x45_19 = 1
x46_19 = 1
x48_19 = 1
w5 = 1
w19 = 1
