Tiempo de corrida total: 0.350001
Tiempo de corrida recorrer el arbol: 0.112882
Valor de la funcion objetivo: 1
x4_5 = 1
x7_5 = 1
x16_5 = 1
x17_5 = 1
x19_5 = 1
w5 = 1
