Tiempo de corrida total: 0.444798
Tiempo de corrida recorrer el arbol: 0.0992219
Valor de la funcion objetivo: 2
x19_1 = 1
x21_1 = 1
x12_5 = 1
x24_5 = 1
x39_5 = 1
w1 = 1
w5 = 1
