Tiempo de corrida total: 0.330055
Tiempo de corrida recorrer el arbol: 0.179012
Valor de la funcion objetivo: 1
x2_15 = 1
x5_15 = 1
x6_15 = 1
x9_15 = 1
x14_15 = 1
x20_15 = 1
x21_15 = 1
x30_15 = 1
x35_15 = 1
x40_15 = 1
x41_15 = 1
x43_15 = 1
x47_15 = 1
x49_15 = 1
x50_15 = 1
w15 = 1
