Tiempo de corrida total: 0.224641
Tiempo de corrida recorrer el arbol: 0.216467
Valor de la funcion objetivo: 2
x1_1 = 1
x3_1 = 1
x11_5 = 1
x12_5 = 1
x27_5 = 1
w1 = 1
w5 = 1
