Tiempo de corrida total: 3.58141
Tiempo de corrida recorrer el arbol: 3.48996
Valor de la funcion objetivo: 2
x1_5 = 1
x5_5 = 1
x27_5 = 1
x28_5 = 1
x29_5 = 1
x41_5 = 1
x9_8 = 1
x22_8 = 1
x32_8 = 1
x34_8 = 1
w5 = 1
w8 = 1
