Tiempo de corrida total: 0.533608
Tiempo de corrida recorrer el arbol: 0.509893
Valor de la funcion objetivo: 2
x11_5 = 1
x18_5 = 1
x20_5 = 1
x23_5 = 1
x24_5 = 1
x26_5 = 1
x28_5 = 1
x29_5 = 1
x30_5 = 1
x2_15 = 1
x4_15 = 1
x5_15 = 1
x6_15 = 1
x10_15 = 1
x13_15 = 1
x14_15 = 1
x16_15 = 1
x19_15 = 1
x25_15 = 1
x27_15 = 1
w5 = 1
w15 = 1
