Tiempo de corrida total: 0.32609
Tiempo de corrida recorrer el arbol: 0.091392
Valor de la funcion objetivo: 1
x5_4 = 1
x10_4 = 1
x15_4 = 1
x24_4 = 1
x25_4 = 1
w4 = 1
