Tiempo de corrida total: 0.417148
Tiempo de corrida recorrer el arbol: 0.195534
Valor de la funcion objetivo: 1
x3_5 = 1
x12_5 = 1
x28_5 = 1
x32_5 = 1
x47_5 = 1
w5 = 1
