Tiempo de corrida total: 0.217429
Tiempo de corrida recorrer el arbol: 0.0613308
Valor de la funcion objetivo: 2
x5_3 = 1
x24_3 = 1
x35_3 = 1
x8_4 = 1
x15_4 = 1
w3 = 1
w4 = 1
