Tiempo de corrida total: 0.027921
Tiempo de corrida recorrer el arbol: 0.0226779
Valor de la funcion objetivo: 1
x3_1 = 1
x4_1 = 1
x9_1 = 1
x10_1 = 1
x14_1 = 1
x17_1 = 1
x18_1 = 1
x19_1 = 1
x22_1 = 1
x25_1 = 1
x32_1 = 1
x34_1 = 1
x36_1 = 1
x39_1 = 1
x40_1 = 1
w1 = 1
