Tiempo de corrida total: 0.240471
Tiempo de corrida recorrer el arbol: 0.0773799
Valor de la funcion objetivo: 1
x9_3 = 1
x10_3 = 1
x11_3 = 1
x19_3 = 1
x20_3 = 1
x24_3 = 1
x31_3 = 1
x37_3 = 1
x39_3 = 1
x40_3 = 1
x41_3 = 1
x44_3 = 1
x46_3 = 1
x48_3 = 1
x49_3 = 1
w3 = 1
