Tiempo de corrida total: 5.03592
Tiempo de corrida recorrer el arbol: 4.93798
Valor de la funcion objetivo: 2
x31_6 = 1
x37_6 = 1
x40_6 = 1
x41_6 = 1
x50_6 = 1
x4_7 = 1
x16_7 = 1
x28_7 = 1
x36_7 = 1
x49_7 = 1
w6 = 1
w7 = 1
