Tiempo de corrida total: 0.256058
Tiempo de corrida recorrer el arbol: 0.0314422
Valor de la funcion objetivo: 2
x2_17 = 1
x5_17 = 1
x7_17 = 1
x10_17 = 1
x13_17 = 1
x19_17 = 1
x23_17 = 1
x34_17 = 1
x35_17 = 1
x39_17 = 1
x40_17 = 1
x42_17 = 1
x49_17 = 1
x3_20 = 1
x18_20 = 1
x33_20 = 1
x37_20 = 1
x44_20 = 1
x47_20 = 1
x48_20 = 1
w17 = 1
w20 = 1
