Tiempo de corrida total: 2.53579
Tiempo de corrida recorrer el arbol: 0.602773
Valor de la funcion objetivo: 3
x10_1 = 1
x15_1 = 1
x30_1 = 1
x40_1 = 1
x2_6 = 1
x6_6 = 1
x19_6 = 1
x3_10 = 1
x29_10 = 1
x38_10 = 1
w1 = 1
w6 = 1
w10 = 1
