Tiempo de corrida total: 0.444147
Tiempo de corrida recorrer el arbol: 0.439091
Valor de la funcion objetivo: 2
x1_1 = 1
x2_1 = 1
x3_1 = 1
x5_1 = 1
x6_1 = 1
x7_1 = 1
x17_1 = 1
x19_1 = 1
x20_1 = 1
x22_1 = 1
x31_1 = 1
x34_1 = 1
x12_2 = 1
x13_2 = 1
x29_2 = 1
w1 = 1
w2 = 1
