Tiempo de corrida total: 0.028044
Tiempo de corrida recorrer el arbol: 0.0194058
Valor de la funcion objetivo: 1
x1_5 = 1
x2_5 = 1
x11_5 = 1
x21_5 = 1
x22_5 = 1
w5 = 1
