Tiempo de corrida total: 0.135481
Tiempo de corrida recorrer el arbol: 0.038286
Valor de la funcion objetivo: 1
x1_2 = 1
x2_2 = 1
x9_2 = 1
x13_2 = 1
x26_2 = 1
w2 = 1
