Tiempo de corrida total: 0.134582
Tiempo de corrida recorrer el arbol: 0.0521951
Valor de la funcion objetivo: 1
x2_3 = 1
x9_3 = 1
x17_3 = 1
x24_3 = 1
x25_3 = 1
w3 = 1
