Tiempo de corrida total: 0.034591
Tiempo de corrida recorrer el arbol: 0.0291939
Valor de la funcion objetivo: 2
x4_5 = 1
x13_5 = 1
x16_5 = 1
x18_5 = 1
x22_5 = 1
x27_5 = 1
x28_5 = 1
x29_5 = 1
x30_5 = 1
x25_9 = 1
w5 = 1
w9 = 1
