Tiempo de corrida total: 1.26125
Tiempo de corrida recorrer el arbol: 1.09961
Valor de la funcion objetivo: 2
x3_4 = 1
x16_4 = 1
x21_4 = 1
x29_4 = 1
x1_7 = 1
x7_7 = 1
x12_7 = 1
x18_7 = 1
x20_7 = 1
x22_7 = 1
w4 = 1
w7 = 1
