Tiempo de corrida total: 0.268886
Tiempo de corrida recorrer el arbol: 0.146122
Valor de la funcion objetivo: 1
x3_2 = 1
x4_2 = 1
x13_2 = 1
x14_2 = 1
x36_2 = 1
w2 = 1
