Tiempo de corrida total: 2.92752
Tiempo de corrida recorrer el arbol: 2.55855
Valor de la funcion objetivo: 2
x3_5 = 1
x16_5 = 1
x19_5 = 1
x21_5 = 1
x29_5 = 1
x7_6 = 1
x12_6 = 1
x18_6 = 1
x20_6 = 1
x22_6 = 1
w5 = 1
w6 = 1
