Tiempo de corrida total: 0.026942
Tiempo de corrida recorrer el arbol: 0.0148859
Valor de la funcion objetivo: 1
x1_7 = 1
x5_7 = 1
x6_7 = 1
x11_7 = 1
x13_7 = 1
x14_7 = 1
x20_7 = 1
x22_7 = 1
x27_7 = 1
x29_7 = 1
w7 = 1
