Tiempo de corrida total: 2.82516
Tiempo de corrida recorrer el arbol: 0.774632
Valor de la funcion objetivo: 3
x10_6 = 1
x12_6 = 1
x23_6 = 1
x26_6 = 1
x5_8 = 1
x8_8 = 1
x9_8 = 1
x24_8 = 1
x29_8 = 1
x31_8 = 1
x4_14 = 1
x7_14 = 1
x15_14 = 1
x17_14 = 1
x28_14 = 1
w6 = 1
w8 = 1
w14 = 1
