Tiempo de corrida total: 0.364542
Tiempo de corrida recorrer el arbol: 0.359277
Valor de la funcion objetivo: 2
x1_1 = 1
x2_1 = 1
x7_1 = 1
x16_1 = 1
x18_1 = 1
x28_1 = 1
x29_1 = 1
x6_2 = 1
x8_2 = 1
x13_2 = 1
w1 = 1
w2 = 1
