Tiempo de corrida total: 0.034399
Tiempo de corrida recorrer el arbol: 0.00943613
Valor de la funcion objetivo: 2
x2_2 = 1
x8_2 = 1
x10_2 = 1
x13_2 = 1
x18_2 = 1
x1_7 = 1
x5_7 = 1
x16_7 = 1
x19_7 = 1
x28_7 = 1
w2 = 1
w7 = 1
