Tiempo de corrida total: 0.64455
Tiempo de corrida recorrer el arbol: 0.638305
Valor de la funcion objetivo: 2
x1_1 = 1
x2_1 = 1
x3_1 = 1
x5_1 = 1
x7_1 = 1
x8_1 = 1
x9_1 = 1
x20_1 = 1
x23_1 = 1
x37_1 = 1
x38_1 = 1
x12_2 = 1
x13_2 = 1
x29_2 = 1
x31_2 = 1
w1 = 1
w2 = 1
