Tiempo de corrida total: 0.965771
Tiempo de corrida recorrer el arbol: 0.74051
Valor de la funcion objetivo: 3
x1_7 = 1
x6_7 = 1
x17_7 = 1
x19_7 = 1
x23_7 = 1
x25_7 = 1
x26_7 = 1
x28_7 = 1
x30_7 = 1
x4_12 = 1
x12_12 = 1
x15_12 = 1
x16_12 = 1
x18_12 = 1
x21_12 = 1
x3_16 = 1
x5_16 = 1
x9_16 = 1
x20_16 = 1
x29_16 = 1
w7 = 1
w12 = 1
w16 = 1
