Tiempo de corrida total: 0.616448
Tiempo de corrida recorrer el arbol: 0.588498
Valor de la funcion objetivo: 2
x1_6 = 1
x3_6 = 1
x5_6 = 1
x6_6 = 1
x10_6 = 1
x16_6 = 1
x17_6 = 1
x18_6 = 1
x25_6 = 1
x4_8 = 1
x7_8 = 1
x14_8 = 1
x24_8 = 1
x26_8 = 1
x27_8 = 1
w6 = 1
w8 = 1
