Tiempo de corrida total: 0.131876
Tiempo de corrida recorrer el arbol: 0.033479
Valor de la funcion objetivo: 2
x1_14 = 1
x2_14 = 1
x4_14 = 1
x9_14 = 1
x14_14 = 1
x19_14 = 1
x25_14 = 1
x27_14 = 1
x30_14 = 1
x3_18 = 1
x5_18 = 1
x6_18 = 1
x10_18 = 1
x12_18 = 1
x17_18 = 1
x20_18 = 1
x21_18 = 1
x24_18 = 1
x28_18 = 1
x29_18 = 1
w14 = 1
w18 = 1
