Tiempo de corrida total: 0.695706
Tiempo de corrida recorrer el arbol: 0.688694
Valor de la funcion objetivo: 2
x14_1 = 1
x15_1 = 1
x32_5 = 1
x33_5 = 1
x40_5 = 1
w1 = 1
w5 = 1
