Tiempo de corrida total: 0.726947
Tiempo de corrida recorrer el arbol: 0.372101
Valor de la funcion objetivo: 3
x2_7 = 1
x6_7 = 1
x16_7 = 1
x20_7 = 1
x23_7 = 1
x24_7 = 1
x3_10 = 1
x10_10 = 1
x27_10 = 1
x29_10 = 1
x1_13 = 1
x4_13 = 1
x9_13 = 1
x19_13 = 1
x25_13 = 1
w7 = 1
w10 = 1
w13 = 1
