Tiempo de corrida total: 0.29528
Tiempo de corrida recorrer el arbol: 0.0890219
Valor de la funcion objetivo: 3
x1_2 = 1
x6_2 = 1
x20_2 = 1
x4_4 = 1
x9_4 = 1
x16_4 = 1
x27_4 = 1
x2_10 = 1
x5_10 = 1
x10_10 = 1
x15_10 = 1
x17_10 = 1
x18_10 = 1
x21_10 = 1
x25_10 = 1
w2 = 1
w4 = 1
w10 = 1
