Tiempo de corrida total: 0.102747
Tiempo de corrida recorrer el arbol: 0.0723081
Valor de la funcion objetivo: 1
x4_3 = 1
x24_3 = 1
x25_3 = 1
x34_3 = 1
x40_3 = 1
w3 = 1
