Tiempo de corrida total: 0.50024
Tiempo de corrida recorrer el arbol: 0.48573
Valor de la funcion objetivo: 2
x21_1 = 1
x32_1 = 1
x33_1 = 1
x7_2 = 1
x36_2 = 1
w1 = 1
w2 = 1
