Tiempo de corrida total: 0.101566
Tiempo de corrida recorrer el arbol: 0.035203
Valor de la funcion objetivo: 2
x11_3 = 1
x21_3 = 1
x28_3 = 1
x2_5 = 1
x15_5 = 1
w3 = 1
w5 = 1
