Tiempo de corrida total: 0.063554
Tiempo de corrida recorrer el arbol: 0.0333121
Valor de la funcion objetivo: 1
x2_2 = 1
x8_2 = 1
x10_2 = 1
x12_2 = 1
x23_2 = 1
w2 = 1
