Tiempo de corrida total: 0.293509
Tiempo de corrida recorrer el arbol: 0.292036
Valor de la funcion objetivo: 2
x1_12 = 1
x3_12 = 1
x15_12 = 1
x17_12 = 1
x24_12 = 1
x27_12 = 1
x11_14 = 1
x13_14 = 1
x16_14 = 1
x20_14 = 1
x21_14 = 1
x23_14 = 1
x25_14 = 1
x28_14 = 1
x30_14 = 1
w12 = 1
w14 = 1
