Tiempo de corrida total: 0.213993
Tiempo de corrida recorrer el arbol: 0.0999169
Valor de la funcion objetivo: 1
x8_3 = 1
x10_3 = 1
x12_3 = 1
x19_3 = 1
x20_3 = 1
x26_3 = 1
x30_3 = 1
x33_3 = 1
x36_3 = 1
x37_3 = 1
w3 = 1
