Tiempo de corrida total: 0.0411491
Tiempo de corrida recorrer el arbol: 0.00839901
Valor de la funcion objetivo: 1
x2_3 = 1
x4_3 = 1
x6_3 = 1
x9_3 = 1
x12_3 = 1
x13_3 = 1
x14_3 = 1
x17_3 = 1
x20_3 = 1
x21_3 = 1
w3 = 1
