Tiempo de corrida total: 0.0670531
Tiempo de corrida recorrer el arbol: 0.0297399
Valor de la funcion objetivo: 1
x15_4 = 1
x27_4 = 1
x38_4 = 1
x39_4 = 1
x40_4 = 1
w4 = 1
