Tiempo de corrida total: 3.68268
Tiempo de corrida recorrer el arbol: 3.62943
Valor de la funcion objetivo: 2
x1_4 = 1
x6_4 = 1
x11_4 = 1
x25_4 = 1
x4_8 = 1
x5_8 = 1
x7_8 = 1
x9_8 = 1
x10_8 = 1
x12_8 = 1
x20_8 = 1
x32_8 = 1
x34_8 = 1
x47_8 = 1
x50_8 = 1
w4 = 1
w8 = 1
