Tiempo de corrida total: 0.417634
Tiempo de corrida recorrer el arbol: 0.412562
Valor de la funcion objetivo: 2
x9_3 = 1
x12_3 = 1
x13_3 = 1
x5_4 = 1
x15_4 = 1
w3 = 1
w4 = 1
