Tiempo de corrida total: 0.0613141
Tiempo de corrida recorrer el arbol: 0.0256019
Valor de la funcion objetivo: 1
x8_1 = 1
x16_1 = 1
x18_1 = 1
x27_1 = 1
x28_1 = 1
w1 = 1
