Tiempo de corrida total: 0.0230479
Tiempo de corrida recorrer el arbol: 0.00815392
Valor de la funcion objetivo: 1
x9_3 = 1
x10_3 = 1
x13_3 = 1
x21_3 = 1
x24_3 = 1
w3 = 1
