Tiempo de corrida total: 0.576247
Tiempo de corrida recorrer el arbol: 0.0781229
Valor de la funcion objetivo: 3
x10_6 = 1
x13_6 = 1
x17_6 = 1
x20_6 = 1
x27_6 = 1
x34_6 = 1
x43_6 = 1
x48_6 = 1
x5_15 = 1
x7_15 = 1
x11_15 = 1
x12_15 = 1
x40_15 = 1
x41_15 = 1
x42_15 = 1
x25_20 = 1
x26_20 = 1
x30_20 = 1
x44_20 = 1
x49_20 = 1
w6 = 1
w15 = 1
w20 = 1
