Tiempo de corrida total: 0.763864
Tiempo de corrida recorrer el arbol: 0.656414
Valor de la funcion objetivo: 2
x6_2 = 1
x20_2 = 1
x28_2 = 1
x30_2 = 1
x14_5 = 1
w2 = 1
w5 = 1
