Tiempo de corrida total: 0.293228
Tiempo de corrida recorrer el arbol: 0.283145
Valor de la funcion objetivo: 2
x1_4 = 1
x17_4 = 1
x4_5 = 1
x14_5 = 1
x22_5 = 1
w4 = 1
w5 = 1
