Tiempo de corrida total: 0.0551469
Tiempo de corrida recorrer el arbol: 0.0128829
Valor de la funcion objetivo: 1
x1_4 = 1
x2_4 = 1
x3_4 = 1
x6_4 = 1
x8_4 = 1
x9_4 = 1
x14_4 = 1
x28_4 = 1
x31_4 = 1
x40_4 = 1
w4 = 1
