Tiempo de corrida total: 0.315299
Tiempo de corrida recorrer el arbol: 0.303662
Valor de la funcion objetivo: 2
x5_4 = 1
x9_4 = 1
x23_4 = 1
x20_5 = 1
x22_5 = 1
w4 = 1
w5 = 1
