Tiempo de corrida total: 0.451363
Tiempo de corrida recorrer el arbol: 0.0584731
Valor de la funcion objetivo: 2
x1_5 = 1
x3_5 = 1
x6_5 = 1
x7_5 = 1
x11_5 = 1
x20_5 = 1
x22_5 = 1
x24_5 = 1
x32_5 = 1
x5_7 = 1
x14_7 = 1
x16_7 = 1
x30_7 = 1
x35_7 = 1
x36_7 = 1
w5 = 1
w7 = 1
