Tiempo de corrida total: 0.536452
Tiempo de corrida recorrer el arbol: 0.120823
Valor de la funcion objetivo: 3
x1_7 = 1
x12_7 = 1
x13_7 = 1
x16_7 = 1
x23_7 = 1
x26_7 = 1
x28_7 = 1
x30_7 = 1
x7_12 = 1
x11_12 = 1
x18_12 = 1
x21_12 = 1
x22_12 = 1
x3_17 = 1
x6_17 = 1
x9_17 = 1
x10_17 = 1
x17_17 = 1
x25_17 = 1
x29_17 = 1
w7 = 1
w12 = 1
w17 = 1
