Tiempo de corrida total: 1.85085
Tiempo de corrida recorrer el arbol: 1.83556
Valor de la funcion objetivo: 2
x4_1 = 1
x10_1 = 1
x14_1 = 1
x17_1 = 1
x19_1 = 1
x20_1 = 1
x25_1 = 1
x28_1 = 1
x29_1 = 1
x30_1 = 1
x3_14 = 1
x7_14 = 1
x9_14 = 1
x13_14 = 1
x18_14 = 1
w1 = 1
w14 = 1
