Tiempo de corrida total: 4.71089
Tiempo de corrida recorrer el arbol: 4.70055
Valor de la funcion objetivo: 2
x4_2 = 1
x5_2 = 1
x18_2 = 1
x21_2 = 1
x30_2 = 1
x22_3 = 1
x28_3 = 1
x29_3 = 1
x31_3 = 1
x40_3 = 1
w2 = 1
w3 = 1
