Tiempo de corrida total: 0.0566821
Tiempo de corrida recorrer el arbol: 0.0106471
Valor de la funcion objetivo: 1
x18_5 = 1
x20_5 = 1
x27_5 = 1
x28_5 = 1
x29_5 = 1
w5 = 1
