Tiempo de corrida total: 0.0335231
Tiempo de corrida recorrer el arbol: 0.022001
Valor de la funcion objetivo: 2
x1_6 = 1
x5_6 = 1
x8_6 = 1
x16_6 = 1
x29_6 = 1
x10_7 = 1
x13_7 = 1
x18_7 = 1
x19_7 = 1
x27_7 = 1
w6 = 1
w7 = 1
