Tiempo de corrida total: 0.0917921
Tiempo de corrida recorrer el arbol: 0.064564
Valor de la funcion objetivo: 1
x6_6 = 1
x10_6 = 1
x11_6 = 1
x16_6 = 1
x22_6 = 1
x25_6 = 1
x29_6 = 1
x32_6 = 1
x36_6 = 1
x48_6 = 1
w6 = 1
