Tiempo de corrida total: 0.579458
Tiempo de corrida recorrer el arbol: 0.544282
Valor de la funcion objetivo: 2
x1_5 = 1
x3_5 = 1
x7_5 = 1
x19_5 = 1
x21_5 = 1
x26_5 = 1
x27_5 = 1
x36_5 = 1
x5_14 = 1
x8_14 = 1
x10_14 = 1
x15_14 = 1
x30_14 = 1
x32_14 = 1
x37_14 = 1
w5 = 1
w14 = 1
