Tiempo de corrida total: 0.607714
Tiempo de corrida recorrer el arbol: 0.129521
Valor de la funcion objetivo: 3
x6_4 = 1
x7_4 = 1
x9_4 = 1
x12_4 = 1
x23_4 = 1
x26_4 = 1
x30_4 = 1
x3_7 = 1
x17_7 = 1
x19_7 = 1
x20_7 = 1
x28_7 = 1
x4_9 = 1
x5_9 = 1
x13_9 = 1
x16_9 = 1
x18_9 = 1
x25_9 = 1
x27_9 = 1
x29_9 = 1
w4 = 1
w7 = 1
w9 = 1
