Tiempo de corrida total: 0.531979
Tiempo de corrida recorrer el arbol: 0.519404
Valor de la funcion objetivo: 2
x7_1 = 1
x12_1 = 1
x18_1 = 1
x20_1 = 1
x22_1 = 1
x3_6 = 1
x16_6 = 1
x19_6 = 1
x21_6 = 1
x29_6 = 1
w1 = 1
w6 = 1
