Tiempo de corrida total: 1.15734
Tiempo de corrida recorrer el arbol: 1.06896
Valor de la funcion objetivo: 1
x1_1 = 1
x9_1 = 1
x11_1 = 1
x21_1 = 1
x29_1 = 1
w1 = 1
