Tiempo de corrida total: 0.0580182
Tiempo de corrida recorrer el arbol: 0.0124748
Valor de la funcion objetivo: 1
x10_1 = 1
x13_1 = 1
x20_1 = 1
x21_1 = 1
x26_1 = 1
w1 = 1
