Tiempo de corrida total: 0.0456841
Tiempo de corrida recorrer el arbol: 0.0226061
Valor de la funcion objetivo: 1
x6_1 = 1
x19_1 = 1
x22_1 = 1
x24_1 = 1
x29_1 = 1
w1 = 1
