Tiempo de corrida total: 0.091902
Tiempo de corrida recorrer el arbol: 0.0242932
Valor de la funcion objetivo: 1
x2_4 = 1
x3_4 = 1
x8_4 = 1
x41_4 = 1
x48_4 = 1
w4 = 1
