Tiempo de corrida total: 1.47316
Tiempo de corrida recorrer el arbol: 1.34957
Valor de la funcion objetivo: 2
x7_5 = 1
x8_5 = 1
x20_5 = 1
x21_5 = 1
x28_5 = 1
x29_5 = 1
x36_5 = 1
x37_5 = 1
x11_9 = 1
x27_9 = 1
w5 = 1
w9 = 1
