Tiempo de corrida total: 0.463586
Tiempo de corrida recorrer el arbol: 0.083508
Valor de la funcion objetivo: 5
x15_1 = 1
x23_1 = 1
x7_6 = 1
x24_6 = 1
x9_7 = 1
x29_7 = 1
x10_9 = 1
x18_9 = 1
x11_10 = 1
x12_10 = 1
w1 = 1
w6 = 1
w7 = 1
w9 = 1
w10 = 1
