Tiempo de corrida total: 0.116707
Tiempo de corrida recorrer el arbol: 0.076314
Valor de la funcion objetivo: 1
x4_2 = 1
x12_2 = 1
x25_2 = 1
x28_2 = 1
x42_2 = 1
w2 = 1
