Tiempo de corrida total: 0.746415
Tiempo de corrida recorrer el arbol: 0.742311
Valor de la funcion objetivo: 2
x6_1 = 1
x13_1 = 1
x16_1 = 1
x20_1 = 1
x25_1 = 1
x30_1 = 1
x40_1 = 1
x3_13 = 1
x7_13 = 1
x8_13 = 1
x23_13 = 1
x26_13 = 1
x33_13 = 1
x34_13 = 1
x38_13 = 1
w1 = 1
w13 = 1
