Tiempo de corrida total: 0.243889
Tiempo de corrida recorrer el arbol: 0.234143
Valor de la funcion objetivo: 1
x13_4 = 1
x14_4 = 1
x16_4 = 1
x19_4 = 1
x25_4 = 1
w4 = 1
