Tiempo de corrida total: 0.0385592
Tiempo de corrida recorrer el arbol: 0.0121171
Valor de la funcion objetivo: 1
x3_5 = 1
x8_5 = 1
x13_5 = 1
x27_5 = 1
x40_5 = 1
w5 = 1
