Tiempo de corrida total: 6.29326
Tiempo de corrida recorrer el arbol: 5.79367
Valor de la funcion objetivo: 2
x3_1 = 1
x11_1 = 1
x27_1 = 1
x44_1 = 1
x5_4 = 1
x16_4 = 1
x17_4 = 1
x18_4 = 1
x30_4 = 1
x43_4 = 1
w1 = 1
w4 = 1
