Tiempo de corrida total: 0.530098
Tiempo de corrida recorrer el arbol: 0.492653
Valor de la funcion objetivo: 2
x9_2 = 1
x13_2 = 1
x16_2 = 1
x28_2 = 1
x5_9 = 1
x11_9 = 1
x18_9 = 1
x20_9 = 1
x27_9 = 1
x29_9 = 1
w2 = 1
w9 = 1
