Tiempo de corrida total: 2.80389
Tiempo de corrida recorrer el arbol: 2.78273
Valor de la funcion objetivo: 2
x1_1 = 1
x27_1 = 1
x28_1 = 1
x36_1 = 1
x20_6 = 1
x31_6 = 1
x40_6 = 1
x43_6 = 1
x44_6 = 1
x45_6 = 1
w1 = 1
w6 = 1
