Tiempo de corrida total: 0.194306
Tiempo de corrida recorrer el arbol: 0.0450211
Valor de la funcion objetivo: 2
x1_16 = 1
x5_16 = 1
x7_16 = 1
x8_16 = 1
x9_16 = 1
x16_16 = 1
x19_16 = 1
x20_16 = 1
x28_16 = 1
x29_16 = 1
x34_16 = 1
x3_18 = 1
x6_18 = 1
x10_18 = 1
x13_18 = 1
x22_18 = 1
x26_18 = 1
x38_18 = 1
x39_18 = 1
x40_18 = 1
w16 = 1
w18 = 1
