Tiempo de corrida total: 0.0249031
Tiempo de corrida recorrer el arbol: 0.018049
Valor de la funcion objetivo: 1
x10_2 = 1
x11_2 = 1
x14_2 = 1
x19_2 = 1
x20_2 = 1
w2 = 1
