Tiempo de corrida total: 2.43418
Tiempo de corrida recorrer el arbol: 0.57468
Valor de la funcion objetivo: 4
x10_5 = 1
x27_5 = 1
x16_6 = 1
x36_6 = 1
x40_6 = 1
x17_7 = 1
x29_7 = 1
x15_9 = 1
x21_9 = 1
x37_9 = 1
w5 = 1
w6 = 1
w7 = 1
w9 = 1
