Tiempo de corrida total: 0.671309
Tiempo de corrida recorrer el arbol: 0.640184
Valor de la funcion objetivo: 2
x7_2 = 1
x9_2 = 1
x10_2 = 1
x12_2 = 1
x20_2 = 1
x21_2 = 1
x26_2 = 1
x29_2 = 1
x1_17 = 1
x3_17 = 1
x4_17 = 1
x8_17 = 1
x11_17 = 1
x14_17 = 1
x15_17 = 1
x16_17 = 1
x22_17 = 1
x24_17 = 1
x25_17 = 1
x27_17 = 1
w2 = 1
w17 = 1
