Tiempo de corrida total: 0.0745621
Tiempo de corrida recorrer el arbol: 0.037611
Valor de la funcion objetivo: 2
x8_2 = 1
x12_2 = 1
x13_2 = 1
x16_2 = 1
x1_5 = 1
x6_5 = 1
x17_5 = 1
x21_5 = 1
x27_5 = 1
x29_5 = 1
w2 = 1
w5 = 1
