Tiempo de corrida total: 0.071738
Tiempo de corrida recorrer el arbol: 0.0114689
Valor de la funcion objetivo: 2
x1_6 = 1
x2_6 = 1
x4_6 = 1
x5_6 = 1
x11_6 = 1
x12_6 = 1
x13_6 = 1
x16_6 = 1
x30_6 = 1
x9_12 = 1
x10_12 = 1
x15_12 = 1
x19_12 = 1
x22_12 = 1
x24_12 = 1
w6 = 1
w12 = 1
