Tiempo de corrida total: 1.35509
Tiempo de corrida recorrer el arbol: 1.33981
Valor de la funcion objetivo: 2
x5_1 = 1
x7_1 = 1
x17_1 = 1
x18_1 = 1
x26_1 = 1
x30_1 = 1
x31_1 = 1
x34_1 = 1
x38_1 = 1
x13_11 = 1
x22_11 = 1
x24_11 = 1
x27_11 = 1
x35_11 = 1
x36_11 = 1
w1 = 1
w11 = 1
