Tiempo de corrida total: 0.255706
Tiempo de corrida recorrer el arbol: 0.0457959
Valor de la funcion objetivo: 2
x1_10 = 1
x3_10 = 1
x5_10 = 1
x9_10 = 1
x10_10 = 1
x18_10 = 1
x20_10 = 1
x25_10 = 1
x29_10 = 1
x37_10 = 1
x40_10 = 1
x7_12 = 1
x19_12 = 1
x32_12 = 1
x33_12 = 1
w10 = 1
w12 = 1
