Tiempo de corrida total: 4.49518
Tiempo de corrida recorrer el arbol: 4.40657
Valor de la funcion objetivo: 2
x3_3 = 1
x22_3 = 1
x33_3 = 1
x38_3 = 1
x39_3 = 1
x48_3 = 1
x24_9 = 1
x29_9 = 1
x45_9 = 1
x49_9 = 1
w3 = 1
w9 = 1
