Tiempo de corrida total: 0.49599
Tiempo de corrida recorrer el arbol: 0.484253
Valor de la funcion objetivo: 1
x6_1 = 1
x9_1 = 1
x11_1 = 1
x21_1 = 1
x28_1 = 1
w1 = 1
