Tiempo de corrida total: 1.11942
Tiempo de corrida recorrer el arbol: 1.09572
Valor de la funcion objetivo: 3
x3_3 = 1
x4_3 = 1
x13_3 = 1
x17_3 = 1
x18_3 = 1
x27_3 = 1
x10_5 = 1
x16_5 = 1
x20_5 = 1
x26_5 = 1
x5_9 = 1
x9_9 = 1
x23_9 = 1
x25_9 = 1
x30_9 = 1
w3 = 1
w5 = 1
w9 = 1
