Tiempo de corrida total: 0.0138538
Tiempo de corrida recorrer el arbol: 0.00482798
Valor de la funcion objetivo: 1
x1_1 = 1
x3_1 = 1
x4_1 = 1
x6_1 = 1
x13_1 = 1
w1 = 1
