Tiempo de corrida total: 0.144372
Tiempo de corrida recorrer el arbol: 0.0662401
Valor de la funcion objetivo: 1
x2_1 = 1
x25_1 = 1
x27_1 = 1
x38_1 = 1
x42_1 = 1
w1 = 1
