Tiempo de corrida total: 0.346983
Tiempo de corrida recorrer el arbol: 0.085346
Valor de la funcion objetivo: 2
x23_19 = 1
x25_19 = 1
x34_19 = 1
x42_19 = 1
x50_19 = 1
x5_20 = 1
x6_20 = 1
x7_20 = 1
x8_20 = 1
x16_20 = 1
x17_20 = 1
x26_20 = 1
x27_20 = 1
x28_20 = 1
x33_20 = 1
x36_20 = 1
x37_20 = 1
x47_20 = 1
x48_20 = 1
x49_20 = 1
w19 = 1
w20 = 1
