Tiempo de corrida total: 0.113229
Tiempo de corrida recorrer el arbol: 0.0207911
Valor de la funcion objetivo: 2
x9_2 = 1
x12_2 = 1
x13_2 = 1
x5_3 = 1
x15_3 = 1
w2 = 1
w3 = 1
