Tiempo de corrida total: 0.0499041
Tiempo de corrida recorrer el arbol: 0.0100479
Valor de la funcion objetivo: 1
x1_1 = 1
x2_1 = 1
x3_1 = 1
x11_1 = 1
x25_1 = 1
w1 = 1
