Tiempo de corrida total: 4.04133
Tiempo de corrida recorrer el arbol: 3.72987
Valor de la funcion objetivo: 2
x3_8 = 1
x9_8 = 1
x19_8 = 1
x32_8 = 1
x33_8 = 1
x34_8 = 1
x35_8 = 1
x44_8 = 1
x46_8 = 1
x7_11 = 1
x21_11 = 1
x27_11 = 1
x28_11 = 1
x37_11 = 1
x48_11 = 1
w8 = 1
w11 = 1
