Tiempo de corrida total: 0.135526
Tiempo de corrida recorrer el arbol: 0.12421
Valor de la funcion objetivo: 2
x15_1 = 1
x25_1 = 1
x6_4 = 1
x14_4 = 1
x27_4 = 1
w1 = 1
w4 = 1
