Tiempo de corrida total: 0.106681
Tiempo de corrida recorrer el arbol: 0.0320702
Valor de la funcion objetivo: 1
x1_1 = 1
x4_1 = 1
x16_1 = 1
x37_1 = 1
x44_1 = 1
w1 = 1
