Tiempo de corrida total: 0.217374
Tiempo de corrida recorrer el arbol: 0.0526168
Valor de la funcion objetivo: 1
x1_3 = 1
x2_3 = 1
x4_3 = 1
x6_3 = 1
x7_3 = 1
x18_3 = 1
x22_3 = 1
x26_3 = 1
x29_3 = 1
x30_3 = 1
x32_3 = 1
x33_3 = 1
x45_3 = 1
x46_3 = 1
x48_3 = 1
w3 = 1
