Tiempo de corrida total: 7.82866
Tiempo de corrida recorrer el arbol: 7.78814
Valor de la funcion objetivo: 4
x10_15 = 1
x14_15 = 1
x20_15 = 1
x3_16 = 1
x4_16 = 1
x11_16 = 1
x13_16 = 1
x21_16 = 1
x29_16 = 1
x30_16 = 1
x2_18 = 1
x12_18 = 1
x26_18 = 1
x27_18 = 1
x5_20 = 1
x6_20 = 1
x9_20 = 1
x24_20 = 1
x25_20 = 1
x28_20 = 1
w15 = 1
w16 = 1
w18 = 1
w20 = 1
