Tiempo de corrida total: 7.79136
Tiempo de corrida recorrer el arbol: 6.86798
Valor de la funcion objetivo: 3
x4_2 = 1
x16_2 = 1
x23_2 = 1
x25_2 = 1
x39_2 = 1
x9_3 = 1
x10_3 = 1
x13_3 = 1
x34_3 = 1
x1_15 = 1
x3_15 = 1
x5_15 = 1
x18_15 = 1
x19_15 = 1
x26_15 = 1
w2 = 1
w3 = 1
w15 = 1
