Tiempo de corrida total: 0.221918
Tiempo de corrida recorrer el arbol: 0.076062
Valor de la funcion objetivo: 2
x18_14 = 1
x27_14 = 1
x28_14 = 1
x33_14 = 1
x38_14 = 1
x47_14 = 1
x49_14 = 1
x1_19 = 1
x2_19 = 1
x4_19 = 1
x14_19 = 1
x17_19 = 1
x19_19 = 1
x29_19 = 1
x34_19 = 1
x37_19 = 1
x42_19 = 1
x44_19 = 1
x48_19 = 1
x50_19 = 1
w14 = 1
w19 = 1
