Tiempo de corrida total: 0.127658
Tiempo de corrida recorrer el arbol: 0.0950761
Valor de la funcion objetivo: 1
x1_4 = 1
x8_4 = 1
x9_4 = 1
x17_4 = 1
x28_4 = 1
w4 = 1
