Tiempo de corrida total: 6.50389
Tiempo de corrida recorrer el arbol: 5.68867
Valor de la funcion objetivo: 3
x8_2 = 1
x10_2 = 1
x34_2 = 1
x39_2 = 1
x5_3 = 1
x19_3 = 1
x24_3 = 1
x13_10 = 1
x35_10 = 1
x38_10 = 1
w2 = 1
w3 = 1
w10 = 1
