Tiempo de corrida total: 0.103118
Tiempo de corrida recorrer el arbol: 0.0159848
Valor de la funcion objetivo: 2
x3_2 = 1
x6_2 = 1
x11_2 = 1
x12_2 = 1
x19_2 = 1
x22_2 = 1
x26_2 = 1
x28_2 = 1
x1_13 = 1
x4_13 = 1
x9_13 = 1
x10_13 = 1
x14_13 = 1
x17_13 = 1
x18_13 = 1
x20_13 = 1
x24_13 = 1
x25_13 = 1
x27_13 = 1
x30_13 = 1
w2 = 1
w13 = 1
