Tiempo de corrida total: 3.62387
Tiempo de corrida recorrer el arbol: 3.16338
Valor de la funcion objetivo: 2
x11_3 = 1
x25_3 = 1
x30_3 = 1
x38_3 = 1
x42_3 = 1
x3_4 = 1
x10_4 = 1
x17_4 = 1
x19_4 = 1
x21_4 = 1
w3 = 1
w4 = 1
