Tiempo de corrida total: 9.43222
Tiempo de corrida recorrer el arbol: 9.38687
Valor de la funcion objetivo: 4
x3_2 = 1
x17_2 = 1
x12_3 = 1
x19_3 = 1
x7_4 = 1
x18_4 = 1
x27_4 = 1
x5_7 = 1
x16_7 = 1
x29_7 = 1
w2 = 1
w3 = 1
w4 = 1
w7 = 1
