Tiempo de corrida total: 0.0632329
Tiempo de corrida recorrer el arbol: 0.0306811
Valor de la funcion objetivo: 2
x5_3 = 1
x7_3 = 1
x4_4 = 1
x23_4 = 1
x27_4 = 1
w3 = 1
w4 = 1
