Tiempo de corrida total: 0.0277631
Tiempo de corrida recorrer el arbol: 0.00801015
Valor de la funcion objetivo: 2
x10_1 = 1
x12_1 = 1
x24_1 = 1
x25_1 = 1
x5_7 = 1
x18_7 = 1
x21_7 = 1
x23_7 = 1
x28_7 = 1
x29_7 = 1
w1 = 1
w7 = 1
