Tiempo de corrida total: 0.206243
Tiempo de corrida recorrer el arbol: 0.028465
Valor de la funcion objetivo: 3
x1_1 = 1
x3_1 = 1
x9_1 = 1
x17_1 = 1
x19_1 = 1
x23_1 = 1
x4_7 = 1
x5_7 = 1
x16_7 = 1
x25_7 = 1
x27_7 = 1
x8_14 = 1
x13_14 = 1
x18_14 = 1
x30_14 = 1
w1 = 1
w7 = 1
w14 = 1
