Tiempo de corrida total: 0.274867
Tiempo de corrida recorrer el arbol: 0.0736141
Valor de la funcion objetivo: 2
x2_1 = 1
x27_1 = 1
x40_1 = 1
x13_5 = 1
x36_5 = 1
w1 = 1
w5 = 1
