Tiempo de corrida total: 0.0406189
Tiempo de corrida recorrer el arbol: 0.00865388
Valor de la funcion objetivo: 1
x6_2 = 1
x8_2 = 1
x30_2 = 1
x37_2 = 1
x39_2 = 1
w2 = 1
