Tiempo de corrida total: 0.116457
Tiempo de corrida recorrer el arbol: 0.0113571
Valor de la funcion objetivo: 2
x1_12 = 1
x4_12 = 1
x5_12 = 1
x8_12 = 1
x10_12 = 1
x15_12 = 1
x24_12 = 1
x27_12 = 1
x3_13 = 1
x9_13 = 1
x12_13 = 1
x14_13 = 1
x16_13 = 1
x19_13 = 1
x20_13 = 1
x21_13 = 1
x23_13 = 1
x25_13 = 1
x26_13 = 1
x29_13 = 1
w12 = 1
w13 = 1
