Tiempo de corrida total: 0.444288
Tiempo de corrida recorrer el arbol: 0.420268
Valor de la funcion objetivo: 3
x8_1 = 1
x14_1 = 1
x22_1 = 1
x7_5 = 1
x10_5 = 1
x18_5 = 1
x19_5 = 1
x11_8 = 1
x13_8 = 1
x27_8 = 1
w1 = 1
w5 = 1
w8 = 1
