Tiempo de corrida total: 0.251672
Tiempo de corrida recorrer el arbol: 0.103164
Valor de la funcion objetivo: 2
x24_2 = 1
x28_2 = 1
x31_2 = 1
x8_3 = 1
x22_3 = 1
w2 = 1
w3 = 1
