Tiempo de corrida total: 0.030005
Tiempo de corrida recorrer el arbol: 0.013391
Valor de la funcion objetivo: 1
x4_1 = 1
x5_1 = 1
x15_1 = 1
x17_1 = 1
x21_1 = 1
w1 = 1
