Tiempo de corrida total: 0.894032
Tiempo de corrida recorrer el arbol: 0.198149
Valor de la funcion objetivo: 2
x3_4 = 1
x8_4 = 1
x15_4 = 1
x21_4 = 1
x39_4 = 1
x43_4 = 1
x6_10 = 1
x7_10 = 1
x10_10 = 1
x12_10 = 1
x20_10 = 1
x24_10 = 1
x29_10 = 1
x32_10 = 1
x33_10 = 1
x34_10 = 1
x35_10 = 1
x41_10 = 1
x42_10 = 1
x48_10 = 1
w4 = 1
w10 = 1
