Tiempo de corrida total: 0.545305
Tiempo de corrida recorrer el arbol: 0.537691
Valor de la funcion objetivo: 2
x1_1 = 1
x2_1 = 1
x3_1 = 1
x4_1 = 1
x6_1 = 1
x11_1 = 1
x12_1 = 1
x16_1 = 1
x17_1 = 1
x21_1 = 1
x26_1 = 1
x7_20 = 1
x9_20 = 1
x19_20 = 1
x22_20 = 1
x23_20 = 1
x24_20 = 1
x25_20 = 1
x27_20 = 1
x30_20 = 1
w1 = 1
w20 = 1
