Tiempo de corrida total: 0.207165
Tiempo de corrida recorrer el arbol: 0.111192
Valor de la funcion objetivo: 1
x1_9 = 1
x2_9 = 1
x8_9 = 1
x16_9 = 1
x25_9 = 1
x30_9 = 1
x31_9 = 1
x32_9 = 1
x38_9 = 1
x43_9 = 1
w9 = 1
