Tiempo de corrida total: 0.0204248
Tiempo de corrida recorrer el arbol: 0.00752902
Valor de la funcion objetivo: 1
x1_3 = 1
x7_3 = 1
x8_3 = 1
x9_3 = 1
x12_3 = 1
w3 = 1
