Tiempo de corrida total: 0.110818
Tiempo de corrida recorrer el arbol: 0.034883
Valor de la funcion objetivo: 2
x1_3 = 1
x2_3 = 1
x8_5 = 1
x11_5 = 1
x23_5 = 1
w3 = 1
w5 = 1
