Tiempo de corrida total: 1.85981
Tiempo de corrida recorrer el arbol: 1.64904
Valor de la funcion objetivo: 4
x7_1 = 1
x18_1 = 1
x27_1 = 1
x16_2 = 1
x25_2 = 1
x29_2 = 1
x1_8 = 1
x12_8 = 1
x4_10 = 1
x17_10 = 1
w1 = 1
w2 = 1
w8 = 1
w10 = 1
