Tiempo de corrida total: 0.529339
Tiempo de corrida recorrer el arbol: 0.516624
Valor de la funcion objetivo: 2
x1_1 = 1
x2_1 = 1
x3_1 = 1
x4_1 = 1
x5_1 = 1
x7_1 = 1
x8_1 = 1
x9_1 = 1
x16_1 = 1
x17_1 = 1
x20_1 = 1
x22_1 = 1
x24_1 = 1
x32_1 = 1
x34_1 = 1
x35_1 = 1
x43_1 = 1
x14_2 = 1
x18_2 = 1
x28_2 = 1
w1 = 1
w2 = 1
