Tiempo de corrida total: 0.102798
Tiempo de corrida recorrer el arbol: 0.0340159
Valor de la funcion objetivo: 2
x1_9 = 1
x10_9 = 1
x11_9 = 1
x16_9 = 1
x22_9 = 1
x25_9 = 1
x27_9 = 1
x3_13 = 1
x7_13 = 1
x12_13 = 1
x15_13 = 1
x17_13 = 1
x20_13 = 1
x23_13 = 1
x24_13 = 1
w9 = 1
w13 = 1
