Tiempo de corrida total: 0.075145
Tiempo de corrida recorrer el arbol: 0.0624261
Valor de la funcion objetivo: 2
x3_1 = 1
x28_1 = 1
x30_1 = 1
x13_5 = 1
x16_5 = 1
w1 = 1
w5 = 1
