Tiempo de corrida total: 0.0298331
Tiempo de corrida recorrer el arbol: 0.00735307
Valor de la funcion objetivo: 1
x7_8 = 1
x10_8 = 1
x12_8 = 1
x13_8 = 1
x16_8 = 1
x18_8 = 1
x23_8 = 1
x27_8 = 1
x28_8 = 1
x30_8 = 1
w8 = 1
