Tiempo de corrida total: 0.204244
Tiempo de corrida recorrer el arbol: 0.024956
Valor de la funcion objetivo: 1
x4_4 = 1
x8_4 = 1
x10_4 = 1
x16_4 = 1
x25_4 = 1
w4 = 1
