Tiempo de corrida total: 0.06286
Tiempo de corrida recorrer el arbol: 0.011523
Valor de la funcion objetivo: 1
x4_2 = 1
x20_2 = 1
x25_2 = 1
x27_2 = 1
x29_2 = 1
w2 = 1
