Tiempo de corrida total: 1.10832
Tiempo de corrida recorrer el arbol: 1.06834
Valor de la funcion objetivo: 2
x3_5 = 1
x12_5 = 1
x21_5 = 1
x23_5 = 1
x6_6 = 1
x8_6 = 1
x10_6 = 1
x22_6 = 1
x31_6 = 1
x38_6 = 1
w5 = 1
w6 = 1
