Tiempo de corrida total: 0.336373
Tiempo de corrida recorrer el arbol: 0.320561
Valor de la funcion objetivo: 2
x3_2 = 1
x18_2 = 1
x27_2 = 1
x2_6 = 1
x9_6 = 1
x10_6 = 1
x11_6 = 1
x16_6 = 1
x20_6 = 1
x22_6 = 1
w2 = 1
w6 = 1
