Tiempo de corrida total: 0.921861
Tiempo de corrida recorrer el arbol: 0.900872
Valor de la funcion objetivo: 2
x1_3 = 1
x5_3 = 1
x18_3 = 1
x30_3 = 1
x34_3 = 1
x44_3 = 1
x3_6 = 1
x12_6 = 1
x16_6 = 1
x29_6 = 1
x37_6 = 1
x43_6 = 1
x47_6 = 1
x48_6 = 1
x49_6 = 1
w3 = 1
w6 = 1
