Tiempo de corrida total: 0.226168
Tiempo de corrida recorrer el arbol: 0.183476
Valor de la funcion objetivo: 2
x9_8 = 1
x10_8 = 1
x14_8 = 1
x15_8 = 1
x16_8 = 1
x17_8 = 1
x18_8 = 1
x20_8 = 1
x28_8 = 1
x34_8 = 1
x37_8 = 1
x40_8 = 1
x3_15 = 1
x12_15 = 1
x13_15 = 1
x19_15 = 1
x24_15 = 1
x26_15 = 1
x27_15 = 1
x32_15 = 1
w8 = 1
w15 = 1
