Tiempo de corrida total: 0.356718
Tiempo de corrida recorrer el arbol: 0.0654409
Valor de la funcion objetivo: 2
x3_5 = 1
x5_5 = 1
x6_5 = 1
x13_5 = 1
x14_5 = 1
x16_5 = 1
x20_5 = 1
x1_8 = 1
x8_8 = 1
x18_8 = 1
x22_8 = 1
x29_8 = 1
x35_8 = 1
x36_8 = 1
x40_8 = 1
w5 = 1
w8 = 1
