Tiempo de corrida total: 0.452846
Tiempo de corrida recorrer el arbol: 0.047822
Valor de la funcion objetivo: 2
x1_7 = 1
x10_7 = 1
x15_7 = 1
x29_7 = 1
x37_7 = 1
x41_7 = 1
x43_7 = 1
x44_7 = 1
x50_7 = 1
x4_10 = 1
x12_10 = 1
x16_10 = 1
x18_10 = 1
x20_10 = 1
x26_10 = 1
x34_10 = 1
x35_10 = 1
x45_10 = 1
x48_10 = 1
x49_10 = 1
w7 = 1
w10 = 1
