Tiempo de corrida total: 0.02683
Tiempo de corrida recorrer el arbol: 0.00717115
Valor de la funcion objetivo: 1
x1_2 = 1
x4_2 = 1
x6_2 = 1
x10_2 = 1
x34_2 = 1
w2 = 1
