Tiempo de corrida total: 0.0459421
Tiempo de corrida recorrer el arbol: 0.0315521
Valor de la funcion objetivo: 1
x4_1 = 1
x5_1 = 1
x10_1 = 1
x17_1 = 1
x23_1 = 1
w1 = 1
