Tiempo de corrida total: 0.0410471
Tiempo de corrida recorrer el arbol: 0.00893116
Valor de la funcion objetivo: 1
x2_2 = 1
x4_2 = 1
x8_2 = 1
x10_2 = 1
x17_2 = 1
w2 = 1
