Tiempo de corrida total: 0.133677
Tiempo de corrida recorrer el arbol: 0.066293
Valor de la funcion objetivo: 1
x1_3 = 1
x12_3 = 1
x18_3 = 1
x22_3 = 1
x40_3 = 1
w3 = 1
