Tiempo de corrida total: 1.51877
Tiempo de corrida recorrer el arbol: 0.341057
Valor de la funcion objetivo: 4
x10_5 = 1
x16_5 = 1
x23_5 = 1
x26_5 = 1
x2_8 = 1
x5_8 = 1
x13_8 = 1
x18_8 = 1
x1_9 = 1
x7_9 = 1
x27_9 = 1
x4_11 = 1
x17_11 = 1
x29_11 = 1
x30_11 = 1
w5 = 1
w8 = 1
w9 = 1
w11 = 1
