Tiempo de corrida total: 3.68875
Tiempo de corrida recorrer el arbol: 3.21935
Valor de la funcion objetivo: 1
x4_10 = 1
x12_10 = 1
x16_10 = 1
x20_10 = 1
x24_10 = 1
x33_10 = 1
x38_10 = 1
x39_10 = 1
x47_10 = 1
x50_10 = 1
w10 = 1
