Tiempo de corrida total: 1.19175
Tiempo de corrida recorrer el arbol: 0.75978
Valor de la funcion objetivo: 2
x2_10 = 1
x5_10 = 1
x8_10 = 1
x15_10 = 1
x27_10 = 1
x30_10 = 1
x32_10 = 1
x33_10 = 1
x9_15 = 1
x18_15 = 1
x20_15 = 1
x25_15 = 1
x34_15 = 1
x37_15 = 1
x38_15 = 1
w10 = 1
w15 = 1
