Tiempo de corrida total: 0.225082
Tiempo de corrida recorrer el arbol: 0.19912
Valor de la funcion objetivo: 1
x1_2 = 1
x6_2 = 1
x11_2 = 1
x14_2 = 1
x24_2 = 1
w2 = 1
