Tiempo de corrida total: 0.183626
Tiempo de corrida recorrer el arbol: 0.0385339
Valor de la funcion objetivo: 2
x1_9 = 1
x3_9 = 1
x8_9 = 1
x9_9 = 1
x10_9 = 1
x14_9 = 1
x15_9 = 1
x26_9 = 1
x34_9 = 1
x36_9 = 1
x40_9 = 1
x11_16 = 1
x17_16 = 1
x23_16 = 1
x24_16 = 1
x25_16 = 1
x27_16 = 1
x28_16 = 1
x35_16 = 1
x37_16 = 1
w9 = 1
w16 = 1
