Tiempo de corrida total: 0.792736
Tiempo de corrida recorrer el arbol: 0.787481
Valor de la funcion objetivo: 2
x2_14 = 1
x3_14 = 1
x5_14 = 1
x7_14 = 1
x15_14 = 1
x32_14 = 1
x34_14 = 1
x1_15 = 1
x9_15 = 1
x12_15 = 1
x13_15 = 1
x19_15 = 1
x21_15 = 1
x23_15 = 1
x25_15 = 1
w14 = 1
w15 = 1
