Tiempo de corrida total: 0.595343
Tiempo de corrida recorrer el arbol: 0.307799
Valor de la funcion objetivo: 2
x8_5 = 1
x11_5 = 1
x12_5 = 1
x16_5 = 1
x17_5 = 1
x24_5 = 1
x27_5 = 1
x28_5 = 1
x35_5 = 1
x37_5 = 1
x1_11 = 1
x5_11 = 1
x9_11 = 1
x10_11 = 1
x13_11 = 1
x18_11 = 1
x19_11 = 1
x29_11 = 1
x32_11 = 1
x34_11 = 1
w5 = 1
w11 = 1
