Tiempo de corrida total: 0.0283129
Tiempo de corrida recorrer el arbol: 0.0124309
Valor de la funcion objetivo: 1
x5_10 = 1
x6_10 = 1
x7_10 = 1
x9_10 = 1
x10_10 = 1
x14_10 = 1
x17_10 = 1
x24_10 = 1
x27_10 = 1
x29_10 = 1
w10 = 1
