Tiempo de corrida total: 0.174799
Tiempo de corrida recorrer el arbol: 0.0191069
Valor de la funcion objetivo: 1
x6_5 = 1
x8_5 = 1
x29_5 = 1
x30_5 = 1
x37_5 = 1
w5 = 1
