Tiempo de corrida total: 0.129443
Tiempo de corrida recorrer el arbol: 0.062505
Valor de la funcion objetivo: 1
x31_3 = 1
x39_3 = 1
x42_3 = 1
x47_3 = 1
x50_3 = 1
w3 = 1
