Tiempo de corrida total: 0.083123
Tiempo de corrida recorrer el arbol: 0.037647
Valor de la funcion objetivo: 2
x9_2 = 1
x23_2 = 1
x5_3 = 1
x8_3 = 1
x15_3 = 1
w2 = 1
w3 = 1
