Tiempo de corrida total: 0.0195119
Tiempo de corrida recorrer el arbol: 0.00988102
Valor de la funcion objetivo: 1
x18_3 = 1
x29_3 = 1
x37_3 = 1
x48_3 = 1
x49_3 = 1
w3 = 1
