Tiempo de corrida total: 0.013011
Tiempo de corrida recorrer el arbol: 0.0118182
Valor de la funcion objetivo: 1
x1_10 = 1
x2_10 = 1
x6_10 = 1
x9_10 = 1
x17_10 = 1
x18_10 = 1
x20_10 = 1
x25_10 = 1
x26_10 = 1
x30_10 = 1
w10 = 1
