Tiempo de corrida total: 0.0549378
Tiempo de corrida recorrer el arbol: 0.0451341
Valor de la funcion objetivo: 1
x4_5 = 1
x8_5 = 1
x23_5 = 1
x25_5 = 1
x27_5 = 1
w5 = 1
