Tiempo de corrida total: 4.14091
Tiempo de corrida recorrer el arbol: 3.99993
Valor de la funcion objetivo: 4
x9_3 = 1
x30_3 = 1
x10_6 = 1
x19_6 = 1
x20_6 = 1
x22_6 = 1
x15_8 = 1
x23_8 = 1
x13_10 = 1
x26_10 = 1
w3 = 1
w6 = 1
w8 = 1
w10 = 1
