Tiempo de corrida total: 2.46974
Tiempo de corrida recorrer el arbol: 2.34711
Valor de la funcion objetivo: 2
x1_4 = 1
x2_4 = 1
x4_4 = 1
x5_4 = 1
x20_4 = 1
x34_4 = 1
x3_5 = 1
x16_5 = 1
x26_5 = 1
x32_5 = 1
w4 = 1
w5 = 1
