Tiempo de corrida total: 0.229407
Tiempo de corrida recorrer el arbol: 0.100201
Valor de la funcion objetivo: 2
x5_1 = 1
x24_1 = 1
x35_1 = 1
x20_3 = 1
x36_3 = 1
w1 = 1
w3 = 1
