Tiempo de corrida total: 6.89421
Tiempo de corrida recorrer el arbol: 6.76953
Valor de la funcion objetivo: 3
x1_2 = 1
x10_2 = 1
x15_2 = 1
x17_2 = 1
x19_2 = 1
x20_2 = 1
x7_4 = 1
x14_4 = 1
x23_4 = 1
x4_10 = 1
x5_10 = 1
x8_10 = 1
x18_10 = 1
x25_10 = 1
x29_10 = 1
w2 = 1
w4 = 1
w10 = 1
