Tiempo de corrida total: 0.747134
Tiempo de corrida recorrer el arbol: 0.739022
Valor de la funcion objetivo: 2
x1_1 = 1
x2_1 = 1
x6_1 = 1
x13_1 = 1
x20_1 = 1
x21_1 = 1
x35_1 = 1
x15_2 = 1
x19_2 = 1
x29_2 = 1
w1 = 1
w2 = 1
