Tiempo de corrida total: 0.280622
Tiempo de corrida recorrer el arbol: 0.081166
Valor de la funcion objetivo: 2
x3_4 = 1
x9_4 = 1
x12_4 = 1
x22_4 = 1
x25_4 = 1
x31_4 = 1
x35_4 = 1
x36_4 = 1
x37_4 = 1
x45_4 = 1
x13_5 = 1
x14_5 = 1
x15_5 = 1
x19_5 = 1
x26_5 = 1
x28_5 = 1
x33_5 = 1
x34_5 = 1
x43_5 = 1
x47_5 = 1
w4 = 1
w5 = 1
