Tiempo de corrida total: 1.58596
Tiempo de corrida recorrer el arbol: 1.55697
Valor de la funcion objetivo: 2
x5_3 = 1
x15_3 = 1
x18_3 = 1
x21_3 = 1
x22_3 = 1
x36_3 = 1
x37_3 = 1
x1_5 = 1
x17_5 = 1
x30_5 = 1
w3 = 1
w5 = 1
