Tiempo de corrida total: 0.130743
Tiempo de corrida recorrer el arbol: 0.0198181
Valor de la funcion objetivo: 2
x12_1 = 1
x16_1 = 1
x28_1 = 1
x1_3 = 1
x29_3 = 1
w1 = 1
w3 = 1
