Tiempo de corrida total: 0.140495
Tiempo de corrida recorrer el arbol: 0.0799029
Valor de la funcion objetivo: 1
x1_9 = 1
x6_9 = 1
x7_9 = 1
x9_9 = 1
x16_9 = 1
x20_9 = 1
x28_9 = 1
x30_9 = 1
x35_9 = 1
x40_9 = 1
w9 = 1
