Tiempo de corrida total: 0.103021
Tiempo de corrida recorrer el arbol: 0.0142889
Valor de la funcion objetivo: 2
x4_4 = 1
x8_4 = 1
x10_4 = 1
x12_4 = 1
x16_4 = 1
x17_4 = 1
x26_4 = 1
x29_4 = 1
x1_14 = 1
x3_14 = 1
x5_14 = 1
x9_14 = 1
x14_14 = 1
x18_14 = 1
x19_14 = 1
x20_14 = 1
x23_14 = 1
x24_14 = 1
x25_14 = 1
x27_14 = 1
w4 = 1
w14 = 1
