Tiempo de corrida total: 0.469437
Tiempo de corrida recorrer el arbol: 0.309524
Valor de la funcion objetivo: 4
x15_1 = 1
x21_1 = 1
x30_1 = 1
x6_5 = 1
x27_5 = 1
x1_7 = 1
x12_7 = 1
x2_10 = 1
x17_10 = 1
x18_10 = 1
w1 = 1
w5 = 1
w7 = 1
w10 = 1
