Tiempo de corrida total: 0.0468309
Tiempo de corrida recorrer el arbol: 0.0107222
Valor de la funcion objetivo: 1
x2_2 = 1
x3_2 = 1
x8_2 = 1
x26_2 = 1
x28_2 = 1
w2 = 1
