Tiempo de corrida total: 0.0327401
Tiempo de corrida recorrer el arbol: 0.017801
Valor de la funcion objetivo: 1
x6_4 = 1
x11_4 = 1
x14_4 = 1
x18_4 = 1
x20_4 = 1
w4 = 1
