Tiempo de corrida total: 0.0557091
Tiempo de corrida recorrer el arbol: 0.012866
Valor de la funcion objetivo: 1
x8_5 = 1
x10_5 = 1
x19_5 = 1
x28_5 = 1
x43_5 = 1
w5 = 1
