Tiempo de corrida total: 0.462112
Tiempo de corrida recorrer el arbol: 0.160408
Valor de la funcion objetivo: 2
x3_3 = 1
x5_3 = 1
x12_3 = 1
x24_3 = 1
x34_3 = 1
x10_14 = 1
x13_14 = 1
x15_14 = 1
x19_14 = 1
x25_14 = 1
x26_14 = 1
x29_14 = 1
x30_14 = 1
x31_14 = 1
x35_14 = 1
w3 = 1
w14 = 1
