Tiempo de corrida total: 0.0767438
Tiempo de corrida recorrer el arbol: 0.0272961
Valor de la funcion objetivo: 2
x3_2 = 1
x10_2 = 1
x16_2 = 1
x17_2 = 1
x24_2 = 1
x25_2 = 1
x28_2 = 1
x2_6 = 1
x13_6 = 1
x19_6 = 1
w2 = 1
w6 = 1
