Tiempo de corrida total: 2.75223
Tiempo de corrida recorrer el arbol: 2.74557
Valor de la funcion objetivo: 2
x1_1 = 1
x3_1 = 1
x6_1 = 1
x9_1 = 1
x17_1 = 1
x27_1 = 1
x38_1 = 1
x39_1 = 1
x11_2 = 1
x16_2 = 1
w1 = 1
w2 = 1
