Tiempo de corrida total: 0.0381839
Tiempo de corrida recorrer el arbol: 0.0298412
Valor de la funcion objetivo: 1
x10_5 = 1
x14_5 = 1
x22_5 = 1
x29_5 = 1
x30_5 = 1
w5 = 1
