Tiempo de corrida total: 0.46809
Tiempo de corrida recorrer el arbol: 0.0466139
Valor de la funcion objetivo: 2
x29_3 = 1
x30_3 = 1
x34_3 = 1
x37_3 = 1
x8_5 = 1
w3 = 1
w5 = 1
