Tiempo de corrida total: 7.06024
Tiempo de corrida recorrer el arbol: 5.58808
Valor de la funcion objetivo: 2
x1_5 = 1
x5_5 = 1
x7_5 = 1
x10_5 = 1
x19_5 = 1
x34_5 = 1
x36_5 = 1
x9_7 = 1
x15_7 = 1
x20_7 = 1
x23_7 = 1
x25_7 = 1
x26_7 = 1
x43_7 = 1
x50_7 = 1
w5 = 1
w7 = 1
