Tiempo de corrida total: 8.52519
Tiempo de corrida recorrer el arbol: 8.22392
Valor de la funcion objetivo: 2
x5_4 = 1
x10_4 = 1
x15_4 = 1
x32_4 = 1
x37_4 = 1
x40_4 = 1
x42_4 = 1
x45_4 = 1
x47_4 = 1
x49_4 = 1
x50_4 = 1
x3_6 = 1
x7_6 = 1
x21_6 = 1
x28_6 = 1
w4 = 1
w6 = 1
