Tiempo de corrida total: 2.56502
Tiempo de corrida recorrer el arbol: 2.19598
Valor de la funcion objetivo: 2
x6_5 = 1
x13_5 = 1
x14_5 = 1
x18_5 = 1
x22_5 = 1
x28_5 = 1
x30_5 = 1
x34_5 = 1
x36_5 = 1
x25_10 = 1
w5 = 1
w10 = 1
