Tiempo de corrida total: 1.82313
Tiempo de corrida recorrer el arbol: 0.43323
Valor de la funcion objetivo: 3
x6_2 = 1
x17_2 = 1
x32_2 = 1
x35_2 = 1
x11_3 = 1
x23_3 = 1
x37_3 = 1
x38_3 = 1
x25_5 = 1
x27_5 = 1
w2 = 1
w3 = 1
w5 = 1
