Tiempo de corrida total: 0.026566
Tiempo de corrida recorrer el arbol: 0.0236192
Valor de la funcion objetivo: 1
x5_4 = 1
x7_4 = 1
x8_4 = 1
x12_4 = 1
x13_4 = 1
x15_4 = 1
x16_4 = 1
x18_4 = 1
x42_4 = 1
x43_4 = 1
w4 = 1
