Tiempo de corrida total: 0.403695
Tiempo de corrida recorrer el arbol: 0.106875
Valor de la funcion objetivo: 2
x3_2 = 1
x6_2 = 1
x9_2 = 1
x12_5 = 1
x22_5 = 1
w2 = 1
w5 = 1
