Tiempo de corrida total: 0.222879
Tiempo de corrida recorrer el arbol: 0.216954
Valor de la funcion objetivo: 2
x1_1 = 1
x2_1 = 1
x4_1 = 1
x7_1 = 1
x11_1 = 1
x18_1 = 1
x10_2 = 1
x20_2 = 1
x26_2 = 1
x30_2 = 1
w1 = 1
w2 = 1
