Tiempo de corrida total: 3.71247
Tiempo de corrida recorrer el arbol: 3.04692
Valor de la funcion objetivo: 2
x16_2 = 1
x23_2 = 1
x24_2 = 1
x31_2 = 1
x35_2 = 1
x5_5 = 1
x15_5 = 1
x37_5 = 1
x41_5 = 1
x50_5 = 1
w2 = 1
w5 = 1
