Tiempo de corrida total: 0.00691915
Tiempo de corrida recorrer el arbol: 0.00609016
Valor de la funcion objetivo: 1
x1_1 = 1
x2_1 = 1
x4_1 = 1
x13_1 = 1
x14_1 = 1
w1 = 1
