Tiempo de corrida total: 0.358418
Tiempo de corrida recorrer el arbol: 0.0833611
Valor de la funcion objetivo: 2
x8_3 = 1
x13_3 = 1
x14_3 = 1
x15_3 = 1
x17_3 = 1
x19_3 = 1
x26_3 = 1
x27_3 = 1
x33_3 = 1
x5_16 = 1
x16_16 = 1
x21_16 = 1
x22_16 = 1
x29_16 = 1
x35_16 = 1
x36_16 = 1
x37_16 = 1
x39_16 = 1
x41_16 = 1
x48_16 = 1
w3 = 1
w16 = 1
