Tiempo de corrida total: 0.055547
Tiempo de corrida recorrer el arbol: 0.0440991
Valor de la funcion objetivo: 1
x6_5 = 1
x7_5 = 1
x14_5 = 1
x23_5 = 1
x28_5 = 1
w5 = 1
