Tiempo de corrida total: 0.246677
Tiempo de corrida recorrer el arbol: 0.0327201
Valor de la funcion objetivo: 1
x42_5 = 1
x44_5 = 1
x47_5 = 1
x48_5 = 1
x49_5 = 1
w5 = 1
