Tiempo de corrida total: 3.39475
Tiempo de corrida recorrer el arbol: 3.29731
Valor de la funcion objetivo: 3
x5_3 = 1
x6_3 = 1
x8_3 = 1
x27_3 = 1
x29_3 = 1
x4_7 = 1
x9_7 = 1
x18_7 = 1
x25_7 = 1
x21_10 = 1
w3 = 1
w7 = 1
w10 = 1
