Tiempo de corrida total: 0.137608
Tiempo de corrida recorrer el arbol: 0.034642
Valor de la funcion objetivo: 2
x3_1 = 1
x12_1 = 1
x15_1 = 1
x27_1 = 1
x31_1 = 1
x32_1 = 1
x2_17 = 1
x5_17 = 1
x8_17 = 1
x9_17 = 1
x10_17 = 1
x18_17 = 1
x20_17 = 1
x22_17 = 1
x23_17 = 1
x25_17 = 1
x28_17 = 1
x29_17 = 1
x34_17 = 1
x36_17 = 1
w1 = 1
w17 = 1
