Tiempo de corrida total: 0.061271
Tiempo de corrida recorrer el arbol: 0.0305212
Valor de la funcion objetivo: 2
x2_7 = 1
x5_7 = 1
x12_7 = 1
x19_7 = 1
x1_8 = 1
x6_8 = 1
x7_8 = 1
x9_8 = 1
x17_8 = 1
x27_8 = 1
w7 = 1
w8 = 1
