Tiempo de corrida total: 1.39751
Tiempo de corrida recorrer el arbol: 1.26587
Valor de la funcion objetivo: 1
x13_2 = 1
x18_2 = 1
x25_2 = 1
x27_2 = 1
x49_2 = 1
w2 = 1
