Tiempo de corrida total: 0.105204
Tiempo de corrida recorrer el arbol: 0.0125232
Valor de la funcion objetivo: 2
x1_6 = 1
x4_6 = 1
x5_6 = 1
x8_6 = 1
x10_6 = 1
x12_6 = 1
x16_6 = 1
x17_6 = 1
x20_6 = 1
x25_6 = 1
x29_6 = 1
x3_15 = 1
x23_15 = 1
x27_15 = 1
x30_15 = 1
w6 = 1
w15 = 1
