Tiempo de corrida total: 0.00971794
Tiempo de corrida recorrer el arbol: 0.00853896
Valor de la funcion objetivo: 1
x2_1 = 1
x5_1 = 1
x10_1 = 1
x11_1 = 1
x13_1 = 1
x14_1 = 1
x19_1 = 1
x20_1 = 1
x24_1 = 1
x25_1 = 1
w1 = 1
