Tiempo de corrida total: 0.0245049
Tiempo de corrida recorrer el arbol: 0.01952
Valor de la funcion objetivo: 1
x5_2 = 1
x9_2 = 1
x10_2 = 1
x27_2 = 1
x31_2 = 1
w2 = 1
