Tiempo de corrida total: 2.20669
Tiempo de corrida recorrer el arbol: 2.10264
Valor de la funcion objetivo: 2
x2_2 = 1
x15_2 = 1
x1_8 = 1
x5_8 = 1
x8_8 = 1
x20_8 = 1
x22_8 = 1
x23_8 = 1
x24_8 = 1
x29_8 = 1
w2 = 1
w8 = 1
