Tiempo de corrida total: 0.759785
Tiempo de corrida recorrer el arbol: 0.144318
Valor de la funcion objetivo: 2
x9_2 = 1
x19_2 = 1
x31_2 = 1
x34_2 = 1
x49_2 = 1
x5_20 = 1
x16_20 = 1
x18_20 = 1
x21_20 = 1
x23_20 = 1
x24_20 = 1
x27_20 = 1
x32_20 = 1
x41_20 = 1
x42_20 = 1
x45_20 = 1
x46_20 = 1
x47_20 = 1
x48_20 = 1
x50_20 = 1
w2 = 1
w20 = 1
