Tiempo de corrida total: 0.00584197
Tiempo de corrida recorrer el arbol: 0.00419998
Valor de la funcion objetivo: 1
x1_1 = 1
x2_1 = 1
x6_1 = 1
x15_1 = 1
x18_1 = 1
w1 = 1
