Tiempo de corrida total: 0.854397
Tiempo de corrida recorrer el arbol: 0.839343
Valor de la funcion objetivo: 2
x2_2 = 1
x18_2 = 1
x9_5 = 1
x19_5 = 1
x30_5 = 1
w2 = 1
w5 = 1
