Tiempo de corrida total: 1.81935
Tiempo de corrida recorrer el arbol: 0.508282
Valor de la funcion objetivo: 2
x9_8 = 1
x13_8 = 1
x15_8 = 1
x19_8 = 1
x33_8 = 1
x39_8 = 1
x42_8 = 1
x46_8 = 1
x1_15 = 1
x14_15 = 1
x18_15 = 1
x22_15 = 1
x24_15 = 1
x41_15 = 1
x48_15 = 1
w8 = 1
w15 = 1
