Tiempo de corrida total: 2.33209
Tiempo de corrida recorrer el arbol: 2.27543
Valor de la funcion objetivo: 1
x7_10 = 1
x12_10 = 1
x13_10 = 1
x16_10 = 1
x27_10 = 1
x35_10 = 1
x36_10 = 1
x41_10 = 1
x42_10 = 1
x43_10 = 1
w10 = 1
