Tiempo de corrida total: 0.614127
Tiempo de corrida recorrer el arbol: 0.24172
Valor de la funcion objetivo: 2
x5_2 = 1
x8_2 = 1
x12_2 = 1
x27_2 = 1
x29_2 = 1
x34_2 = 1
x23_3 = 1
x25_3 = 1
x36_3 = 1
x38_3 = 1
w2 = 1
w3 = 1
