Tiempo de corrida total: 4.69164
Tiempo de corrida recorrer el arbol: 4.27016
Valor de la funcion objetivo: 2
x4_6 = 1
x10_6 = 1
x17_6 = 1
x22_6 = 1
x36_6 = 1
x40_6 = 1
x24_10 = 1
x31_10 = 1
x33_10 = 1
x35_10 = 1
w6 = 1
w10 = 1
