Tiempo de corrida total: 0.078855
Tiempo de corrida recorrer el arbol: 0.0110991
Valor de la funcion objetivo: 1
x6_2 = 1
x21_2 = 1
x26_2 = 1
x27_2 = 1
x29_2 = 1
w2 = 1
