Tiempo de corrida total: 0.637824
Tiempo de corrida recorrer el arbol: 0.630609
Valor de la funcion objetivo: 2
x23_1 = 1
x32_1 = 1
x2_5 = 1
x5_5 = 1
x16_5 = 1
w1 = 1
w5 = 1
