Tiempo de corrida total: 2.09918
Tiempo de corrida recorrer el arbol: 1.48999
Valor de la funcion objetivo: 2
x3_8 = 1
x8_8 = 1
x24_8 = 1
x28_8 = 1
x30_8 = 1
x34_8 = 1
x35_8 = 1
x42_8 = 1
x47_8 = 1
x48_8 = 1
x10_11 = 1
x19_11 = 1
x25_11 = 1
x36_11 = 1
x43_11 = 1
w8 = 1
w11 = 1
