Tiempo de corrida total: 0.834065
Tiempo de corrida recorrer el arbol: 0.768408
Valor de la funcion objetivo: 1
x4_3 = 1
x7_3 = 1
x16_3 = 1
x17_3 = 1
x19_3 = 1
w3 = 1
