Tiempo de corrida total: 7.27578
Tiempo de corrida recorrer el arbol: 7.23405
Valor de la funcion objetivo: 3
x3_1 = 1
x5_1 = 1
x14_1 = 1
x18_1 = 1
x19_1 = 1
x24_1 = 1
x30_1 = 1
x9_9 = 1
x10_9 = 1
x12_9 = 1
x13_9 = 1
x21_9 = 1
x25_9 = 1
x1_12 = 1
x4_12 = 1
x16_12 = 1
x17_12 = 1
x23_12 = 1
x26_12 = 1
x27_12 = 1
w1 = 1
w9 = 1
w12 = 1
