Tiempo de corrida total: 0.082896
Tiempo de corrida recorrer el arbol: 0.0164781
Valor de la funcion objetivo: 1
x1_2 = 1
x3_2 = 1
x4_2 = 1
x15_2 = 1
x40_2 = 1
w2 = 1
