Tiempo de corrida total: 0.212042
Tiempo de corrida recorrer el arbol: 0.0359099
Valor de la funcion objetivo: 2
x21_2 = 1
x33_2 = 1
x19_4 = 1
x23_4 = 1
x28_4 = 1
w2 = 1
w4 = 1
