Tiempo de corrida total: 0.240617
Tiempo de corrida recorrer el arbol: 0.096235
Valor de la funcion objetivo: 2
x16_15 = 1
x18_15 = 1
x25_15 = 1
x29_15 = 1
x31_15 = 1
x32_15 = 1
x34_15 = 1
x36_15 = 1
x1_19 = 1
x3_19 = 1
x4_19 = 1
x5_19 = 1
x9_19 = 1
x12_19 = 1
x13_19 = 1
x15_19 = 1
x26_19 = 1
x33_19 = 1
x37_19 = 1
x40_19 = 1
w15 = 1
w19 = 1
