Tiempo de corrida total: 0.0221372
Tiempo de corrida recorrer el arbol: 0.021138
Valor de la funcion objetivo: 1
x1_10 = 1
x2_10 = 1
x5_10 = 1
x6_10 = 1
x10_10 = 1
x12_10 = 1
x13_10 = 1
x14_10 = 1
x20_10 = 1
x29_10 = 1
w10 = 1
