Tiempo de corrida total: 1.31654
Tiempo de corrida recorrer el arbol: 1.24326
Valor de la funcion objetivo: 3
x14_6 = 1
x15_6 = 1
x16_6 = 1
x18_6 = 1
x3_8 = 1
x4_8 = 1
x5_8 = 1
x9_8 = 1
x12_8 = 1
x23_8 = 1
x6_15 = 1
x22_15 = 1
x24_15 = 1
x28_15 = 1
x29_15 = 1
w6 = 1
w8 = 1
w15 = 1
