Tiempo de corrida total: 0.198726
Tiempo de corrida recorrer el arbol: 0.194195
Valor de la funcion objetivo: 2
x1_1 = 1
x14_1 = 1
x19_1 = 1
x3_2 = 1
x11_2 = 1
w1 = 1
w2 = 1
