Tiempo de corrida total: 0.132024
Tiempo de corrida recorrer el arbol: 0.0282149
Valor de la funcion objetivo: 2
x8_11 = 1
x10_11 = 1
x17_11 = 1
x18_11 = 1
x23_11 = 1
x27_11 = 1
x30_11 = 1
x4_18 = 1
x5_18 = 1
x12_18 = 1
x13_18 = 1
x14_18 = 1
x16_18 = 1
x19_18 = 1
x20_18 = 1
x21_18 = 1
x22_18 = 1
x24_18 = 1
x26_18 = 1
x28_18 = 1
w11 = 1
w18 = 1
