Tiempo de corrida total: 0.810552
Tiempo de corrida recorrer el arbol: 0.044435
Valor de la funcion objetivo: 2
x2_2 = 1
x10_2 = 1
x17_2 = 1
x19_2 = 1
x24_2 = 1
x28_2 = 1
x31_2 = 1
x35_2 = 1
x5_12 = 1
x7_12 = 1
x12_12 = 1
x16_12 = 1
x21_12 = 1
x25_12 = 1
x27_12 = 1
w2 = 1
w12 = 1
