Tiempo de corrida total: 0.646365
Tiempo de corrida recorrer el arbol: 0.16867
Valor de la funcion objetivo: 3
x1_1 = 1
x15_1 = 1
x18_1 = 1
x4_4 = 1
x9_4 = 1
x24_4 = 1
x12_9 = 1
x14_9 = 1
x28_9 = 1
x30_9 = 1
w1 = 1
w4 = 1
w9 = 1
