Tiempo de corrida total: 2.46053
Tiempo de corrida recorrer el arbol: 0.608085
Valor de la funcion objetivo: 3
x6_4 = 1
x8_4 = 1
x10_4 = 1
x12_4 = 1
x23_4 = 1
x18_9 = 1
x19_9 = 1
x26_9 = 1
x29_9 = 1
x34_9 = 1
x5_14 = 1
x14_14 = 1
x20_14 = 1
x24_14 = 1
x30_14 = 1
w4 = 1
w9 = 1
w14 = 1
