Tiempo de corrida total: 0.618989
Tiempo de corrida recorrer el arbol: 0.173558
Valor de la funcion objetivo: 2
x11_8 = 1
x12_8 = 1
x14_8 = 1
x17_8 = 1
x19_8 = 1
x39_8 = 1
x47_8 = 1
x50_8 = 1
x3_14 = 1
x4_14 = 1
x7_14 = 1
x8_14 = 1
x18_14 = 1
x20_14 = 1
x22_14 = 1
x28_14 = 1
x33_14 = 1
x35_14 = 1
x43_14 = 1
x48_14 = 1
w8 = 1
w14 = 1
