Tiempo de corrida total: 0.101682
Tiempo de corrida recorrer el arbol: 0.0352941
Valor de la funcion objetivo: 2
x1_3 = 1
x7_3 = 1
x8_3 = 1
x10_3 = 1
x15_3 = 1
x18_3 = 1
x29_3 = 1
x14_10 = 1
x16_10 = 1
x17_10 = 1
w3 = 1
w10 = 1
