Tiempo de corrida total: 0.300986
Tiempo de corrida recorrer el arbol: 0.108344
Valor de la funcion objetivo: 2
x9_3 = 1
x17_3 = 1
x21_3 = 1
x34_3 = 1
x37_3 = 1
x1_5 = 1
x5_5 = 1
x6_5 = 1
x24_5 = 1
x31_5 = 1
w3 = 1
w5 = 1
