Tiempo de corrida total: 0.49795
Tiempo de corrida recorrer el arbol: 0.477955
Valor de la funcion objetivo: 2
x32_1 = 1
x33_1 = 1
x37_1 = 1
x12_3 = 1
x22_3 = 1
w1 = 1
w3 = 1
