Tiempo de corrida total: 0.018239
Tiempo de corrida recorrer el arbol: 0.015964
Valor de la funcion objetivo: 1
x1_1 = 1
x2_1 = 1
x5_1 = 1
x12_1 = 1
x14_1 = 1
x16_1 = 1
x17_1 = 1
x20_1 = 1
x25_1 = 1
x27_1 = 1
w1 = 1
