Tiempo de corrida total: 1.03229
Tiempo de corrida recorrer el arbol: 1.02149
Valor de la funcion objetivo: 2
x1_1 = 1
x2_1 = 1
x3_1 = 1
x4_1 = 1
x6_1 = 1
x9_1 = 1
x32_1 = 1
x40_1 = 1
x45_1 = 1
x50_1 = 1
x5_2 = 1
x12_2 = 1
x18_2 = 1
x34_2 = 1
x36_2 = 1
w1 = 1
w2 = 1
