Tiempo de corrida total: 0.145273
Tiempo de corrida recorrer el arbol: 0.0441921
Valor de la funcion objetivo: 2
x3_10 = 1
x13_10 = 1
x14_10 = 1
x18_10 = 1
x21_10 = 1
x24_10 = 1
x27_10 = 1
x34_10 = 1
x37_10 = 1
x2_16 = 1
x7_16 = 1
x10_16 = 1
x12_16 = 1
x20_16 = 1
x25_16 = 1
x30_16 = 1
x33_16 = 1
x36_16 = 1
x38_16 = 1
x40_16 = 1
w10 = 1
w16 = 1
