Tiempo de corrida total: 0.0836358
Tiempo de corrida recorrer el arbol: 0.0338268
Valor de la funcion objetivo: 1
x2_5 = 1
x3_5 = 1
x18_5 = 1
x22_5 = 1
x29_5 = 1
w5 = 1
