Tiempo de corrida total: 0.0455201
Tiempo de corrida recorrer el arbol: 0.0152509
Valor de la funcion objetivo: 1
x3_4 = 1
x6_4 = 1
x14_4 = 1
x17_4 = 1
x28_4 = 1
w4 = 1
