Tiempo de corrida total: 0.196901
Tiempo de corrida recorrer el arbol: 0.0639162
Valor de la funcion objetivo: 1
x1_4 = 1
x2_4 = 1
x3_4 = 1
x5_4 = 1
x9_4 = 1
w4 = 1
