Tiempo de corrida total: 0.0198281
Tiempo de corrida recorrer el arbol: 0.015456
Valor de la funcion objetivo: 1
x2_4 = 1
x12_4 = 1
x13_4 = 1
x17_4 = 1
x22_4 = 1
w4 = 1
