Tiempo de corrida total: 0.0353029
Tiempo de corrida recorrer el arbol: 0.0110211
Valor de la funcion objetivo: 1
x5_4 = 1
x9_4 = 1
x13_4 = 1
x24_4 = 1
x29_4 = 1
w4 = 1
