Tiempo de corrida total: 0.0979972
Tiempo de corrida recorrer el arbol: 0.0628779
Valor de la funcion objetivo: 2
x2_1 = 1
x25_1 = 1
x9_3 = 1
x12_3 = 1
x27_3 = 1
w1 = 1
w3 = 1
