Tiempo de corrida total: 0.0359759
Tiempo de corrida recorrer el arbol: 0.0108199
Valor de la funcion objetivo: 1
x1_3 = 1
x3_3 = 1
x9_3 = 1
x11_3 = 1
x15_3 = 1
w3 = 1
