Tiempo de corrida total: 0.0176439
Tiempo de corrida recorrer el arbol: 0.00945902
Valor de la funcion objetivo: 1
x5_1 = 1
x10_1 = 1
x13_1 = 1
x14_1 = 1
x18_1 = 1
x20_1 = 1
x23_1 = 1
x28_1 = 1
x31_1 = 1
x32_1 = 1
w1 = 1
