Tiempo de corrida total: 0.086041
Tiempo de corrida recorrer el arbol: 0.0406351
Valor de la funcion objetivo: 1
x3_10 = 1
x9_10 = 1
x14_10 = 1
x16_10 = 1
x19_10 = 1
x25_10 = 1
x29_10 = 1
x30_10 = 1
x35_10 = 1
x37_10 = 1
w10 = 1
