Tiempo de corrida total: 0.196968
Tiempo de corrida recorrer el arbol: 0.189268
Valor de la funcion objetivo: 2
x3_1 = 1
x10_1 = 1
x17_1 = 1
x23_1 = 1
x24_1 = 1
x25_1 = 1
x5_3 = 1
x6_3 = 1
x13_3 = 1
x22_3 = 1
w1 = 1
w3 = 1
