Tiempo de corrida total: 0.491431
Tiempo de corrida recorrer el arbol: 0.126263
Valor de la funcion objetivo: 2
x37_1 = 1
x39_1 = 1
x40_1 = 1
x9_3 = 1
x22_3 = 1
w1 = 1
w3 = 1
