Tiempo de corrida total: 0.124892
Tiempo de corrida recorrer el arbol: 0.0148439
Valor de la funcion objetivo: 2
x3_4 = 1
x4_4 = 1
x5_4 = 1
x7_4 = 1
x12_4 = 1
x14_4 = 1
x15_4 = 1
x23_4 = 1
x24_4 = 1
x29_4 = 1
x30_4 = 1
x1_15 = 1
x11_15 = 1
x22_15 = 1
x25_15 = 1
w4 = 1
w15 = 1
