Tiempo de corrida total: 0.15619
Tiempo de corrida recorrer el arbol: 0.0234342
Valor de la funcion objetivo: 2
x9_3 = 1
x11_3 = 1
x12_3 = 1
x18_3 = 1
x19_3 = 1
x20_3 = 1
x34_3 = 1
x1_9 = 1
x5_9 = 1
x14_9 = 1
x16_9 = 1
x25_9 = 1
x26_9 = 1
x29_9 = 1
x32_9 = 1
x33_9 = 1
x36_9 = 1
x37_9 = 1
x39_9 = 1
x40_9 = 1
w3 = 1
w9 = 1
