Tiempo de corrida total: 0.606468
Tiempo de corrida recorrer el arbol: 0.589557
Valor de la funcion objetivo: 2
x3_3 = 1
x16_3 = 1
x27_3 = 1
x28_3 = 1
x2_8 = 1
x7_8 = 1
x10_8 = 1
x12_8 = 1
x17_8 = 1
x19_8 = 1
w3 = 1
w8 = 1
