Tiempo de corrida total: 0.63695
Tiempo de corrida recorrer el arbol: 0.625834
Valor de la funcion objetivo: 2
x3_4 = 1
x14_4 = 1
x2_9 = 1
x11_9 = 1
x12_9 = 1
x13_9 = 1
x17_9 = 1
x18_9 = 1
x20_9 = 1
x30_9 = 1
w4 = 1
w9 = 1
