Tiempo de corrida total: 0.018492
Tiempo de corrida recorrer el arbol: 0.0096879
Valor de la funcion objetivo: 1
x1_4 = 1
x2_4 = 1
x3_4 = 1
x4_4 = 1
x10_4 = 1
w4 = 1
