Tiempo de corrida total: 0.249555
Tiempo de corrida recorrer el arbol: 0.244692
Valor de la funcion objetivo: 2
x1_1 = 1
x2_1 = 1
x4_1 = 1
x7_1 = 1
x11_1 = 1
x16_1 = 1
x18_1 = 1
x28_1 = 1
x3_2 = 1
x14_2 = 1
w1 = 1
w2 = 1
