Tiempo de corrida total: 0.0293071
Tiempo de corrida recorrer el arbol: 0.0126562
Valor de la funcion objetivo: 1
x3_4 = 1
x8_4 = 1
x10_4 = 1
x12_4 = 1
x31_4 = 1
w4 = 1
