Tiempo de corrida total: 4.97206
Tiempo de corrida recorrer el arbol: 2.36846
Valor de la funcion objetivo: 2
x3_5 = 1
x22_5 = 1
x40_5 = 1
x43_5 = 1
x44_5 = 1
x1_8 = 1
x5_8 = 1
x27_8 = 1
x29_8 = 1
x41_8 = 1
w5 = 1
w8 = 1
