Tiempo de corrida total: 2.04091
Tiempo de corrida recorrer el arbol: 1.54368
Valor de la funcion objetivo: 4
x21_3 = 1
x10_5 = 1
x14_5 = 1
x19_5 = 1
x5_6 = 1
x8_6 = 1
x26_6 = 1
x6_8 = 1
x7_8 = 1
x29_8 = 1
w3 = 1
w5 = 1
w6 = 1
w8 = 1
