Tiempo de corrida total: 0.0288141
Tiempo de corrida recorrer el arbol: 0.00693989
Valor de la funcion objetivo: 1
x1_4 = 1
x2_4 = 1
x12_4 = 1
x14_4 = 1
x15_4 = 1
w4 = 1
