Tiempo de corrida total: 0.567079
Tiempo de corrida recorrer el arbol: 0.399333
Valor de la funcion objetivo: 2
x6_4 = 1
x18_4 = 1
x20_4 = 1
x23_4 = 1
x31_4 = 1
x32_4 = 1
x36_4 = 1
x39_4 = 1
x5_6 = 1
x7_6 = 1
x26_6 = 1
x27_6 = 1
x28_6 = 1
x33_6 = 1
x37_6 = 1
w4 = 1
w6 = 1
