Tiempo de corrida total: 1.17471
Tiempo de corrida recorrer el arbol: 1.16916
Valor de la funcion objetivo: 2
x8_2 = 1
x11_2 = 1
x12_2 = 1
x17_2 = 1
x18_2 = 1
x19_2 = 1
x28_2 = 1
x30_2 = 1
x2_3 = 1
x4_3 = 1
x6_3 = 1
x10_3 = 1
x15_3 = 1
x16_3 = 1
x23_3 = 1
w2 = 1
w3 = 1
