Tiempo de corrida total: 0.264195
Tiempo de corrida recorrer el arbol: 0.0333021
Valor de la funcion objetivo: 1
x9_4 = 1
x13_4 = 1
x17_4 = 1
x24_4 = 1
x25_4 = 1
w4 = 1
