Tiempo de corrida total: 0.352673
Tiempo de corrida recorrer el arbol: 0.341093
Valor de la funcion objetivo: 2
x1_3 = 1
x11_3 = 1
x16_3 = 1
x22_3 = 1
x24_3 = 1
x2_5 = 1
x3_5 = 1
x9_5 = 1
x12_5 = 1
x13_5 = 1
x15_5 = 1
x17_5 = 1
x19_5 = 1
x23_5 = 1
x26_5 = 1
w3 = 1
w5 = 1
