Tiempo de corrida total: 1.56952
Tiempo de corrida recorrer el arbol: 1.55764
Valor de la funcion objetivo: 2
x5_1 = 1
x6_1 = 1
x7_1 = 1
x8_1 = 1
x9_1 = 1
x10_1 = 1
x11_1 = 1
x16_1 = 1
x19_1 = 1
x20_1 = 1
x25_1 = 1
x29_1 = 1
x32_1 = 1
x34_1 = 1
x3_20 = 1
x22_20 = 1
x26_20 = 1
x37_20 = 1
x38_20 = 1
x40_20 = 1
w1 = 1
w20 = 1
