Tiempo de corrida total: 0.705062
Tiempo de corrida recorrer el arbol: 0.699981
Valor de la funcion objetivo: 2
x4_1 = 1
x7_1 = 1
x10_1 = 1
x12_1 = 1
x17_1 = 1
x18_1 = 1
x26_1 = 1
x29_1 = 1
x30_1 = 1
x1_20 = 1
x2_20 = 1
x3_20 = 1
x5_20 = 1
x9_20 = 1
x19_20 = 1
x22_20 = 1
x23_20 = 1
x24_20 = 1
x25_20 = 1
x27_20 = 1
w1 = 1
w20 = 1
