Tiempo de corrida total: 7.41529
Tiempo de corrida recorrer el arbol: 5.78942
Valor de la funcion objetivo: 3
x15_2 = 1
x26_2 = 1
x29_2 = 1
x33_2 = 1
x36_2 = 1
x1_3 = 1
x5_3 = 1
x8_3 = 1
x18_3 = 1
x25_3 = 1
x31_3 = 1
x34_3 = 1
x3_19 = 1
x9_19 = 1
x16_19 = 1
x24_19 = 1
x27_19 = 1
x28_19 = 1
x35_19 = 1
x40_19 = 1
w2 = 1
w3 = 1
w19 = 1
