Tiempo de corrida total: 5.36081
Tiempo de corrida recorrer el arbol: 5.24063
Valor de la funcion objetivo: 3
x10_2 = 1
x15_2 = 1
x28_2 = 1
x32_2 = 1
x40_2 = 1
x47_2 = 1
x13_9 = 1
x25_9 = 1
x34_9 = 1
x46_9 = 1
x7_16 = 1
x11_16 = 1
x20_16 = 1
x21_16 = 1
x26_16 = 1
x27_16 = 1
x29_16 = 1
x31_16 = 1
x39_16 = 1
x48_16 = 1
w2 = 1
w9 = 1
w16 = 1
