Tiempo de corrida total: 0.00575995
Tiempo de corrida recorrer el arbol: 0.00482416
Valor de la funcion objetivo: 1
x1_1 = 1
x3_1 = 1
x8_1 = 1
x14_1 = 1
x25_1 = 1
w1 = 1
