Tiempo de corrida total: 0.0752709
Tiempo de corrida recorrer el arbol: 0.0483198
Valor de la funcion objetivo: 1
x3_8 = 1
x5_8 = 1
x7_8 = 1
x10_8 = 1
x11_8 = 1
x16_8 = 1
x24_8 = 1
x27_8 = 1
x34_8 = 1
x37_8 = 1
w8 = 1
