Tiempo de corrida total: 0.166533
Tiempo de corrida recorrer el arbol: 0.143308
Valor de la funcion objetivo: 2
x3_4 = 1
x10_4 = 1
x18_4 = 1
x28_4 = 1
x29_4 = 1
x30_4 = 1
x34_4 = 1
x40_4 = 1
x1_12 = 1
x8_12 = 1
x22_12 = 1
x25_12 = 1
x27_12 = 1
x36_12 = 1
x37_12 = 1
w4 = 1
w12 = 1
