Tiempo de corrida total: 8.73959
Tiempo de corrida recorrer el arbol: 8.73112
Valor de la funcion objetivo: 3
x1_1 = 1
x5_1 = 1
x7_1 = 1
x11_1 = 1
x30_1 = 1
x3_2 = 1
x12_2 = 1
x16_2 = 1
x8_3 = 1
x14_3 = 1
w1 = 1
w2 = 1
w3 = 1
