Tiempo de corrida total: 0.0370491
Tiempo de corrida recorrer el arbol: 0.0191319
Valor de la funcion objetivo: 1
x2_1 = 1
x6_1 = 1
x14_1 = 1
x16_1 = 1
x27_1 = 1
w1 = 1
