Tiempo de corrida total: 0.0743592
Tiempo de corrida recorrer el arbol: 0.0180788
Valor de la funcion objetivo: 2
x3_2 = 1
x28_2 = 1
x8_5 = 1
x15_5 = 1
x30_5 = 1
w2 = 1
w5 = 1
