Tiempo de corrida total: 0.059756
Tiempo de corrida recorrer el arbol: 0.014719
Valor de la funcion objetivo: 1
x12_5 = 1
x18_5 = 1
x22_5 = 1
x23_5 = 1
x27_5 = 1
w5 = 1
