Tiempo de corrida total: 0.0886021
Tiempo de corrida recorrer el arbol: 0.0377562
Valor de la funcion objetivo: 1
x5_4 = 1
x9_4 = 1
x13_4 = 1
x23_4 = 1
x30_4 = 1
w4 = 1
