Tiempo de corrida total: 0.176468
Tiempo de corrida recorrer el arbol: 0.043267
Valor de la funcion objetivo: 2
x13_3 = 1
x18_3 = 1
x19_3 = 1
x23_3 = 1
x26_3 = 1
x32_3 = 1
x1_14 = 1
x2_14 = 1
x4_14 = 1
x5_14 = 1
x9_14 = 1
x14_14 = 1
x20_14 = 1
x24_14 = 1
x27_14 = 1
x28_14 = 1
x34_14 = 1
x35_14 = 1
x37_14 = 1
x40_14 = 1
w3 = 1
w14 = 1
