Tiempo de corrida total: 7.96342
Tiempo de corrida recorrer el arbol: 7.22895
Valor de la funcion objetivo: 2
x12_7 = 1
x28_7 = 1
x33_7 = 1
x41_7 = 1
x50_7 = 1
x3_10 = 1
x10_10 = 1
x23_10 = 1
x37_10 = 1
x43_10 = 1
w7 = 1
w10 = 1
