Tiempo de corrida total: 0.402716
Tiempo de corrida recorrer el arbol: 0.395985
Valor de la funcion objetivo: 2
x1_1 = 1
x3_1 = 1
x5_1 = 1
x6_1 = 1
x10_1 = 1
x12_1 = 1
x18_1 = 1
x25_1 = 1
x4_10 = 1
x8_10 = 1
x14_10 = 1
x22_10 = 1
x23_10 = 1
x26_10 = 1
x27_10 = 1
w1 = 1
w10 = 1
