Tiempo de corrida total: 0.736143
Tiempo de corrida recorrer el arbol: 0.710947
Valor de la funcion objetivo: 2
x4_7 = 1
x9_7 = 1
x19_7 = 1
x20_7 = 1
x24_7 = 1
x25_7 = 1
x30_8 = 1
x36_8 = 1
x38_8 = 1
x40_8 = 1
w7 = 1
w8 = 1
