Tiempo de corrida total: 0.82852
Tiempo de corrida recorrer el arbol: 0.164801
Valor de la funcion objetivo: 1
x12_2 = 1
x14_2 = 1
x17_2 = 1
x28_2 = 1
x31_2 = 1
x33_2 = 1
x35_2 = 1
x37_2 = 1
x39_2 = 1
x40_2 = 1
w2 = 1
