Tiempo de corrida total: 0.033236
Tiempo de corrida recorrer el arbol: 0.00696802
Valor de la funcion objetivo: 1
x2_2 = 1
x9_2 = 1
x12_2 = 1
x15_2 = 1
x34_2 = 1
w2 = 1
