Tiempo de corrida total: 0.080111
Tiempo de corrida recorrer el arbol: 0.0225101
Valor de la funcion objetivo: 1
x1_7 = 1
x3_7 = 1
x8_7 = 1
x31_7 = 1
x33_7 = 1
x34_7 = 1
x36_7 = 1
x37_7 = 1
x40_7 = 1
x46_7 = 1
w7 = 1
