Tiempo de corrida total: 0.346293
Tiempo de corrida recorrer el arbol: 0.088176
Valor de la funcion objetivo: 1
x6_3 = 1
x17_3 = 1
x27_3 = 1
x33_3 = 1
x41_3 = 1
w3 = 1
