Tiempo de corrida total: 0.193075
Tiempo de corrida recorrer el arbol: 0.0982819
Valor de la funcion objetivo: 1
x6_5 = 1
x8_5 = 1
x21_5 = 1
x28_5 = 1
x49_5 = 1
w5 = 1
