Tiempo de corrida total: 0.017221
Tiempo de corrida recorrer el arbol: 0.00443506
Valor de la funcion objetivo: 1
x1_10 = 1
x2_10 = 1
x4_10 = 1
x8_10 = 1
x10_10 = 1
x16_10 = 1
x17_10 = 1
x21_10 = 1
x26_10 = 1
x27_10 = 1
w10 = 1
