Tiempo de corrida total: 0.680037
Tiempo de corrida recorrer el arbol: 0.513012
Valor de la funcion objetivo: 3
x3_9 = 1
x4_9 = 1
x6_9 = 1
x25_9 = 1
x29_9 = 1
x1_12 = 1
x5_12 = 1
x16_12 = 1
x17_12 = 1
x11_14 = 1
x18_14 = 1
x19_14 = 1
x22_14 = 1
x23_14 = 1
x30_14 = 1
w9 = 1
w12 = 1
w14 = 1
