Tiempo de corrida total: 0.112711
Tiempo de corrida recorrer el arbol: 0.013412
Valor de la funcion objetivo: 2
x5_2 = 1
x7_2 = 1
x8_2 = 1
x10_2 = 1
x19_2 = 1
x20_2 = 1
x24_2 = 1
x28_2 = 1
x11_10 = 1
x21_10 = 1
w2 = 1
w10 = 1
