Tiempo de corrida total: 0.0652399
Tiempo de corrida recorrer el arbol: 0.0448251
Valor de la funcion objetivo: 1
x1_3 = 1
x2_3 = 1
x6_3 = 1
x9_3 = 1
x18_3 = 1
x25_3 = 1
x26_3 = 1
x29_3 = 1
x30_3 = 1
x32_3 = 1
x41_3 = 1
x45_3 = 1
x46_3 = 1
x47_3 = 1
x48_3 = 1
w3 = 1
