Tiempo de corrida total: 3.40957
Tiempo de corrida recorrer el arbol: 0.521993
Valor de la funcion objetivo: 2
x10_5 = 1
x22_5 = 1
x42_5 = 1
x47_5 = 1
x12_6 = 1
x16_6 = 1
x20_6 = 1
x29_6 = 1
x31_6 = 1
x39_6 = 1
w5 = 1
w6 = 1
