Tiempo de corrida total: 0.472392
Tiempo de corrida recorrer el arbol: 0.365208
Valor de la funcion objetivo: 2
x6_1 = 1
x29_2 = 1
x30_2 = 1
x34_2 = 1
x37_2 = 1
w1 = 1
w2 = 1
