Tiempo de corrida total: 0.56557
Tiempo de corrida recorrer el arbol: 0.559152
Valor de la funcion objetivo: 2
x1_1 = 1
x7_1 = 1
x25_1 = 1
x4_2 = 1
x12_2 = 1
w1 = 1
w2 = 1
