Tiempo de corrida total: 2.22934
Tiempo de corrida recorrer el arbol: 1.81787
Valor de la funcion objetivo: 2
x9_6 = 1
x16_6 = 1
x17_6 = 1
x20_6 = 1
x29_6 = 1
x32_6 = 1
x35_6 = 1
x49_6 = 1
x37_9 = 1
x41_9 = 1
w6 = 1
w9 = 1
