Tiempo de corrida total: 1.26919
Tiempo de corrida recorrer el arbol: 1.10283
Valor de la funcion objetivo: 2
x4_3 = 1
x10_3 = 1
x19_3 = 1
x36_3 = 1
x39_3 = 1
x15_9 = 1
x20_9 = 1
x26_9 = 1
x33_9 = 1
x37_9 = 1
w3 = 1
w9 = 1
