Tiempo de corrida total: 0.425437
Tiempo de corrida recorrer el arbol: 0.398003
Valor de la funcion objetivo: 2
x1_17 = 1
x4_17 = 1
x5_17 = 1
x8_17 = 1
x17_17 = 1
x19_17 = 1
x20_17 = 1
x26_17 = 1
x28_17 = 1
x3_19 = 1
x10_19 = 1
x12_19 = 1
x14_19 = 1
x15_19 = 1
x18_19 = 1
x23_19 = 1
x24_19 = 1
x25_19 = 1
x29_19 = 1
x30_19 = 1
w17 = 1
w19 = 1
