Tiempo de corrida total: 0.863589
Tiempo de corrida recorrer el arbol: 0.308458
Valor de la funcion objetivo: 1
x13_4 = 1
x23_4 = 1
x24_4 = 1
x28_4 = 1
x31_4 = 1
w4 = 1
