Tiempo de corrida total: 2.46438
Tiempo de corrida recorrer el arbol: 0.736518
Valor de la funcion objetivo: 2
x1_9 = 1
x6_9 = 1
x12_9 = 1
x13_9 = 1
x35_9 = 1
x39_9 = 1
x50_9 = 1
x7_15 = 1
x10_15 = 1
x18_15 = 1
x20_15 = 1
x26_15 = 1
x36_15 = 1
x37_15 = 1
x42_15 = 1
w9 = 1
w15 = 1
