Tiempo de corrida total: 5.72363
Tiempo de corrida recorrer el arbol: 5.05501
Valor de la funcion objetivo: 1
x3_1 = 1
x12_1 = 1
x14_1 = 1
x17_1 = 1
x33_1 = 1
x34_1 = 1
x37_1 = 1
x39_1 = 1
x44_1 = 1
x48_1 = 1
w1 = 1
