Tiempo de corrida total: 0.074861
Tiempo de corrida recorrer el arbol: 0.015887
Valor de la funcion objetivo: 1
x10_2 = 1
x17_2 = 1
x21_2 = 1
x24_2 = 1
x31_2 = 1
w2 = 1
