Tiempo de corrida total: 3.49131
Tiempo de corrida recorrer el arbol: 3.40936
Valor de la funcion objetivo: 2
x16_12 = 1
x18_12 = 1
x20_12 = 1
x26_12 = 1
x33_12 = 1
x1_20 = 1
x3_20 = 1
x5_20 = 1
x9_20 = 1
x12_20 = 1
x17_20 = 1
x19_20 = 1
x21_20 = 1
x27_20 = 1
x28_20 = 1
x30_20 = 1
x36_20 = 1
x48_20 = 1
x49_20 = 1
x50_20 = 1
w12 = 1
w20 = 1
