Tiempo de corrida total: 0.536537
Tiempo de corrida recorrer el arbol: 0.443416
Valor de la funcion objetivo: 1
x13_5 = 1
x14_5 = 1
x16_5 = 1
x19_5 = 1
x25_5 = 1
w5 = 1
