Tiempo de corrida total: 7.05572
Tiempo de corrida recorrer el arbol: 5.98502
Valor de la funcion objetivo: 3
x23_6 = 1
x32_6 = 1
x34_6 = 1
x36_6 = 1
x37_6 = 1
x3_11 = 1
x20_11 = 1
x26_11 = 1
x31_11 = 1
x1_13 = 1
x5_13 = 1
x8_13 = 1
x19_13 = 1
x27_13 = 1
x30_13 = 1
w6 = 1
w11 = 1
w13 = 1
