Tiempo de corrida total: 0.599421
Tiempo de corrida recorrer el arbol: 0.591266
Valor de la funcion objetivo: 2
x1_1 = 1
x3_1 = 1
x7_1 = 1
x19_1 = 1
x8_2 = 1
w1 = 1
w2 = 1
