Tiempo de corrida total: 4.22902
Tiempo de corrida recorrer el arbol: 4.08125
Valor de la funcion objetivo: 2
x3_5 = 1
x12_5 = 1
x14_5 = 1
x15_5 = 1
x16_5 = 1
x19_5 = 1
x20_5 = 1
x32_5 = 1
x43_5 = 1
x48_5 = 1
x49_5 = 1
x10_7 = 1
x13_7 = 1
x22_7 = 1
x25_7 = 1
w5 = 1
w7 = 1
