Tiempo de corrida total: 0.020792
Tiempo de corrida recorrer el arbol: 0.00543404
Valor de la funcion objetivo: 1
x14_5 = 1
x21_5 = 1
x28_5 = 1
x29_5 = 1
x30_5 = 1
w5 = 1
