Tiempo de corrida total: 0.0606151
Tiempo de corrida recorrer el arbol: 0.0147231
Valor de la funcion objetivo: 1
x12_4 = 1
x15_4 = 1
x21_4 = 1
x26_4 = 1
x28_4 = 1
w4 = 1
