Tiempo de corrida total: 0.135438
Tiempo de corrida recorrer el arbol: 0.0186481
Valor de la funcion objetivo: 1
x10_10 = 1
x15_10 = 1
x16_10 = 1
x23_10 = 1
x27_10 = 1
x32_10 = 1
x34_10 = 1
x37_10 = 1
x38_10 = 1
x45_10 = 1
w10 = 1
