Tiempo de corrida total: 9.46734
Tiempo de corrida recorrer el arbol: 8.91659
Valor de la funcion objetivo: 3
x9_2 = 1
x14_2 = 1
x20_2 = 1
x1_4 = 1
x7_4 = 1
x12_4 = 1
x22_4 = 1
x8_9 = 1
x10_9 = 1
x36_9 = 1
w2 = 1
w4 = 1
w9 = 1
