Tiempo de corrida total: 0.227786
Tiempo de corrida recorrer el arbol: 0.0654731
Valor de la funcion objetivo: 2
x5_8 = 1
x12_8 = 1
x19_8 = 1
x25_8 = 1
x29_8 = 1
x38_8 = 1
x2_13 = 1
x3_13 = 1
x6_13 = 1
x16_13 = 1
x18_13 = 1
x20_13 = 1
x26_13 = 1
x34_13 = 1
x36_13 = 1
w8 = 1
w13 = 1
