Tiempo de corrida total: 0.00851893
Tiempo de corrida recorrer el arbol: 0.003093
Valor de la funcion objetivo: 1
x1_1 = 1
x2_1 = 1
x4_1 = 1
x17_1 = 1
x22_1 = 1
w1 = 1
