Tiempo de corrida total: 0.0425429
Tiempo de corrida recorrer el arbol: 0.0201099
Valor de la funcion objetivo: 1
x11_1 = 1
x22_1 = 1
x24_1 = 1
x25_1 = 1
x29_1 = 1
w1 = 1
