Tiempo de corrida total: 0.440296
Tiempo de corrida recorrer el arbol: 0.422892
Valor de la funcion objetivo: 2
x33_4 = 1
x37_4 = 1
x5_5 = 1
x29_5 = 1
x34_5 = 1
w4 = 1
w5 = 1
