Tiempo de corrida total: 0.495445
Tiempo de corrida recorrer el arbol: 0.100051
Valor de la funcion objetivo: 2
x15_2 = 1
x29_2 = 1
x34_2 = 1
x37_2 = 1
x35_4 = 1
w2 = 1
w4 = 1
