Tiempo de corrida total: 0.471709
Tiempo de corrida recorrer el arbol: 0.463649
Valor de la funcion objetivo: 2
x4_1 = 1
x5_1 = 1
x15_1 = 1
x29_1 = 1
x34_1 = 1
x16_7 = 1
x17_7 = 1
x31_7 = 1
x32_7 = 1
x37_7 = 1
w1 = 1
w7 = 1
