Tiempo de corrida total: 0.306131
Tiempo de corrida recorrer el arbol: 0.289432
Valor de la funcion objetivo: 1
x6_4 = 1
x9_4 = 1
x12_4 = 1
x18_4 = 1
x33_4 = 1
w4 = 1
