Tiempo de corrida total: 0.49864
Tiempo de corrida recorrer el arbol: 0.406581
Valor de la funcion objetivo: 2
x3_2 = 1
x10_2 = 1
x15_2 = 1
x17_2 = 1
x27_2 = 1
x6_3 = 1
x9_3 = 1
x18_3 = 1
x25_3 = 1
x30_3 = 1
w2 = 1
w3 = 1
