Tiempo de corrida total: 0.648016
Tiempo de corrida recorrer el arbol: 0.637726
Valor de la funcion objetivo: 2
x1_1 = 1
x2_1 = 1
x3_1 = 1
x4_1 = 1
x5_1 = 1
x6_1 = 1
x8_1 = 1
x10_1 = 1
x15_1 = 1
x21_1 = 1
x24_1 = 1
x25_1 = 1
x27_1 = 1
x7_2 = 1
x14_2 = 1
x18_2 = 1
x19_2 = 1
x20_2 = 1
x29_2 = 1
x30_2 = 1
w1 = 1
w2 = 1
