Tiempo de corrida total: 0.27489
Tiempo de corrida recorrer el arbol: 0.151725
Valor de la funcion objetivo: 2
x7_3 = 1
x19_3 = 1
x21_3 = 1
x24_4 = 1
x37_4 = 1
w3 = 1
w4 = 1
