Tiempo de corrida total: 9.41478
Tiempo de corrida recorrer el arbol: 9.33724
Valor de la funcion objetivo: 3
x20_3 = 1
x28_3 = 1
x37_3 = 1
x38_3 = 1
x2_7 = 1
x12_7 = 1
x6_8 = 1
x17_8 = 1
x32_8 = 1
x35_8 = 1
w3 = 1
w7 = 1
w8 = 1
