Tiempo de corrida total: 2.43497
Tiempo de corrida recorrer el arbol: 2.40674
Valor de la funcion objetivo: 3
x2_5 = 1
x10_5 = 1
x25_5 = 1
x28_5 = 1
x8_6 = 1
x15_6 = 1
x16_6 = 1
x21_6 = 1
x24_6 = 1
x29_6 = 1
x6_10 = 1
x14_10 = 1
x18_10 = 1
x27_10 = 1
x30_10 = 1
w5 = 1
w6 = 1
w10 = 1
