Tiempo de corrida total: 0.208097
Tiempo de corrida recorrer el arbol: 0.0686431
Valor de la funcion objetivo: 2
x21_1 = 1
x32_1 = 1
x29_4 = 1
x34_4 = 1
x37_4 = 1
w1 = 1
w4 = 1
