Tiempo de corrida total: 0.467572
Tiempo de corrida recorrer el arbol: 0.453624
Valor de la funcion objetivo: 2
x2_8 = 1
x8_8 = 1
x14_8 = 1
x9_10 = 1
x12_10 = 1
x13_10 = 1
x20_10 = 1
x24_10 = 1
x27_10 = 1
x38_10 = 1
w8 = 1
w10 = 1
