Tiempo de corrida total: 1.06494
Tiempo de corrida recorrer el arbol: 0.618709
Valor de la funcion objetivo: 4
x18_2 = 1
x28_2 = 1
x5_4 = 1
x8_4 = 1
x26_4 = 1
x1_5 = 1
x23_5 = 1
x24_5 = 1
x9_9 = 1
x21_9 = 1
w2 = 1
w4 = 1
w5 = 1
w9 = 1
