Tiempo de corrida total: 0.176244
Tiempo de corrida recorrer el arbol: 0.0555458
Valor de la funcion objetivo: 2
x7_12 = 1
x9_12 = 1
x12_12 = 1
x16_12 = 1
x18_12 = 1
x22_12 = 1
x29_12 = 1
x32_12 = 1
x37_12 = 1
x1_17 = 1
x2_17 = 1
x6_17 = 1
x10_17 = 1
x11_17 = 1
x13_17 = 1
x14_17 = 1
x19_17 = 1
x21_17 = 1
x24_17 = 1
x36_17 = 1
w12 = 1
w17 = 1
