Tiempo de corrida total: 1.44648
Tiempo de corrida recorrer el arbol: 1.41877
Valor de la funcion objetivo: 2
x3_5 = 1
x7_5 = 1
x16_5 = 1
x19_5 = 1
x22_5 = 1
x24_5 = 1
x1_15 = 1
x2_15 = 1
x6_15 = 1
x8_15 = 1
x11_15 = 1
x14_15 = 1
x15_15 = 1
x17_15 = 1
x18_15 = 1
x20_15 = 1
x23_15 = 1
x26_15 = 1
x28_15 = 1
x30_15 = 1
w5 = 1
w15 = 1
