Tiempo de corrida total: 0.482524
Tiempo de corrida recorrer el arbol: 0.448455
Valor de la funcion objetivo: 2
x1_7 = 1
x3_7 = 1
x5_7 = 1
x9_7 = 1
x14_7 = 1
x19_7 = 1
x20_7 = 1
x23_7 = 1
x24_7 = 1
x27_7 = 1
x4_18 = 1
x10_18 = 1
x12_18 = 1
x17_18 = 1
x18_18 = 1
x21_18 = 1
x25_18 = 1
x26_18 = 1
x29_18 = 1
x30_18 = 1
w7 = 1
w18 = 1
