Tiempo de corrida total: 0.678013
Tiempo de corrida recorrer el arbol: 0.43666
Valor de la funcion objetivo: 2
x1_3 = 1
x4_3 = 1
x6_3 = 1
x7_3 = 1
x13_3 = 1
x16_3 = 1
x39_3 = 1
x48_3 = 1
x2_11 = 1
x5_11 = 1
x18_11 = 1
x22_11 = 1
x25_11 = 1
x37_11 = 1
x40_11 = 1
w3 = 1
w11 = 1
