Tiempo de corrida total: 2.06418
Tiempo de corrida recorrer el arbol: 1.34307
Valor de la funcion objetivo: 2
x5_2 = 1
x12_2 = 1
x15_2 = 1
x16_2 = 1
x19_2 = 1
x36_2 = 1
x43_2 = 1
x46_2 = 1
x1_6 = 1
x24_6 = 1
x34_6 = 1
x37_6 = 1
x40_6 = 1
x47_6 = 1
x48_6 = 1
w2 = 1
w6 = 1
