Tiempo de corrida total: 0.100124
Tiempo de corrida recorrer el arbol: 0.0378132
Valor de la funcion objetivo: 2
x8_2 = 1
x14_2 = 1
x21_2 = 1
x11_4 = 1
x19_4 = 1
w2 = 1
w4 = 1
