Tiempo de corrida total: 0.188239
Tiempo de corrida recorrer el arbol: 0.177713
Valor de la funcion objetivo: 1
x3_2 = 1
x13_2 = 1
x17_2 = 1
x18_2 = 1
x26_2 = 1
w2 = 1
