Tiempo de corrida total: 2.69858
Tiempo de corrida recorrer el arbol: 2.44911
Valor de la funcion objetivo: 4
x7_3 = 1
x13_3 = 1
x14_3 = 1
x16_4 = 1
x23_4 = 1
x6_5 = 1
x11_5 = 1
x17_5 = 1
x9_9 = 1
x30_9 = 1
w3 = 1
w4 = 1
w5 = 1
w9 = 1
