Tiempo de corrida total: 1.49594
Tiempo de corrida recorrer el arbol: 0.457649
Valor de la funcion objetivo: 5
x4_2 = 1
x12_2 = 1
x29_2 = 1
x10_6 = 1
x15_6 = 1
x20_6 = 1
x5_8 = 1
x17_8 = 1
x30_8 = 1
x23_13 = 1
x25_13 = 1
x27_13 = 1
x1_14 = 1
x16_14 = 1
x18_14 = 1
w2 = 1
w6 = 1
w8 = 1
w13 = 1
w14 = 1
