Tiempo de corrida total: 0.317617
Tiempo de corrida recorrer el arbol: 0.0779538
Valor de la funcion objetivo: 1
x22_4 = 1
x24_4 = 1
x26_4 = 1
x46_4 = 1
x50_4 = 1
w4 = 1
