Tiempo de corrida total: 4.21985
Tiempo de corrida recorrer el arbol: 4.20291
Valor de la funcion objetivo: 2
x1_1 = 1
x5_1 = 1
x10_1 = 1
x17_1 = 1
x29_1 = 1
x18_9 = 1
x20_9 = 1
x28_9 = 1
x43_9 = 1
x45_9 = 1
w1 = 1
w9 = 1
