Tiempo de corrida total: 0.28393
Tiempo de corrida recorrer el arbol: 0.196114
Valor de la funcion objetivo: 4
x11_3 = 1
x21_3 = 1
x29_3 = 1
x30_3 = 1
x3_4 = 1
x22_4 = 1
x25_4 = 1
x10_9 = 1
x13_9 = 1
x19_9 = 1
x4_11 = 1
x5_11 = 1
x12_11 = 1
x16_11 = 1
x27_11 = 1
w3 = 1
w4 = 1
w9 = 1
w11 = 1
