Tiempo de corrida total: 1.63251
Tiempo de corrida recorrer el arbol: 1.62642
Valor de la funcion objetivo: 2
x1_1 = 1
x2_1 = 1
x4_1 = 1
x8_1 = 1
x9_1 = 1
x10_1 = 1
x11_1 = 1
x14_1 = 1
x21_1 = 1
x26_1 = 1
x27_1 = 1
x29_1 = 1
x39_1 = 1
x18_2 = 1
x40_2 = 1
w1 = 1
w2 = 1
