Tiempo de corrida total: 0.26732
Tiempo de corrida recorrer el arbol: 0.251023
Valor de la funcion objetivo: 2
x8_3 = 1
x24_3 = 1
x25_3 = 1
x1_5 = 1
x7_5 = 1
w3 = 1
w5 = 1
