Tiempo de corrida total: 1.37995
Tiempo de corrida recorrer el arbol: 1.23078
Valor de la funcion objetivo: 2
x6_1 = 1
x18_1 = 1
x25_1 = 1
x30_1 = 1
x1_9 = 1
x3_9 = 1
x10_9 = 1
x15_9 = 1
x17_9 = 1
x27_9 = 1
w1 = 1
w9 = 1
