Tiempo de corrida total: 0.269716
Tiempo de corrida recorrer el arbol: 0.0878248
Valor de la funcion objetivo: 2
x3_5 = 1
x9_5 = 1
x13_5 = 1
x24_5 = 1
x29_5 = 1
x30_5 = 1
x33_5 = 1
x35_5 = 1
x5_12 = 1
x7_12 = 1
x14_12 = 1
x21_12 = 1
x25_12 = 1
x26_12 = 1
x39_12 = 1
w5 = 1
w12 = 1
