Tiempo de corrida total: 1.17063
Tiempo de corrida recorrer el arbol: 1.14733
Valor de la funcion objetivo: 2
x1_1 = 1
x3_1 = 1
x4_1 = 1
x6_1 = 1
x7_1 = 1
x8_1 = 1
x9_1 = 1
x19_1 = 1
x33_1 = 1
x5_2 = 1
x18_2 = 1
x32_2 = 1
x35_2 = 1
x36_2 = 1
x40_2 = 1
w1 = 1
w2 = 1
