Tiempo de corrida total: 1.03981
Tiempo de corrida recorrer el arbol: 1.01067
Valor de la funcion objetivo: 2
x11_2 = 1
x13_2 = 1
x22_2 = 1
x24_2 = 1
x28_2 = 1
x29_2 = 1
x30_2 = 1
x5_14 = 1
x7_14 = 1
x15_14 = 1
x17_14 = 1
x19_14 = 1
x20_14 = 1
x23_14 = 1
x26_14 = 1
w2 = 1
w14 = 1
