Tiempo de corrida total: 0.655431
Tiempo de corrida recorrer el arbol: 0.647679
Valor de la funcion objetivo: 2
x1_1 = 1
x3_1 = 1
x8_1 = 1
x10_1 = 1
x16_1 = 1
x35_1 = 1
x37_1 = 1
x2_14 = 1
x5_14 = 1
x9_14 = 1
x12_14 = 1
x19_14 = 1
x23_14 = 1
x30_14 = 1
x40_14 = 1
w1 = 1
w14 = 1
