Tiempo de corrida total: 1.14344
Tiempo de corrida recorrer el arbol: 1.06255
Valor de la funcion objetivo: 2
x4_10 = 1
x44_10 = 1
x2_14 = 1
x5_14 = 1
x12_14 = 1
x18_14 = 1
x24_14 = 1
x25_14 = 1
x26_14 = 1
x30_14 = 1
x31_14 = 1
x34_14 = 1
x36_14 = 1
x40_14 = 1
x41_14 = 1
w10 = 1
w14 = 1
