Tiempo de corrida total: 0.833849
Tiempo de corrida recorrer el arbol: 0.824154
Valor de la funcion objetivo: 2
x1_1 = 1
x2_1 = 1
x3_1 = 1
x5_1 = 1
x8_1 = 1
x11_1 = 1
x15_1 = 1
x16_1 = 1
x32_1 = 1
x33_1 = 1
x36_1 = 1
x9_2 = 1
x14_2 = 1
x18_2 = 1
x21_2 = 1
w1 = 1
w2 = 1
