Tiempo de corrida total: 0.169705
Tiempo de corrida recorrer el arbol: 0.0355709
Valor de la funcion objetivo: 1
x6_5 = 1
x7_5 = 1
x10_5 = 1
x35_5 = 1
x36_5 = 1
w5 = 1
