Tiempo de corrida total: 0.929263
Tiempo de corrida recorrer el arbol: 0.899755
Valor de la funcion objetivo: 2
x4_1 = 1
x7_1 = 1
x22_1 = 1
x29_1 = 1
x30_1 = 1
x2_6 = 1
x6_6 = 1
x10_6 = 1
x17_6 = 1
x25_6 = 1
w1 = 1
w6 = 1
