Tiempo de corrida total: 0.0834539
Tiempo de corrida recorrer el arbol: 0.0105791
Valor de la funcion objetivo: 1
x1_1 = 1
x3_1 = 1
x4_1 = 1
x5_1 = 1
x16_1 = 1
w1 = 1
