Tiempo de corrida total: 0.325735
Tiempo de corrida recorrer el arbol: 0.283262
Valor de la funcion objetivo: 2
x3_5 = 1
x17_5 = 1
x2_6 = 1
x9_6 = 1
x10_6 = 1
x11_6 = 1
x13_6 = 1
x18_6 = 1
x20_6 = 1
x30_6 = 1
w5 = 1
w6 = 1
