Tiempo de corrida total: 0.221255
Tiempo de corrida recorrer el arbol: 0.0880721
Valor de la funcion objetivo: 1
x1_5 = 1
x9_5 = 1
x21_5 = 1
x27_5 = 1
x29_5 = 1
w5 = 1
