Tiempo de corrida total: 0.0355811
Tiempo de corrida recorrer el arbol: 0.00832796
Valor de la funcion objetivo: 1
x30_4 = 1
x31_4 = 1
x37_4 = 1
x39_4 = 1
x40_4 = 1
w4 = 1
