Tiempo de corrida total: 0.464737
Tiempo de corrida recorrer el arbol: 0.0593951
Valor de la funcion objetivo: 3
x9_3 = 1
x12_3 = 1
x15_3 = 1
x19_3 = 1
x23_3 = 1
x26_3 = 1
x1_10 = 1
x3_10 = 1
x4_10 = 1
x5_10 = 1
x10_10 = 1
x20_10 = 1
x27_10 = 1
x7_11 = 1
x11_11 = 1
x13_11 = 1
x17_11 = 1
x21_11 = 1
x25_11 = 1
x29_11 = 1
w3 = 1
w10 = 1
w11 = 1
