Tiempo de corrida total: 0.040905
Tiempo de corrida recorrer el arbol: 0.0158658
Valor de la funcion objetivo: 1
x10_1 = 1
x11_1 = 1
x17_1 = 1
x20_1 = 1
x24_1 = 1
x25_1 = 1
x26_1 = 1
x27_1 = 1
x28_1 = 1
x30_1 = 1
w1 = 1
