Tiempo de corrida total: 0.0448189
Tiempo de corrida recorrer el arbol: 0.0156779
Valor de la funcion objetivo: 1
x6_1 = 1
x14_1 = 1
x16_1 = 1
x17_1 = 1
x22_1 = 1
x26_1 = 1
x31_1 = 1
x33_1 = 1
x37_1 = 1
x38_1 = 1
x40_1 = 1
x41_1 = 1
x44_1 = 1
x45_1 = 1
x46_1 = 1
w1 = 1
