Tiempo de corrida total: 0.0730422
Tiempo de corrida recorrer el arbol: 0.0717158
Valor de la funcion objetivo: 1
x6_5 = 1
x7_5 = 1
x18_5 = 1
x25_5 = 1
x28_5 = 1
w5 = 1
