Tiempo de corrida total: 0.148709
Tiempo de corrida recorrer el arbol: 0.022352
Valor de la funcion objetivo: 2
x3_2 = 1
x6_2 = 1
x9_2 = 1
x2_3 = 1
x22_3 = 1
w2 = 1
w3 = 1
