Tiempo de corrida total: 1.83049
Tiempo de corrida recorrer el arbol: 1.59613
Valor de la funcion objetivo: 2
x6_10 = 1
x10_10 = 1
x15_10 = 1
x16_10 = 1
x20_10 = 1
x23_10 = 1
x27_10 = 1
x40_10 = 1
x7_14 = 1
x8_14 = 1
x17_14 = 1
x18_14 = 1
x19_14 = 1
x28_14 = 1
x30_14 = 1
w10 = 1
w14 = 1
