Tiempo de corrida total: 0.240182
Tiempo de corrida recorrer el arbol: 0.0662479
Valor de la funcion objetivo: 2
x19_8 = 1
x23_8 = 1
x26_8 = 1
x33_8 = 1
x34_8 = 1
x42_8 = 1
x47_8 = 1
x50_8 = 1
x3_9 = 1
x7_9 = 1
x9_9 = 1
x17_9 = 1
x18_9 = 1
x25_9 = 1
x29_9 = 1
x35_9 = 1
x36_9 = 1
x38_9 = 1
x39_9 = 1
x44_9 = 1
w8 = 1
w9 = 1
