Tiempo de corrida total: 0.193017
Tiempo de corrida recorrer el arbol: 0.057059
Valor de la funcion objetivo: 1
x2_3 = 1
x7_3 = 1
x12_3 = 1
x16_3 = 1
x23_3 = 1
x24_3 = 1
x42_3 = 1
x44_3 = 1
x45_3 = 1
x50_3 = 1
w3 = 1
