Tiempo de corrida total: 5.43973
Tiempo de corrida recorrer el arbol: 5.41165
Valor de la funcion objetivo: 3
x1_3 = 1
x5_3 = 1
x7_3 = 1
x8_3 = 1
x15_3 = 1
x19_3 = 1
x4_4 = 1
x17_4 = 1
x18_4 = 1
x10_12 = 1
x20_12 = 1
x23_12 = 1
x25_12 = 1
x28_12 = 1
x29_12 = 1
w3 = 1
w4 = 1
w12 = 1
