Tiempo de corrida total: 0.0445678
Tiempo de corrida recorrer el arbol: 0.0281348
Valor de la funcion objetivo: 1
x5_8 = 1
x10_8 = 1
x14_8 = 1
x18_8 = 1
x22_8 = 1
x25_8 = 1
x27_8 = 1
x29_8 = 1
x36_8 = 1
x39_8 = 1
w8 = 1
