Tiempo de corrida total: 0.813671
Tiempo de corrida recorrer el arbol: 0.704784
Valor de la funcion objetivo: 2
x34_2 = 1
x40_2 = 1
x6_5 = 1
x14_5 = 1
x21_5 = 1
w2 = 1
w5 = 1
