Tiempo de corrida total: 0.343006
Tiempo de corrida recorrer el arbol: 0.108539
Valor de la funcion objetivo: 1
x13_4 = 1
x14_4 = 1
x25_4 = 1
x43_4 = 1
x45_4 = 1
w4 = 1
