Tiempo de corrida total: 1.67651
Tiempo de corrida recorrer el arbol: 1.64014
Valor de la funcion objetivo: 2
x3_13 = 1
x4_13 = 1
x7_13 = 1
x8_13 = 1
x26_13 = 1
x27_13 = 1
x34_13 = 1
x37_13 = 1
x6_14 = 1
x18_14 = 1
x20_14 = 1
x23_14 = 1
x32_14 = 1
x36_14 = 1
x39_14 = 1
w13 = 1
w14 = 1
