Tiempo de corrida total: 2.90156
Tiempo de corrida recorrer el arbol: 2.28431
Valor de la funcion objetivo: 3
x11_1 = 1
x16_1 = 1
x25_1 = 1
x9_12 = 1
x14_12 = 1
x24_12 = 1
x31_12 = 1
x45_12 = 1
x49_12 = 1
x2_15 = 1
x12_15 = 1
x20_15 = 1
x26_15 = 1
x33_15 = 1
x43_15 = 1
w1 = 1
w12 = 1
w15 = 1
