Tiempo de corrida total: 0.038986
Tiempo de corrida recorrer el arbol: 0.020762
Valor de la funcion objetivo: 1
x9_5 = 1
x13_5 = 1
x23_5 = 1
x27_5 = 1
x30_5 = 1
w5 = 1
