Tiempo de corrida total: 3.42357
Tiempo de corrida recorrer el arbol: 3.17466
Valor de la funcion objetivo: 1
x3_4 = 1
x12_4 = 1
x15_4 = 1
x31_4 = 1
x33_4 = 1
x35_4 = 1
x37_4 = 1
x44_4 = 1
x48_4 = 1
x49_4 = 1
w4 = 1
