Tiempo de corrida total: 0.443904
Tiempo de corrida recorrer el arbol: 0.385357
Valor de la funcion objetivo: 3
x16_2 = 1
x5_3 = 1
x20_3 = 1
x3_5 = 1
x29_5 = 1
w2 = 1
w3 = 1
w5 = 1
