Tiempo de corrida total: 0.645483
Tiempo de corrida recorrer el arbol: 0.530587
Valor de la funcion objetivo: 2
x7_1 = 1
x19_1 = 1
x21_1 = 1
x31_4 = 1
x35_4 = 1
w1 = 1
w4 = 1
