Tiempo de corrida total: 1.22921
Tiempo de corrida recorrer el arbol: 1.19836
Valor de la funcion objetivo: 1
x1_7 = 1
x6_7 = 1
x9_7 = 1
x12_7 = 1
x19_7 = 1
x20_7 = 1
x24_7 = 1
x25_7 = 1
x29_7 = 1
x37_7 = 1
w7 = 1
