Tiempo de corrida total: 0.838557
Tiempo de corrida recorrer el arbol: 0.79107
Valor de la funcion objetivo: 2
x5_10 = 1
x11_10 = 1
x17_10 = 1
x32_10 = 1
x37_10 = 1
x39_10 = 1
x40_10 = 1
x3_11 = 1
x13_11 = 1
x19_11 = 1
x25_11 = 1
x31_11 = 1
x34_11 = 1
x35_11 = 1
x36_11 = 1
w10 = 1
w11 = 1
