Tiempo de corrida total: 0.738886
Tiempo de corrida recorrer el arbol: 0.184432
Valor de la funcion objetivo: 3
x12_3 = 1
x20_3 = 1
x30_3 = 1
x31_3 = 1
x37_3 = 1
x5_18 = 1
x6_18 = 1
x15_18 = 1
x22_18 = 1
x26_18 = 1
x27_18 = 1
x48_18 = 1
x11_20 = 1
x18_20 = 1
x19_20 = 1
x33_20 = 1
x40_20 = 1
x44_20 = 1
x45_20 = 1
x46_20 = 1
w3 = 1
w18 = 1
w20 = 1
