Tiempo de corrida total: 0.26221
Tiempo de corrida recorrer el arbol: 0.122121
Valor de la funcion objetivo: 1
x13_4 = 1
x19_4 = 1
x35_4 = 1
x39_4 = 1
x47_4 = 1
w4 = 1
