Tiempo de corrida total: 0.906675
Tiempo de corrida recorrer el arbol: 0.768331
Valor de la funcion objetivo: 2
x1_1 = 1
x7_1 = 1
x33_1 = 1
x9_3 = 1
x11_3 = 1
w1 = 1
w3 = 1
