Tiempo de corrida total: 0.230355
Tiempo de corrida recorrer el arbol: 0.072989
Valor de la funcion objetivo: 2
x5_7 = 1
x6_7 = 1
x15_7 = 1
x18_7 = 1
x25_7 = 1
x29_7 = 1
x30_7 = 1
x35_7 = 1
x3_12 = 1
x4_12 = 1
x8_12 = 1
x17_12 = 1
x24_12 = 1
x34_12 = 1
x40_12 = 1
w7 = 1
w12 = 1
