Tiempo de corrida total: 0.374505
Tiempo de corrida recorrer el arbol: 0.188522
Valor de la funcion objetivo: 4
x5_2 = 1
x16_2 = 1
x29_2 = 1
x7_4 = 1
x18_4 = 1
x27_4 = 1
x12_7 = 1
x19_7 = 1
x10_8 = 1
x22_8 = 1
w2 = 1
w4 = 1
w7 = 1
w8 = 1
