Tiempo de corrida total: 0.0823381
Tiempo de corrida recorrer el arbol: 0.013433
Valor de la funcion objetivo: 2
x11_4 = 1
x27_4 = 1
x3_8 = 1
x5_8 = 1
x6_8 = 1
x12_8 = 1
x23_8 = 1
x24_8 = 1
x26_8 = 1
x29_8 = 1
w4 = 1
w8 = 1
