Tiempo de corrida total: 2.06315
Tiempo de corrida recorrer el arbol: 1.58039
Valor de la funcion objetivo: 3
x1_5 = 1
x20_5 = 1
x33_5 = 1
x4_6 = 1
x14_6 = 1
x17_6 = 1
x5_8 = 1
x15_8 = 1
x22_8 = 1
x40_8 = 1
w5 = 1
w6 = 1
w8 = 1
