Tiempo de corrida total: 0.180964
Tiempo de corrida recorrer el arbol: 0.0890338
Valor de la funcion objetivo: 6
x10_1 = 1
x23_4 = 1
x27_4 = 1
x15_6 = 1
x17_6 = 1
x29_7 = 1
x14_9 = 1
x22_9 = 1
x12_10 = 1
x28_10 = 1
w1 = 1
w4 = 1
w6 = 1
w7 = 1
w9 = 1
w10 = 1
