Tiempo de corrida total: 9.74426
Tiempo de corrida recorrer el arbol: 9.60938
Valor de la funcion objetivo: 3
x20_10 = 1
x21_10 = 1
x24_10 = 1
x29_10 = 1
x4_11 = 1
x6_11 = 1
x12_11 = 1
x23_11 = 1
x28_11 = 1
x1_15 = 1
x5_15 = 1
x10_15 = 1
x11_15 = 1
x19_15 = 1
x30_15 = 1
w10 = 1
w11 = 1
w15 = 1
