Tiempo de corrida total: 7.13556
Tiempo de corrida recorrer el arbol: 6.39062
Valor de la funcion objetivo: 2
x3_5 = 1
x7_5 = 1
x11_5 = 1
x12_5 = 1
x16_5 = 1
x24_8 = 1
x32_8 = 1
x35_8 = 1
x47_8 = 1
x49_8 = 1
w5 = 1
w8 = 1
