Tiempo de corrida total: 0.862798
Tiempo de corrida recorrer el arbol: 0.71165
Valor de la funcion objetivo: 2
x20_4 = 1
x24_5 = 1
x29_5 = 1
x33_5 = 1
x37_5 = 1
w4 = 1
w5 = 1
