Tiempo de corrida total: 0.0386951
Tiempo de corrida recorrer el arbol: 0.0174189
Valor de la funcion objetivo: 1
x31_4 = 1
x39_4 = 1
x44_4 = 1
x48_4 = 1
x49_4 = 1
w4 = 1
