Tiempo de corrida total: 0.014905
Tiempo de corrida recorrer el arbol: 0.010325
Valor de la funcion objetivo: 1
x3_1 = 1
x9_1 = 1
x12_1 = 1
x14_1 = 1
x16_1 = 1
x19_1 = 1
x21_1 = 1
x30_1 = 1
x32_1 = 1
x37_1 = 1
w1 = 1
