Tiempo de corrida total: 1.19667
Tiempo de corrida recorrer el arbol: 0.481388
Valor de la funcion objetivo: 2
x1_6 = 1
x7_6 = 1
x17_6 = 1
x21_6 = 1
x46_6 = 1
x5_9 = 1
x24_9 = 1
x37_9 = 1
x40_9 = 1
x50_9 = 1
w6 = 1
w9 = 1
