Tiempo de corrida total: 0.0164099
Tiempo de corrida recorrer el arbol: 0.00587583
Valor de la funcion objetivo: 1
x1_2 = 1
x2_2 = 1
x4_2 = 1
x12_2 = 1
x17_2 = 1
w2 = 1
