Tiempo de corrida total: 0.590704
Tiempo de corrida recorrer el arbol: 0.580681
Valor de la funcion objetivo: 2
x1_1 = 1
x2_1 = 1
x37_1 = 1
x6_2 = 1
x21_2 = 1
w1 = 1
w2 = 1
