Tiempo de corrida total: 0.405049
Tiempo de corrida recorrer el arbol: 0.0535381
Valor de la funcion objetivo: 2
x15_1 = 1
x37_1 = 1
x40_1 = 1
x19_4 = 1
x39_4 = 1
w1 = 1
w4 = 1
