Tiempo de corrida total: 0.347946
Tiempo de corrida recorrer el arbol: 0.108991
Valor de la funcion objetivo: 3
x9_4 = 1
x10_4 = 1
x11_4 = 1
x17_4 = 1
x2_12 = 1
x6_12 = 1
x16_12 = 1
x20_12 = 1
x23_12 = 1
x24_12 = 1
x1_14 = 1
x7_14 = 1
x18_14 = 1
x22_14 = 1
x30_14 = 1
w4 = 1
w12 = 1
w14 = 1
