Tiempo de corrida total: 0.09987
Tiempo de corrida recorrer el arbol: 0.0967541
Valor de la funcion objetivo: 1
x4_1 = 1
x7_1 = 1
x12_1 = 1
x30_1 = 1
x41_1 = 1
w1 = 1
