Tiempo de corrida total: 0.0298951
Tiempo de corrida recorrer el arbol: 0.00835204
Valor de la funcion objetivo: 1
x2_4 = 1
x4_4 = 1
x15_4 = 1
x21_4 = 1
x24_4 = 1
w4 = 1
