Tiempo de corrida total: 1.38749
Tiempo de corrida recorrer el arbol: 1.37128
Valor de la funcion objetivo: 2
x9_1 = 1
x12_1 = 1
x15_1 = 1
x16_1 = 1
x17_1 = 1
x19_1 = 1
x22_1 = 1
x24_1 = 1
x27_1 = 1
x28_1 = 1
x33_1 = 1
x37_1 = 1
x48_1 = 1
x49_1 = 1
x20_19 = 1
x21_19 = 1
x26_19 = 1
x36_19 = 1
x43_19 = 1
x50_19 = 1
w1 = 1
w19 = 1
