Tiempo de corrida total: 0.107191
Tiempo de corrida recorrer el arbol: 0.0999269
Valor de la funcion objetivo: 1
x7_4 = 1
x11_4 = 1
x15_4 = 1
x25_4 = 1
x27_4 = 1
w4 = 1
