Tiempo de corrida total: 0.558362
Tiempo de corrida recorrer el arbol: 0.148951
Valor de la funcion objetivo: 4
x12_1 = 1
x17_1 = 1
x1_3 = 1
x14_3 = 1
x25_3 = 1
x26_8 = 1
x29_8 = 1
x15_9 = 1
x16_9 = 1
x18_9 = 1
w1 = 1
w3 = 1
w8 = 1
w9 = 1
