Tiempo de corrida total: 0.114238
Tiempo de corrida recorrer el arbol: 0.0453269
Valor de la funcion objetivo: 1
x4_6 = 1
x6_6 = 1
x9_6 = 1
x12_6 = 1
x13_6 = 1
x14_6 = 1
x17_6 = 1
x21_6 = 1
x24_6 = 1
x25_6 = 1
w6 = 1
