Tiempo de corrida total: 0.773765
Tiempo de corrida recorrer el arbol: 0.524432
Valor de la funcion objetivo: 5
x21_3 = 1
x30_3 = 1
x12_5 = 1
x14_6 = 1
x23_6 = 1
x16_8 = 1
x18_8 = 1
x2_10 = 1
x28_10 = 1
x29_10 = 1
w3 = 1
w5 = 1
w6 = 1
w8 = 1
w10 = 1
