Tiempo de corrida total: 0.0893872
Tiempo de corrida recorrer el arbol: 0.082588
Valor de la funcion objetivo: 2
x9_1 = 1
x10_1 = 1
x12_1 = 1
x13_1 = 1
x17_1 = 1
x11_8 = 1
x26_8 = 1
x27_8 = 1
x28_8 = 1
x30_8 = 1
w1 = 1
w8 = 1
