Tiempo de corrida total: 0.0657899
Tiempo de corrida recorrer el arbol: 0.0627229
Valor de la funcion objetivo: 1
x7_1 = 1
x13_1 = 1
x15_1 = 1
x39_1 = 1
x42_1 = 1
w1 = 1
