Tiempo de corrida total: 0.00676417
Tiempo de corrida recorrer el arbol: 0.00592089
Valor de la funcion objetivo: 1
x1_1 = 1
x5_1 = 1
x10_1 = 1
x14_1 = 1
x18_1 = 1
w1 = 1
