Tiempo de corrida total: 0.533966
Tiempo de corrida recorrer el arbol: 0.500363
Valor de la funcion objetivo: 2
x4_1 = 1
x26_1 = 1
x11_3 = 1
x33_3 = 1
x37_3 = 1
w1 = 1
w3 = 1
