Tiempo de corrida total: 0.193351
Tiempo de corrida recorrer el arbol: 0.0160379
Valor de la funcion objetivo: 1
x15_7 = 1
x16_7 = 1
x17_7 = 1
x18_7 = 1
x22_7 = 1
x27_7 = 1
x29_7 = 1
x36_7 = 1
x37_7 = 1
x38_7 = 1
w7 = 1
