Tiempo de corrida total: 0.232064
Tiempo de corrida recorrer el arbol: 0.025465
Valor de la funcion objetivo: 1
x9_1 = 1
x11_1 = 1
x12_1 = 1
x15_1 = 1
x17_1 = 1
x21_1 = 1
x29_1 = 1
x37_1 = 1
x41_1 = 1
x45_1 = 1
w1 = 1
