Tiempo de corrida total: 5.83042
Tiempo de corrida recorrer el arbol: 5.02034
Valor de la funcion objetivo: 5
x6_1 = 1
x40_1 = 1
x5_2 = 1
x19_2 = 1
x12_4 = 1
x13_4 = 1
x29_4 = 1
x25_8 = 1
x17_10 = 1
x28_10 = 1
w1 = 1
w2 = 1
w4 = 1
w8 = 1
w10 = 1
