Tiempo de corrida total: 7.63244
Tiempo de corrida recorrer el arbol: 7.61325
Valor de la funcion objetivo: 2
x7_4 = 1
x9_4 = 1
x21_4 = 1
x24_4 = 1
x27_4 = 1
x28_4 = 1
x35_4 = 1
x40_4 = 1
x41_4 = 1
x12_14 = 1
x14_14 = 1
x15_14 = 1
x16_14 = 1
x23_14 = 1
x26_14 = 1
x33_14 = 1
x37_14 = 1
x46_14 = 1
x48_14 = 1
x50_14 = 1
w4 = 1
w14 = 1
