Tiempo de corrida total: 0.0251751
Tiempo de corrida recorrer el arbol: 0.0083611
Valor de la funcion objetivo: 1
x5_1 = 1
x9_1 = 1
x25_1 = 1
x27_1 = 1
x34_1 = 1
x36_1 = 1
x41_1 = 1
x47_1 = 1
x49_1 = 1
x50_1 = 1
w1 = 1
