Tiempo de corrida total: 0.495083
Tiempo de corrida recorrer el arbol: 0.47843
Valor de la funcion objetivo: 2
x20_2 = 1
x21_2 = 1
x27_2 = 1
x29_2 = 1
x37_2 = 1
x7_5 = 1
x17_5 = 1
x32_5 = 1
x36_5 = 1
x40_5 = 1
w2 = 1
w5 = 1
