Tiempo de corrida total: 1.73287
Tiempo de corrida recorrer el arbol: 0.242159
Valor de la funcion objetivo: 3
x3_4 = 1
x9_4 = 1
x13_4 = 1
x32_4 = 1
x6_6 = 1
x24_6 = 1
x25_6 = 1
x12_8 = 1
x20_8 = 1
x38_8 = 1
w4 = 1
w6 = 1
w8 = 1
