Tiempo de corrida total: 0.320008
Tiempo de corrida recorrer el arbol: 0.0712118
Valor de la funcion objetivo: 1
x5_4 = 1
x10_4 = 1
x12_4 = 1
x16_4 = 1
x18_4 = 1
w4 = 1
