Tiempo de corrida total: 0.687309
Tiempo de corrida recorrer el arbol: 0.488518
Valor de la funcion objetivo: 2
x4_4 = 1
x7_4 = 1
x22_4 = 1
x29_4 = 1
x30_4 = 1
x2_9 = 1
x6_9 = 1
x10_9 = 1
x17_9 = 1
x25_9 = 1
w4 = 1
w9 = 1
