Tiempo de corrida total: 0.0300128
Tiempo de corrida recorrer el arbol: 0.0229158
Valor de la funcion objetivo: 1
x5_1 = 1
x6_1 = 1
x23_1 = 1
x24_1 = 1
x29_1 = 1
w1 = 1
