Tiempo de corrida total: 0.0744438
Tiempo de corrida recorrer el arbol: 0.0193448
Valor de la funcion objetivo: 1
x2_1 = 1
x6_1 = 1
x8_1 = 1
x14_1 = 1
x15_1 = 1
x17_1 = 1
x19_1 = 1
x40_1 = 1
x45_1 = 1
x46_1 = 1
w1 = 1
