Tiempo de corrida total: 0.225469
Tiempo de corrida recorrer el arbol: 0.095861
Valor de la funcion objetivo: 2
x18_1 = 1
x29_1 = 1
x9_2 = 1
x19_2 = 1
x30_2 = 1
w1 = 1
w2 = 1
