Tiempo de corrida total: 0.110828
Tiempo de corrida recorrer el arbol: 0.0315011
Valor de la funcion objetivo: 2
x2_2 = 1
x4_2 = 1
x6_2 = 1
x12_2 = 1
x14_2 = 1
x15_2 = 1
x22_2 = 1
x24_2 = 1
x3_10 = 1
x5_10 = 1
x7_10 = 1
x9_10 = 1
x10_10 = 1
x16_10 = 1
x20_10 = 1
x21_10 = 1
x25_10 = 1
x26_10 = 1
x27_10 = 1
x29_10 = 1
w2 = 1
w10 = 1
