Tiempo de corrida total: 0.0584481
Tiempo de corrida recorrer el arbol: 0.017349
Valor de la funcion objetivo: 1
x1_2 = 1
x3_2 = 1
x5_2 = 1
x8_2 = 1
x9_2 = 1
w2 = 1
