Tiempo de corrida total: 0.258246
Tiempo de corrida recorrer el arbol: 0.247722
Valor de la funcion objetivo: 2
x9_1 = 1
x1_3 = 1
x4_3 = 1
x5_3 = 1
x7_3 = 1
x11_3 = 1
x16_3 = 1
x18_3 = 1
x28_3 = 1
x29_3 = 1
w1 = 1
w3 = 1
