Tiempo de corrida total: 0.040143
Tiempo de corrida recorrer el arbol: 0.0111349
Valor de la funcion objetivo: 1
x4_1 = 1
x9_1 = 1
x11_1 = 1
x16_1 = 1
x35_1 = 1
w1 = 1
