Tiempo de corrida total: 0.139823
Tiempo de corrida recorrer el arbol: 0.0426588
Valor de la funcion objetivo: 2
x5_5 = 1
x6_5 = 1
x19_5 = 1
x29_5 = 1
x3_13 = 1
x10_13 = 1
x13_13 = 1
x20_13 = 1
x21_13 = 1
x27_13 = 1
x34_13 = 1
x36_13 = 1
x37_13 = 1
x38_13 = 1
x40_13 = 1
w5 = 1
w13 = 1
