Tiempo de corrida total: 0.232267
Tiempo de corrida recorrer el arbol: 0.0383179
Valor de la funcion objetivo: 2
x2_3 = 1
x36_3 = 1
x19_5 = 1
x32_5 = 1
x40_5 = 1
w3 = 1
w5 = 1
