Tiempo de corrida total: 3.34625
Tiempo de corrida recorrer el arbol: 3.11467
Valor de la funcion objetivo: 2
x2_5 = 1
x5_5 = 1
x10_5 = 1
x21_5 = 1
x11_10 = 1
x15_10 = 1
x16_10 = 1
x28_10 = 1
x30_10 = 1
x49_10 = 1
w5 = 1
w10 = 1
