Tiempo de corrida total: 0.0881679
Tiempo de corrida recorrer el arbol: 0.018023
Valor de la funcion objetivo: 3
x7_2 = 1
x26_2 = 1
x2_3 = 1
x6_3 = 1
x28_5 = 1
w2 = 1
w3 = 1
w5 = 1
