Tiempo de corrida total: 1.11985
Tiempo de corrida recorrer el arbol: 1.07548
Valor de la funcion objetivo: 2
x11_6 = 1
x25_6 = 1
x27_6 = 1
x34_6 = 1
x36_6 = 1
x2_8 = 1
x7_8 = 1
x10_8 = 1
x17_8 = 1
x38_8 = 1
w6 = 1
w8 = 1
