Tiempo de corrida total: 0.889225
Tiempo de corrida recorrer el arbol: 0.881818
Valor de la funcion objetivo: 2
x9_6 = 1
x13_6 = 1
x34_6 = 1
x40_6 = 1
x2_10 = 1
x20_10 = 1
x23_10 = 1
x27_10 = 1
x36_10 = 1
x38_10 = 1
w6 = 1
w10 = 1
