Tiempo de corrida total: 0.208757
Tiempo de corrida recorrer el arbol: 0.204369
Valor de la funcion objetivo: 2
x1_1 = 1
x2_1 = 1
x4_1 = 1
x7_1 = 1
x9_1 = 1
x21_1 = 1
x3_2 = 1
x10_2 = 1
x12_2 = 1
x27_2 = 1
w1 = 1
w2 = 1
