Tiempo de corrida total: 6.74742
Tiempo de corrida recorrer el arbol: 6.16172
Valor de la funcion objetivo: 3
x9_1 = 1
x32_1 = 1
x39_1 = 1
x6_3 = 1
x28_3 = 1
x34_3 = 1
x16_7 = 1
x17_7 = 1
x26_7 = 1
x40_7 = 1
w1 = 1
w3 = 1
w7 = 1
