Tiempo de corrida total: 0.05439
Tiempo de corrida recorrer el arbol: 0.025141
Valor de la funcion objetivo: 1
x6_5 = 1
x12_5 = 1
x24_5 = 1
x28_5 = 1
x30_5 = 1
w5 = 1
