Tiempo de corrida total: 2.35948
Tiempo de corrida recorrer el arbol: 2.21238
Valor de la funcion objetivo: 2
x5_4 = 1
x28_4 = 1
x29_4 = 1
x32_4 = 1
x40_4 = 1
x3_7 = 1
x6_7 = 1
x8_7 = 1
x16_7 = 1
x36_7 = 1
w4 = 1
w7 = 1
