Tiempo de corrida total: 0.468765
Tiempo de corrida recorrer el arbol: 0.446286
Valor de la funcion objetivo: 2
x4_4 = 1
x5_4 = 1
x9_4 = 1
x17_4 = 1
x19_4 = 1
x20_4 = 1
x23_4 = 1
x25_4 = 1
x1_18 = 1
x2_18 = 1
x10_18 = 1
x12_18 = 1
x13_18 = 1
x14_18 = 1
x22_18 = 1
x24_18 = 1
x26_18 = 1
x27_18 = 1
x29_18 = 1
x30_18 = 1
w4 = 1
w18 = 1
