Tiempo de corrida total: 1.58059
Tiempo de corrida recorrer el arbol: 0.645135
Valor de la funcion objetivo: 2
x16_2 = 1
x26_2 = 1
x32_2 = 1
x37_2 = 1
x1_6 = 1
x6_6 = 1
x12_6 = 1
x17_6 = 1
x25_6 = 1
x35_6 = 1
w2 = 1
w6 = 1
