Tiempo de corrida total: 0.42688
Tiempo de corrida recorrer el arbol: 0.159134
Valor de la funcion objetivo: 1
x22_2 = 1
x23_2 = 1
x24_2 = 1
x28_2 = 1
x45_2 = 1
w2 = 1
