Tiempo de corrida total: 0.604791
Tiempo de corrida recorrer el arbol: 0.287066
Valor de la funcion objetivo: 2
x4_13 = 1
x5_13 = 1
x14_13 = 1
x25_13 = 1
x34_13 = 1
x36_13 = 1
x39_13 = 1
x13_14 = 1
x16_14 = 1
x27_14 = 1
x29_14 = 1
x32_14 = 1
x35_14 = 1
x37_14 = 1
x40_14 = 1
w13 = 1
w14 = 1
