Tiempo de corrida total: 0.358604
Tiempo de corrida recorrer el arbol: 0.092133
Valor de la funcion objetivo: 2
x21_2 = 1
x33_2 = 1
x29_3 = 1
x34_3 = 1
x37_3 = 1
w2 = 1
w3 = 1
