Tiempo de corrida total: 0.958698
Tiempo de corrida recorrer el arbol: 0.952143
Valor de la funcion objetivo: 2
x3_2 = 1
x15_2 = 1
x28_2 = 1
x7_3 = 1
x32_3 = 1
w2 = 1
w3 = 1
