Tiempo de corrida total: 0.052644
Tiempo de corrida recorrer el arbol: 0.014782
Valor de la funcion objetivo: 1
x5_8 = 1
x9_8 = 1
x10_8 = 1
x11_8 = 1
x12_8 = 1
x14_8 = 1
x18_8 = 1
x24_8 = 1
x26_8 = 1
x30_8 = 1
w8 = 1
