Tiempo de corrida total: 0.00833416
Tiempo de corrida recorrer el arbol: 0.00743699
Valor de la funcion objetivo: 1
x1_2 = 1
x2_2 = 1
x4_2 = 1
x10_2 = 1
x21_2 = 1
w2 = 1
