Tiempo de corrida total: 6.85601
Tiempo de corrida recorrer el arbol: 6.22298
Valor de la funcion objetivo: 2
x1_2 = 1
x2_2 = 1
x7_2 = 1
x12_2 = 1
x15_2 = 1
x18_2 = 1
x20_2 = 1
x34_2 = 1
x11_8 = 1
x46_8 = 1
w2 = 1
w8 = 1
