Tiempo de corrida total: 0.0544422
Tiempo de corrida recorrer el arbol: 0.0360129
Valor de la funcion objetivo: 1
x5_3 = 1
x18_3 = 1
x27_3 = 1
x33_3 = 1
x37_3 = 1
w3 = 1
