Tiempo de corrida total: 1.34004
Tiempo de corrida recorrer el arbol: 0.359805
Valor de la funcion objetivo: 3
x16_1 = 1
x17_1 = 1
x28_4 = 1
x32_4 = 1
x35_4 = 1
x36_4 = 1
x19_5 = 1
x20_5 = 1
x29_5 = 1
x34_5 = 1
w1 = 1
w4 = 1
w5 = 1
