Tiempo de corrida total: 0.443531
Tiempo de corrida recorrer el arbol: 0.418305
Valor de la funcion objetivo: 2
x5_19 = 1
x11_19 = 1
x17_19 = 1
x18_19 = 1
x24_19 = 1
x25_19 = 1
x29_19 = 1
x30_19 = 1
x1_20 = 1
x2_20 = 1
x3_20 = 1
x4_20 = 1
x8_20 = 1
x10_20 = 1
x12_20 = 1
x13_20 = 1
x19_20 = 1
x22_20 = 1
x23_20 = 1
x27_20 = 1
w19 = 1
w20 = 1
