Tiempo de corrida total: 0.0899689
Tiempo de corrida recorrer el arbol: 0.0307231
Valor de la funcion objetivo: 2
x3_2 = 1
x19_2 = 1
x22_5 = 1
x27_5 = 1
x28_5 = 1
w2 = 1
w5 = 1
