Tiempo de corrida total: 0.094593
Tiempo de corrida recorrer el arbol: 0.04106
Valor de la funcion objetivo: 1
x2_5 = 1
x7_5 = 1
x18_5 = 1
x27_5 = 1
x28_5 = 1
w5 = 1
