Tiempo de corrida total: 0.144662
Tiempo de corrida recorrer el arbol: 0.128694
Valor de la funcion objetivo: 2
x5_1 = 1
x16_1 = 1
x7_4 = 1
x10_4 = 1
x13_4 = 1
w1 = 1
w4 = 1
