Tiempo de corrida total: 0.41481
Tiempo de corrida recorrer el arbol: 0.391403
Valor de la funcion objetivo: 2
x3_11 = 1
x6_11 = 1
x11_11 = 1
x17_11 = 1
x23_11 = 1
x26_11 = 1
x28_11 = 1
x30_11 = 1
x4_12 = 1
x12_12 = 1
x13_12 = 1
x16_12 = 1
x21_12 = 1
x22_12 = 1
x29_12 = 1
w11 = 1
w12 = 1
