Tiempo de corrida total: 0.928219
Tiempo de corrida recorrer el arbol: 0.908773
Valor de la funcion objetivo: 2
x7_2 = 1
x11_2 = 1
x38_2 = 1
x15_4 = 1
x30_4 = 1
w2 = 1
w4 = 1
