Tiempo de corrida total: 0.297662
Tiempo de corrida recorrer el arbol: 0.0592129
Valor de la funcion objetivo: 1
x12_1 = 1
x14_1 = 1
x27_1 = 1
x34_1 = 1
x46_1 = 1
w1 = 1
