Tiempo de corrida total: 0.95235
Tiempo de corrida recorrer el arbol: 0.721252
Valor de la funcion objetivo: 2
x8_6 = 1
x21_6 = 1
x25_6 = 1
x26_6 = 1
x42_6 = 1
x46_6 = 1
x50_6 = 1
x4_14 = 1
x11_14 = 1
x18_14 = 1
x19_14 = 1
x27_14 = 1
x35_14 = 1
x37_14 = 1
x48_14 = 1
w6 = 1
w14 = 1
