Tiempo de corrida total: 0.671624
Tiempo de corrida recorrer el arbol: 0.647872
Valor de la funcion objetivo: 2
x1_9 = 1
x3_9 = 1
x10_9 = 1
x34_9 = 1
x39_9 = 1
x2_13 = 1
x5_13 = 1
x11_13 = 1
x18_13 = 1
x21_13 = 1
x31_13 = 1
x36_13 = 1
x37_13 = 1
x38_13 = 1
x40_13 = 1
w9 = 1
w13 = 1
