Tiempo de corrida total: 0.0302539
Tiempo de corrida recorrer el arbol: 0.0137069
Valor de la funcion objetivo: 1
x2_3 = 1
x3_3 = 1
x5_3 = 1
x6_3 = 1
x24_3 = 1
w3 = 1
