Tiempo de corrida total: 1.59465
Tiempo de corrida recorrer el arbol: 1.51043
Valor de la funcion objetivo: 2
x16_11 = 1
x20_11 = 1
x25_11 = 1
x29_11 = 1
x34_11 = 1
x36_11 = 1
x37_11 = 1
x43_11 = 1
x45_11 = 1
x5_15 = 1
x8_15 = 1
x27_15 = 1
x32_15 = 1
x41_15 = 1
x48_15 = 1
w11 = 1
w15 = 1
