Tiempo de corrida total: 0.77086
Tiempo de corrida recorrer el arbol: 0.148682
Valor de la funcion objetivo: 1
x2_1 = 1
x17_1 = 1
x40_1 = 1
x41_1 = 1
x47_1 = 1
w1 = 1
