Tiempo de corrida total: 0.0691931
Tiempo de corrida recorrer el arbol: 0.019485
Valor de la funcion objetivo: 2
x17_4 = 1
x23_4 = 1
x27_4 = 1
x14_5 = 1
x21_5 = 1
w4 = 1
w5 = 1
