Tiempo de corrida total: 0.832804
Tiempo de corrida recorrer el arbol: 0.619444
Valor de la funcion objetivo: 3
x1_10 = 1
x2_10 = 1
x6_10 = 1
x24_10 = 1
x26_10 = 1
x30_10 = 1
x11_11 = 1
x15_11 = 1
x18_11 = 1
x23_11 = 1
x29_11 = 1
x3_12 = 1
x4_12 = 1
x20_12 = 1
x21_12 = 1
w10 = 1
w11 = 1
w12 = 1
