Tiempo de corrida total: 0.00637603
Tiempo de corrida recorrer el arbol: 0.00545001
Valor de la funcion objetivo: 1
x1_1 = 1
x3_1 = 1
x4_1 = 1
x5_1 = 1
x6_1 = 1
x8_1 = 1
x9_1 = 1
x13_1 = 1
x15_1 = 1
x16_1 = 1
w1 = 1
