Tiempo de corrida total: 6.94088
Tiempo de corrida recorrer el arbol: 6.87137
Valor de la funcion objetivo: 3
x17_3 = 1
x19_3 = 1
x20_3 = 1
x32_3 = 1
x40_3 = 1
x5_5 = 1
x12_5 = 1
x25_5 = 1
x31_5 = 1
x34_5 = 1
x1_10 = 1
x8_10 = 1
x24_10 = 1
x29_10 = 1
x35_10 = 1
w3 = 1
w5 = 1
w10 = 1
