Tiempo de corrida total: 0.129985
Tiempo de corrida recorrer el arbol: 0.0562429
Valor de la funcion objetivo: 1
x5_2 = 1
x10_2 = 1
x12_2 = 1
x16_2 = 1
x18_2 = 1
w2 = 1
