Tiempo de corrida total: 2.85083
Tiempo de corrida recorrer el arbol: 2.80105
Valor de la funcion objetivo: 3
x12_1 = 1
x5_3 = 1
x6_3 = 1
x8_3 = 1
x27_3 = 1
x29_3 = 1
x4_7 = 1
x18_7 = 1
x23_7 = 1
x25_7 = 1
w1 = 1
w3 = 1
w7 = 1
