Tiempo de corrida total: 5.33576
Tiempo de corrida recorrer el arbol: 5.20745
Valor de la funcion objetivo: 3
x11_2 = 1
x18_2 = 1
x19_2 = 1
x33_2 = 1
x40_2 = 1
x45_2 = 1
x46_2 = 1
x5_7 = 1
x6_7 = 1
x21_7 = 1
x22_7 = 1
x26_7 = 1
x27_7 = 1
x38_7 = 1
x48_7 = 1
x12_10 = 1
x20_10 = 1
x30_10 = 1
x31_10 = 1
x37_10 = 1
w2 = 1
w7 = 1
w10 = 1
