Tiempo de corrida total: 0.420051
Tiempo de corrida recorrer el arbol: 0.404099
Valor de la funcion objetivo: 3
x8_1 = 1
x21_1 = 1
x6_2 = 1
x14_2 = 1
x7_5 = 1
w1 = 1
w2 = 1
w5 = 1
