Tiempo de corrida total: 0.049542
Tiempo de corrida recorrer el arbol: 0.0114338
Valor de la funcion objetivo: 1
x42_5 = 1
x45_5 = 1
x46_5 = 1
x47_5 = 1
x48_5 = 1
w5 = 1
