Tiempo de corrida total: 0.199361
Tiempo de corrida recorrer el arbol: 0.046771
Valor de la funcion objetivo: 2
x3_7 = 1
x8_7 = 1
x18_7 = 1
x30_7 = 1
x31_7 = 1
x35_7 = 1
x36_7 = 1
x5_12 = 1
x6_12 = 1
x7_12 = 1
x15_12 = 1
x16_12 = 1
x19_12 = 1
x20_12 = 1
x21_12 = 1
x24_12 = 1
x32_12 = 1
x33_12 = 1
x37_12 = 1
x39_12 = 1
w7 = 1
w12 = 1
