Tiempo de corrida total: 0.61281
Tiempo de corrida recorrer el arbol: 0.0686672
Valor de la funcion objetivo: 1
x11_5 = 1
x19_5 = 1
x22_5 = 1
x24_5 = 1
x34_5 = 1
w5 = 1
