Tiempo de corrida total: 0.301847
Tiempo de corrida recorrer el arbol: 0.0938759
Valor de la funcion objetivo: 2
x3_12 = 1
x5_12 = 1
x8_12 = 1
x9_12 = 1
x10_12 = 1
x17_12 = 1
x18_12 = 1
x19_12 = 1
x34_12 = 1
x1_16 = 1
x11_16 = 1
x12_16 = 1
x13_16 = 1
x15_16 = 1
x16_16 = 1
x27_16 = 1
x28_16 = 1
x29_16 = 1
x32_16 = 1
x37_16 = 1
w12 = 1
w16 = 1
