Tiempo de corrida total: 0.125325
Tiempo de corrida recorrer el arbol: 0.0585599
Valor de la funcion objetivo: 1
x2_1 = 1
x6_1 = 1
x13_1 = 1
x16_1 = 1
x18_1 = 1
x29_1 = 1
x30_1 = 1
x32_1 = 1
x33_1 = 1
x41_1 = 1
x42_1 = 1
x43_1 = 1
x45_1 = 1
x48_1 = 1
x50_1 = 1
w1 = 1
