Tiempo de corrida total: 0.090364
Tiempo de corrida recorrer el arbol: 0.0422001
Valor de la funcion objetivo: 1
x12_2 = 1
x18_2 = 1
x24_2 = 1
x27_2 = 1
x39_2 = 1
w2 = 1
