Tiempo de corrida total: 0.215828
Tiempo de corrida recorrer el arbol: 0.069298
Valor de la funcion objetivo: 2
x2_3 = 1
x27_3 = 1
x40_3 = 1
x13_5 = 1
x36_5 = 1
w3 = 1
w5 = 1
