Tiempo de corrida total: 1.03407
Tiempo de corrida recorrer el arbol: 0.781721
Valor de la funcion objetivo: 2
x4_2 = 1
x14_2 = 1
x15_2 = 1
x18_2 = 1
x36_2 = 1
x38_2 = 1
x9_7 = 1
x16_7 = 1
x27_7 = 1
x29_7 = 1
w2 = 1
w7 = 1
