Tiempo de corrida total: 0.188493
Tiempo de corrida recorrer el arbol: 0.0552399
Valor de la funcion objetivo: 2
x3_7 = 1
x5_7 = 1
x7_7 = 1
x8_7 = 1
x16_7 = 1
x18_7 = 1
x19_7 = 1
x22_7 = 1
x24_7 = 1
x27_7 = 1
x1_12 = 1
x13_12 = 1
x14_12 = 1
x15_12 = 1
x17_12 = 1
x20_12 = 1
x23_12 = 1
x26_12 = 1
x29_12 = 1
x30_12 = 1
w7 = 1
w12 = 1
