Tiempo de corrida total: 0.259399
Tiempo de corrida recorrer el arbol: 0.191565
Valor de la funcion objetivo: 2
x6_2 = 1
x9_2 = 1
x12_2 = 1
x14_2 = 1
x19_2 = 1
x20_2 = 1
x23_2 = 1
x26_2 = 1
x28_2 = 1
x29_2 = 1
x1_15 = 1
x3_15 = 1
x4_15 = 1
x5_15 = 1
x10_15 = 1
x11_15 = 1
x15_15 = 1
x24_15 = 1
x25_15 = 1
x27_15 = 1
w2 = 1
w15 = 1
