Tiempo de corrida total: 0.05494
Tiempo de corrida recorrer el arbol: 0.0104659
Valor de la funcion objetivo: 1
x2_6 = 1
x5_6 = 1
x7_6 = 1
x11_6 = 1
x13_6 = 1
x15_6 = 1
x16_6 = 1
x18_6 = 1
x23_6 = 1
x25_6 = 1
w6 = 1
