Tiempo de corrida total: 0.949844
Tiempo de corrida recorrer el arbol: 0.258095
Valor de la funcion objetivo: 2
x3_6 = 1
x7_6 = 1
x8_6 = 1
x12_6 = 1
x17_6 = 1
x19_6 = 1
x20_6 = 1
x28_6 = 1
x33_6 = 1
x39_6 = 1
x48_6 = 1
x5_20 = 1
x13_20 = 1
x14_20 = 1
x22_20 = 1
x29_20 = 1
x35_20 = 1
x37_20 = 1
x47_20 = 1
x50_20 = 1
w6 = 1
w20 = 1
