Tiempo de corrida total: 1.78732
Tiempo de corrida recorrer el arbol: 1.59423
Valor de la funcion objetivo: 2
x5_2 = 1
x10_2 = 1
x11_2 = 1
x14_2 = 1
x25_2 = 1
x28_2 = 1
x34_2 = 1
x19_10 = 1
x38_10 = 1
x40_10 = 1
w2 = 1
w10 = 1
