Tiempo de corrida total: 8.29539
Tiempo de corrida recorrer el arbol: 7.03983
Valor de la funcion objetivo: 6
x1_5 = 1
x10_5 = 1
x28_5 = 1
x12_6 = 1
x25_6 = 1
x8_8 = 1
x14_8 = 1
x24_8 = 1
x30_9 = 1
x15_11 = 1
x18_11 = 1
x2_13 = 1
x5_13 = 1
x19_13 = 1
x27_13 = 1
w5 = 1
w6 = 1
w8 = 1
w9 = 1
w11 = 1
w13 = 1
