Tiempo de corrida total: 6.08663
Tiempo de corrida recorrer el arbol: 5.84646
Valor de la funcion objetivo: 3
x15_1 = 1
x19_1 = 1
x25_1 = 1
x27_1 = 1
x31_1 = 1
x6_12 = 1
x17_12 = 1
x18_12 = 1
x20_12 = 1
x24_12 = 1
x1_17 = 1
x3_17 = 1
x5_17 = 1
x13_17 = 1
x16_17 = 1
x32_17 = 1
x35_17 = 1
x36_17 = 1
x37_17 = 1
x39_17 = 1
w1 = 1
w12 = 1
w17 = 1
