Tiempo de corrida total: 0.063868
Tiempo de corrida recorrer el arbol: 0.014792
Valor de la funcion objetivo: 1
x11_1 = 1
x14_1 = 1
x16_1 = 1
x27_1 = 1
x30_1 = 1
w1 = 1
