Tiempo de corrida total: 3.30817
Tiempo de corrida recorrer el arbol: 3.29658
Valor de la funcion objetivo: 3
x3_1 = 1
x4_1 = 1
x20_1 = 1
x21_1 = 1
x27_1 = 1
x28_1 = 1
x1_4 = 1
x10_4 = 1
x16_4 = 1
x29_4 = 1
x5_5 = 1
x7_5 = 1
x17_5 = 1
x18_5 = 1
x25_5 = 1
w1 = 1
w4 = 1
w5 = 1
