Tiempo de corrida total: 1.30961
Tiempo de corrida recorrer el arbol: 0.138523
Valor de la funcion objetivo: 3
x5_1 = 1
x19_1 = 1
x20_1 = 1
x22_1 = 1
x37_1 = 1
x38_1 = 1
x3_13 = 1
x9_13 = 1
x11_13 = 1
x12_13 = 1
x13_13 = 1
x18_13 = 1
x32_13 = 1
x1_17 = 1
x6_17 = 1
x15_17 = 1
x26_17 = 1
x27_17 = 1
x33_17 = 1
x48_17 = 1
w1 = 1
w13 = 1
w17 = 1
