Tiempo de corrida total: 0.193021
Tiempo de corrida recorrer el arbol: 0.0789609
Valor de la funcion objetivo: 2
x32_1 = 1
x33_1 = 1
x5_4 = 1
x13_4 = 1
x17_4 = 1
w1 = 1
w4 = 1
