Tiempo de corrida total: 0.063638
Tiempo de corrida recorrer el arbol: 0.0200579
Valor de la funcion objetivo: 2
x1_8 = 1
x4_8 = 1
x9_8 = 1
x20_8 = 1
x25_8 = 1
x3_10 = 1
x5_10 = 1
x10_10 = 1
x12_10 = 1
x15_10 = 1
x23_10 = 1
x24_10 = 1
x27_10 = 1
x29_10 = 1
x30_10 = 1
w8 = 1
w10 = 1
