Tiempo de corrida total: 0.334369
Tiempo de corrida recorrer el arbol: 0.251914
Valor de la funcion objetivo: 2
x5_4 = 1
x6_4 = 1
x9_4 = 1
x11_4 = 1
x16_4 = 1
x17_4 = 1
x18_4 = 1
x19_4 = 1
x22_4 = 1
x29_4 = 1
x30_4 = 1
x8_14 = 1
x10_14 = 1
x14_14 = 1
x28_14 = 1
w4 = 1
w14 = 1
