Tiempo de corrida total: 0.0116301
Tiempo de corrida recorrer el arbol: 0.010613
Valor de la funcion objetivo: 1
x1_1 = 1
x4_1 = 1
x6_1 = 1
x8_1 = 1
x18_1 = 1
w1 = 1
