Tiempo de corrida total: 0.115639
Tiempo de corrida recorrer el arbol: 0.0349891
Valor de la funcion objetivo: 2
x4_12 = 1
x5_12 = 1
x9_12 = 1
x12_12 = 1
x19_12 = 1
x24_12 = 1
x27_12 = 1
x29_12 = 1
x30_12 = 1
x6_20 = 1
x7_20 = 1
x10_20 = 1
x11_20 = 1
x14_20 = 1
x16_20 = 1
x17_20 = 1
x18_20 = 1
x23_20 = 1
x25_20 = 1
x26_20 = 1
w12 = 1
w20 = 1
