Tiempo de corrida total: 0.163868
Tiempo de corrida recorrer el arbol: 0.134626
Valor de la funcion objetivo: 2
x3_5 = 1
x5_5 = 1
x9_5 = 1
x17_5 = 1
x6_9 = 1
x10_9 = 1
x18_9 = 1
x25_9 = 1
x28_9 = 1
x29_9 = 1
w5 = 1
w9 = 1
