Tiempo de corrida total: 0.209032
Tiempo de corrida recorrer el arbol: 0.043498
Valor de la funcion objetivo: 1
x3_2 = 1
x4_2 = 1
x21_2 = 1
x30_2 = 1
x48_2 = 1
w2 = 1
