Tiempo de corrida total: 0.082298
Tiempo de corrida recorrer el arbol: 0.03392
Valor de la funcion objetivo: 2
x3_4 = 1
x13_4 = 1
x14_4 = 1
x15_4 = 1
x17_4 = 1
x27_4 = 1
x29_4 = 1
x4_6 = 1
x12_6 = 1
x19_6 = 1
w4 = 1
w6 = 1
