Tiempo de corrida total: 0.593161
Tiempo de corrida recorrer el arbol: 0.55572
Valor de la funcion objetivo: 2
x2_1 = 1
x3_1 = 1
x18_1 = 1
x24_1 = 1
x27_1 = 1
x28_1 = 1
x37_1 = 1
x6_17 = 1
x9_17 = 1
x10_17 = 1
x12_17 = 1
x15_17 = 1
x20_17 = 1
x29_17 = 1
x30_17 = 1
x33_17 = 1
x34_17 = 1
x36_17 = 1
x38_17 = 1
x40_17 = 1
w1 = 1
w17 = 1
