Tiempo de corrida total: 0.18667
Tiempo de corrida recorrer el arbol: 0.169331
Valor de la funcion objetivo: 3
x7_3 = 1
x29_3 = 1
x10_6 = 1
x18_6 = 1
x19_6 = 1
x22_6 = 1
x26_6 = 1
x3_9 = 1
x16_9 = 1
x30_9 = 1
w3 = 1
w6 = 1
w9 = 1
