Tiempo de corrida total: 2.06156
Tiempo de corrida recorrer el arbol: 1.42704
Valor de la funcion objetivo: 4
x12_2 = 1
x13_2 = 1
x29_2 = 1
x1_7 = 1
x33_7 = 1
x34_8 = 1
x35_8 = 1
x36_8 = 1
x18_9 = 1
x27_9 = 1
w2 = 1
w7 = 1
w8 = 1
w9 = 1
