Tiempo de corrida total: 0.594715
Tiempo de corrida recorrer el arbol: 0.586799
Valor de la funcion objetivo: 2
x10_3 = 1
x22_3 = 1
x25_3 = 1
x27_3 = 1
x28_3 = 1
x32_3 = 1
x33_3 = 1
x2_12 = 1
x3_12 = 1
x5_12 = 1
x16_12 = 1
x18_12 = 1
x20_12 = 1
x23_12 = 1
x30_12 = 1
w3 = 1
w12 = 1
