Tiempo de corrida total: 0.034996
Tiempo de corrida recorrer el arbol: 0.0212719
Valor de la funcion objetivo: 1
x1_6 = 1
x3_6 = 1
x11_6 = 1
x14_6 = 1
x15_6 = 1
x16_6 = 1
x18_6 = 1
x31_6 = 1
x37_6 = 1
x39_6 = 1
w6 = 1
