Tiempo de corrida total: 0.116425
Tiempo de corrida recorrer el arbol: 0.112816
Valor de la funcion objetivo: 1
x6_2 = 1
x9_2 = 1
x11_2 = 1
x21_2 = 1
x28_2 = 1
w2 = 1
