Tiempo de corrida total: 0.123078
Tiempo de corrida recorrer el arbol: 0.0103769
Valor de la funcion objetivo: 2
x1_4 = 1
x2_4 = 1
x5_4 = 1
x8_4 = 1
x9_4 = 1
x19_4 = 1
x23_4 = 1
x30_4 = 1
x3_10 = 1
x4_10 = 1
x6_10 = 1
x10_10 = 1
x14_10 = 1
x17_10 = 1
x18_10 = 1
x20_10 = 1
x24_10 = 1
x25_10 = 1
x27_10 = 1
x29_10 = 1
w4 = 1
w10 = 1
