Tiempo de corrida total: 0.0573349
Tiempo de corrida recorrer el arbol: 0.0196879
Valor de la funcion objetivo: 1
x2_2 = 1
x10_2 = 1
x12_2 = 1
x16_2 = 1
x26_2 = 1
w2 = 1
