Tiempo de corrida total: 3.47048
Tiempo de corrida recorrer el arbol: 3.21477
Valor de la funcion objetivo: 2
x5_4 = 1
x10_4 = 1
x13_4 = 1
x22_4 = 1
x38_4 = 1
x43_4 = 1
x50_4 = 1
x7_14 = 1
x12_14 = 1
x16_14 = 1
x17_14 = 1
x19_14 = 1
x21_14 = 1
x25_14 = 1
x26_14 = 1
x27_14 = 1
x30_14 = 1
x36_14 = 1
x39_14 = 1
x49_14 = 1
w4 = 1
w14 = 1
