Tiempo de corrida total: 0.108405
Tiempo de corrida recorrer el arbol: 0.0234001
Valor de la funcion objetivo: 1
x2_1 = 1
x5_1 = 1
x11_1 = 1
x20_1 = 1
x21_1 = 1
w1 = 1
