Tiempo de corrida total: 0.846418
Tiempo de corrida recorrer el arbol: 0.530275
Valor de la funcion objetivo: 2
x19_1 = 1
x25_1 = 1
x5_4 = 1
x8_4 = 1
x27_4 = 1
w1 = 1
w4 = 1
