Tiempo de corrida total: 1.12779
Tiempo de corrida recorrer el arbol: 0.854259
Valor de la funcion objetivo: 3
x6_2 = 1
x24_2 = 1
x25_2 = 1
x12_3 = 1
x20_3 = 1
x38_3 = 1
x9_4 = 1
x13_4 = 1
x32_4 = 1
x39_4 = 1
w2 = 1
w3 = 1
w4 = 1
