Tiempo de corrida total: 0.944029
Tiempo de corrida recorrer el arbol: 0.212268
Valor de la funcion objetivo: 1
x4_1 = 1
x12_1 = 1
x27_1 = 1
x29_1 = 1
x33_1 = 1
x35_1 = 1
x39_1 = 1
x42_1 = 1
x49_1 = 1
x50_1 = 1
w1 = 1
