Tiempo de corrida total: 0.223718
Tiempo de corrida recorrer el arbol: 0.05984
Valor de la funcion objetivo: 2
x1_5 = 1
x4_5 = 1
x7_5 = 1
x11_5 = 1
x18_5 = 1
x25_5 = 1
x10_10 = 1
x12_10 = 1
x15_10 = 1
x21_10 = 1
x23_10 = 1
x26_10 = 1
x29_10 = 1
x31_10 = 1
x40_10 = 1
w5 = 1
w10 = 1
