Tiempo de corrida total: 0.0331392
Tiempo de corrida recorrer el arbol: 0.00687289
Valor de la funcion objetivo: 1
x1_2 = 1
x7_2 = 1
x8_2 = 1
x13_2 = 1
x17_2 = 1
w2 = 1
