Tiempo de corrida total: 0.112689
Tiempo de corrida recorrer el arbol: 0.0435729
Valor de la funcion objetivo: 2
x2_11 = 1
x5_11 = 1
x10_11 = 1
x12_11 = 1
x18_11 = 1
x19_11 = 1
x20_11 = 1
x25_11 = 1
x28_11 = 1
x29_11 = 1
x30_11 = 1
x3_13 = 1
x4_13 = 1
x7_13 = 1
x13_13 = 1
w11 = 1
w13 = 1
