Tiempo de corrida total: 0.396121
Tiempo de corrida recorrer el arbol: 0.107217
Valor de la funcion objetivo: 2
x8_1 = 1
x19_1 = 1
x32_1 = 1
x33_1 = 1
x38_1 = 1
x40_1 = 1
x45_1 = 1
x5_16 = 1
x16_16 = 1
x18_16 = 1
x21_16 = 1
x22_16 = 1
x23_16 = 1
x28_16 = 1
x31_16 = 1
x36_16 = 1
x37_16 = 1
x41_16 = 1
x47_16 = 1
x48_16 = 1
w1 = 1
w16 = 1
