Tiempo de corrida total: 0.484131
Tiempo de corrida recorrer el arbol: 0.444966
Valor de la funcion objetivo: 2
x8_11 = 1
x11_11 = 1
x12_11 = 1
x16_11 = 1
x19_11 = 1
x24_11 = 1
x29_11 = 1
x1_17 = 1
x2_17 = 1
x3_17 = 1
x5_17 = 1
x9_17 = 1
x15_17 = 1
x23_17 = 1
x26_17 = 1
x30_17 = 1
x33_17 = 1
x36_17 = 1
x39_17 = 1
x40_17 = 1
w11 = 1
w17 = 1
