Tiempo de corrida total: 2.15213
Tiempo de corrida recorrer el arbol: 0.920979
Valor de la funcion objetivo: 3
x7_1 = 1
x22_1 = 1
x34_1 = 1
x19_6 = 1
x24_6 = 1
x28_6 = 1
x36_6 = 1
x13_8 = 1
x33_8 = 1
x38_8 = 1
w1 = 1
w6 = 1
w8 = 1
