Tiempo de corrida total: 0.964807
Tiempo de corrida recorrer el arbol: 0.925732
Valor de la funcion objetivo: 2
x5_4 = 1
x10_4 = 1
x16_4 = 1
x25_4 = 1
x29_4 = 1
x36_4 = 1
x40_4 = 1
x3_14 = 1
x12_14 = 1
x18_14 = 1
x20_14 = 1
x24_14 = 1
x34_14 = 1
x35_14 = 1
x37_14 = 1
w4 = 1
w14 = 1
