Tiempo de corrida total: 0.666881
Tiempo de corrida recorrer el arbol: 0.219955
Valor de la funcion objetivo: 2
x7_2 = 1
x8_2 = 1
x18_2 = 1
x21_2 = 1
x23_2 = 1
x31_2 = 1
x32_2 = 1
x34_2 = 1
x36_2 = 1
x1_5 = 1
x3_5 = 1
x5_5 = 1
x35_5 = 1
x38_5 = 1
x40_5 = 1
w2 = 1
w5 = 1
