Tiempo de corrida total: 3.24654
Tiempo de corrida recorrer el arbol: 3.05678
Valor de la funcion objetivo: 2
x3_3 = 1
x12_3 = 1
x14_3 = 1
x33_3 = 1
x36_3 = 1
x37_3 = 1
x39_3 = 1
x1_4 = 1
x21_4 = 1
x29_4 = 1
w3 = 1
w4 = 1
