Tiempo de corrida total: 0.172044
Tiempo de corrida recorrer el arbol: 0.095396
Valor de la funcion objetivo: 1
x1_11 = 1
x16_11 = 1
x20_11 = 1
x22_11 = 1
x26_11 = 1
x28_11 = 1
x29_11 = 1
x32_11 = 1
x33_11 = 1
x36_11 = 1
x43_11 = 1
x46_11 = 1
x47_11 = 1
x49_11 = 1
x50_11 = 1
w11 = 1
