Tiempo de corrida total: 0.820465
Tiempo de corrida recorrer el arbol: 0.814739
Valor de la funcion objetivo: 2
x1_1 = 1
x2_1 = 1
x3_1 = 1
x5_1 = 1
x6_1 = 1
x8_1 = 1
x30_1 = 1
x4_2 = 1
x7_2 = 1
x21_2 = 1
w1 = 1
w2 = 1
