Tiempo de corrida total: 2.00793
Tiempo de corrida recorrer el arbol: 1.82934
Valor de la funcion objetivo: 3
x7_3 = 1
x10_3 = 1
x18_3 = 1
x19_3 = 1
x8_4 = 1
x14_4 = 1
x22_4 = 1
x11_8 = 1
x13_8 = 1
x27_8 = 1
w3 = 1
w4 = 1
w8 = 1
