Tiempo de corrida total: 0.268106
Tiempo de corrida recorrer el arbol: 0.032999
Valor de la funcion objetivo: 1
x6_1 = 1
x8_1 = 1
x9_1 = 1
x31_1 = 1
x39_1 = 1
w1 = 1
