Tiempo de corrida total: 0.0160501
Tiempo de corrida recorrer el arbol: 0.0111699
Valor de la funcion objetivo: 1
x5_3 = 1
x6_3 = 1
x7_3 = 1
x10_3 = 1
x11_3 = 1
x13_3 = 1
x14_3 = 1
x20_3 = 1
x22_3 = 1
x24_3 = 1
w3 = 1
