Tiempo de corrida total: 8.92322
Tiempo de corrida recorrer el arbol: 8.91607
Valor de la funcion objetivo: 3
x3_7 = 1
x5_7 = 1
x9_7 = 1
x13_7 = 1
x19_7 = 1
x1_13 = 1
x4_13 = 1
x10_13 = 1
x18_13 = 1
x20_13 = 1
x23_13 = 1
x26_13 = 1
x27_13 = 1
x14_20 = 1
x16_20 = 1
x21_20 = 1
x22_20 = 1
x24_20 = 1
x29_20 = 1
x30_20 = 1
w7 = 1
w13 = 1
w20 = 1
