Tiempo de corrida total: 0.125505
Tiempo de corrida recorrer el arbol: 0.091826
Valor de la funcion objetivo: 3
x12_1 = 1
x15_1 = 1
x26_3 = 1
x2_4 = 1
x28_4 = 1
w1 = 1
w3 = 1
w4 = 1
