Tiempo de corrida total: 0.153419
Tiempo de corrida recorrer el arbol: 0.0754049
Valor de la funcion objetivo: 1
x10_5 = 1
x14_5 = 1
x24_5 = 1
x25_5 = 1
x32_5 = 1
w5 = 1
