Tiempo de corrida total: 0.102899
Tiempo de corrida recorrer el arbol: 0.0336049
Valor de la funcion objetivo: 2
x23_7 = 1
x26_7 = 1
x29_7 = 1
x30_7 = 1
x31_7 = 1
x1_10 = 1
x6_10 = 1
x21_10 = 1
x22_10 = 1
x25_10 = 1
x27_10 = 1
x32_10 = 1
x36_10 = 1
x37_10 = 1
x38_10 = 1
w7 = 1
w10 = 1
