Tiempo de corrida total: 0.566241
Tiempo de corrida recorrer el arbol: 0.544196
Valor de la funcion objetivo: 2
x1_16 = 1
x3_16 = 1
x14_16 = 1
x16_16 = 1
x24_16 = 1
x26_16 = 1
x27_16 = 1
x29_16 = 1
x30_16 = 1
x4_19 = 1
x5_19 = 1
x6_19 = 1
x7_19 = 1
x9_19 = 1
x10_19 = 1
x12_19 = 1
x13_19 = 1
x19_19 = 1
x21_19 = 1
x25_19 = 1
w16 = 1
w19 = 1
