Tiempo de corrida total: 0.217452
Tiempo de corrida recorrer el arbol: 0.061878
Valor de la funcion objetivo: 2
x3_4 = 1
x9_4 = 1
x12_4 = 1
x29_4 = 1
x34_4 = 1
x37_4 = 1
x39_4 = 1
x43_4 = 1
x49_4 = 1
x1_8 = 1
x18_8 = 1
x25_8 = 1
x35_8 = 1
x38_8 = 1
x50_8 = 1
w4 = 1
w8 = 1
