Tiempo de corrida total: 0.294775
Tiempo de corrida recorrer el arbol: 0.282038
Valor de la funcion objetivo: 2
x13_2 = 1
x25_2 = 1
x14_3 = 1
x23_3 = 1
x26_3 = 1
w2 = 1
w3 = 1
