Tiempo de corrida total: 1.22931
Tiempo de corrida recorrer el arbol: 0.62693
Valor de la funcion objetivo: 4
x34_1 = 1
x35_1 = 1
x36_1 = 1
x17_4 = 1
x40_4 = 1
x12_6 = 1
x13_6 = 1
x29_6 = 1
x16_8 = 1
x28_8 = 1
w1 = 1
w4 = 1
w6 = 1
w8 = 1
