Tiempo de corrida total: 0.0355051
Tiempo de corrida recorrer el arbol: 0.00959182
Valor de la funcion objetivo: 1
x17_5 = 1
x31_5 = 1
x33_5 = 1
x42_5 = 1
x43_5 = 1
w5 = 1
