Tiempo de corrida total: 0.0273991
Tiempo de corrida recorrer el arbol: 0.00882602
Valor de la funcion objetivo: 1
x1_5 = 1
x2_5 = 1
x5_5 = 1
x19_5 = 1
x27_5 = 1
w5 = 1
