Tiempo de corrida total: 0.351562
Tiempo de corrida recorrer el arbol: 0.306915
Valor de la funcion objetivo: 2
x7_9 = 1
x20_9 = 1
x22_9 = 1
x24_9 = 1
x26_9 = 1
x27_9 = 1
x29_9 = 1
x37_9 = 1
x3_18 = 1
x4_18 = 1
x5_18 = 1
x9_18 = 1
x10_18 = 1
x19_18 = 1
x21_18 = 1
x25_18 = 1
x32_18 = 1
x33_18 = 1
x34_18 = 1
x40_18 = 1
w9 = 1
w18 = 1
