Tiempo de corrida total: 0.576089
Tiempo de corrida recorrer el arbol: 0.564516
Valor de la funcion objetivo: 2
x2_1 = 1
x9_1 = 1
x10_1 = 1
x17_1 = 1
x25_1 = 1
x1_4 = 1
x6_4 = 1
x11_4 = 1
x24_4 = 1
x28_4 = 1
w1 = 1
w4 = 1
