Tiempo de corrida total: 0.402425
Tiempo de corrida recorrer el arbol: 0.100779
Valor de la funcion objetivo: 2
x6_12 = 1
x12_12 = 1
x15_12 = 1
x20_12 = 1
x21_12 = 1
x22_12 = 1
x4_14 = 1
x7_14 = 1
x9_14 = 1
x10_14 = 1
x14_14 = 1
x16_14 = 1
x24_14 = 1
x25_14 = 1
x30_14 = 1
w12 = 1
w14 = 1
