Tiempo de corrida total: 0.200026
Tiempo de corrida recorrer el arbol: 0.194998
Valor de la funcion objetivo: 2
x5_4 = 1
x28_4 = 1
x14_5 = 1
x16_5 = 1
x24_5 = 1
w4 = 1
w5 = 1
