Tiempo de corrida total: 0.347204
Tiempo de corrida recorrer el arbol: 0.075917
Valor de la funcion objetivo: 3
x1_2 = 1
x10_2 = 1
x16_2 = 1
x29_2 = 1
x2_4 = 1
x4_4 = 1
x5_4 = 1
x6_4 = 1
x7_4 = 1
x17_4 = 1
x12_10 = 1
x22_10 = 1
x24_10 = 1
x26_10 = 1
x28_10 = 1
w2 = 1
w4 = 1
w10 = 1
