Tiempo de corrida total: 0.507168
Tiempo de corrida recorrer el arbol: 0.122739
Valor de la funcion objetivo: 2
x2_2 = 1
x5_2 = 1
x16_4 = 1
x19_4 = 1
x30_4 = 1
w2 = 1
w4 = 1
