Tiempo de corrida total: 0.0936952
Tiempo de corrida recorrer el arbol: 0.017664
Valor de la funcion objetivo: 2
x2_1 = 1
x3_1 = 1
x5_1 = 1
x6_1 = 1
x7_1 = 1
x16_1 = 1
x25_1 = 1
x31_1 = 1
x34_1 = 1
x36_1 = 1
x40_1 = 1
x42_1 = 1
x22_2 = 1
x23_2 = 1
x48_2 = 1
w1 = 1
w2 = 1
