Tiempo de corrida total: 0.0831912
Tiempo de corrida recorrer el arbol: 0.0518339
Valor de la funcion objetivo: 1
x8_4 = 1
x10_4 = 1
x33_4 = 1
x34_4 = 1
x49_4 = 1
w4 = 1
