Tiempo de corrida total: 0.0227971
Tiempo de corrida recorrer el arbol: 0.00619078
Valor de la funcion objetivo: 1
x1_3 = 1
x3_3 = 1
x8_3 = 1
x12_3 = 1
x14_3 = 1
w3 = 1
