Tiempo de corrida total: 0.0219219
Tiempo de corrida recorrer el arbol: 0.00993395
Valor de la funcion objetivo: 1
x2_1 = 1
x10_1 = 1
x19_1 = 1
x24_1 = 1
x33_1 = 1
w1 = 1
