Tiempo de corrida total: 0.108557
Tiempo de corrida recorrer el arbol: 0.0793591
Valor de la funcion objetivo: 1
x4_3 = 1
x7_3 = 1
x9_3 = 1
x27_3 = 1
x32_3 = 1
w3 = 1
