Tiempo de corrida total: 0.215839
Tiempo de corrida recorrer el arbol: 0.054704
Valor de la funcion objetivo: 2
x1_8 = 1
x18_8 = 1
x19_8 = 1
x21_8 = 1
x27_8 = 1
x31_8 = 1
x34_8 = 1
x35_8 = 1
x38_8 = 1
x41_8 = 1
x2_15 = 1
x11_15 = 1
x20_15 = 1
x23_15 = 1
x24_15 = 1
x25_15 = 1
x29_15 = 1
x42_15 = 1
x48_15 = 1
x50_15 = 1
w8 = 1
w15 = 1
