Tiempo de corrida total: 1.72323
Tiempo de corrida recorrer el arbol: 1.41061
Valor de la funcion objetivo: 2
x7_2 = 1
x9_2 = 1
x10_2 = 1
x11_2 = 1
x24_2 = 1
x26_2 = 1
x27_2 = 1
x29_2 = 1
x33_2 = 1
x35_10 = 1
w2 = 1
w10 = 1
