Tiempo de corrida total: 0.0208941
Tiempo de corrida recorrer el arbol: 0.0125341
Valor de la funcion objetivo: 1
x1_1 = 1
x2_1 = 1
x14_1 = 1
x19_1 = 1
x28_1 = 1
w1 = 1
