Tiempo de corrida total: 5.65435
Tiempo de corrida recorrer el arbol: 5.61957
Valor de la funcion objetivo: 3
x1_2 = 1
x3_2 = 1
x4_2 = 1
x10_2 = 1
x11_2 = 1
x20_2 = 1
x21_2 = 1
x6_4 = 1
x7_4 = 1
x9_4 = 1
x12_4 = 1
x19_4 = 1
x25_4 = 1
x26_4 = 1
x30_4 = 1
x5_10 = 1
x17_10 = 1
x23_10 = 1
x27_10 = 1
x29_10 = 1
w2 = 1
w4 = 1
w10 = 1
