Tiempo de corrida total: 3.03171
Tiempo de corrida recorrer el arbol: 2.50035
Valor de la funcion objetivo: 5
x5_1 = 1
x22_1 = 1
x13_5 = 1
x29_5 = 1
x17_6 = 1
x19_6 = 1
x20_8 = 1
x3_9 = 1
x14_9 = 1
x21_9 = 1
w1 = 1
w5 = 1
w6 = 1
w8 = 1
w9 = 1
