Tiempo de corrida total: 0.161832
Tiempo de corrida recorrer el arbol: 0.119568
Valor de la funcion objetivo: 1
x4_10 = 1
x6_10 = 1
x9_10 = 1
x12_10 = 1
x14_10 = 1
x18_10 = 1
x19_10 = 1
x39_10 = 1
x43_10 = 1
x47_10 = 1
w10 = 1
