Tiempo de corrida total: 0.078253
Tiempo de corrida recorrer el arbol: 0.019855
Valor de la funcion objetivo: 2
x2_3 = 1
x3_3 = 1
x4_3 = 1
x7_3 = 1
x16_3 = 1
x21_3 = 1
x9_6 = 1
x10_6 = 1
x14_6 = 1
x20_6 = 1
x25_6 = 1
x26_6 = 1
x27_6 = 1
x28_6 = 1
x30_6 = 1
w3 = 1
w6 = 1
