Tiempo de corrida total: 0.674106
Tiempo de corrida recorrer el arbol: 0.668787
Valor de la funcion objetivo: 2
x1_1 = 1
x2_1 = 1
x3_1 = 1
x4_1 = 1
x6_1 = 1
x8_1 = 1
x9_1 = 1
x11_1 = 1
x13_1 = 1
x14_1 = 1
x34_1 = 1
x39_1 = 1
x12_2 = 1
x27_2 = 1
x29_2 = 1
w1 = 1
w2 = 1
