Tiempo de corrida total: 0.722073
Tiempo de corrida recorrer el arbol: 0.628753
Valor de la funcion objetivo: 2
x2_1 = 1
x5_1 = 1
x7_1 = 1
x8_1 = 1
x30_1 = 1
x36_1 = 1
x4_2 = 1
x6_2 = 1
x24_2 = 1
x25_2 = 1
w1 = 1
w2 = 1
