Tiempo de corrida total: 1.51234
Tiempo de corrida recorrer el arbol: 1.49375
Valor de la funcion objetivo: 2
x1_17 = 1
x3_17 = 1
x9_17 = 1
x12_17 = 1
x17_17 = 1
x18_17 = 1
x28_17 = 1
x36_17 = 1
x44_17 = 1
x49_17 = 1
x7_19 = 1
x8_19 = 1
x10_19 = 1
x19_19 = 1
x23_19 = 1
x25_19 = 1
x37_19 = 1
x40_19 = 1
x41_19 = 1
x47_19 = 1
w17 = 1
w19 = 1
