Tiempo de corrida total: 0.221746
Tiempo de corrida recorrer el arbol: 0.213062
Valor de la funcion objetivo: 2
x2_4 = 1
x21_4 = 1
x1_5 = 1
x3_5 = 1
x6_5 = 1
w4 = 1
w5 = 1
