Tiempo de corrida total: 1.24049
Tiempo de corrida recorrer el arbol: 1.23295
Valor de la funcion objetivo: 2
x10_12 = 1
x13_12 = 1
x18_12 = 1
x21_12 = 1
x23_12 = 1
x24_12 = 1
x29_12 = 1
x37_12 = 1
x14_13 = 1
x16_13 = 1
x30_13 = 1
x34_13 = 1
x36_13 = 1
x38_13 = 1
x40_13 = 1
w12 = 1
w13 = 1
