Tiempo de corrida total: 6.85125
Tiempo de corrida recorrer el arbol: 6.80059
Valor de la funcion objetivo: 3
x2_3 = 1
x10_3 = 1
x11_3 = 1
x14_3 = 1
x16_3 = 1
x27_3 = 1
x30_3 = 1
x1_7 = 1
x5_7 = 1
x19_7 = 1
x26_7 = 1
x29_7 = 1
x3_8 = 1
x4_8 = 1
x6_8 = 1
x9_8 = 1
x12_8 = 1
x13_8 = 1
x17_8 = 1
x21_8 = 1
w3 = 1
w7 = 1
w8 = 1
