Tiempo de corrida total: 0.36972
Tiempo de corrida recorrer el arbol: 0.133499
Valor de la funcion objetivo: 2
x34_4 = 1
x40_4 = 1
x5_5 = 1
x24_5 = 1
x35_5 = 1
w4 = 1
w5 = 1
