Tiempo de corrida total: 0.0773971
Tiempo de corrida recorrer el arbol: 0.0148749
Valor de la funcion objetivo: 1
x10_2 = 1
x11_2 = 1
x18_2 = 1
x20_2 = 1
x27_2 = 1
w2 = 1
