Tiempo de corrida total: 0.087826
Tiempo de corrida recorrer el arbol: 0.015954
Valor de la funcion objetivo: 1
x7_3 = 1
x11_3 = 1
x18_3 = 1
x20_3 = 1
x39_3 = 1
w3 = 1
