Tiempo de corrida total: 0.245909
Tiempo de corrida recorrer el arbol: 0.035238
Valor de la funcion objetivo: 1
x6_4 = 1
x7_4 = 1
x10_4 = 1
x14_4 = 1
x35_4 = 1
w4 = 1
