Tiempo de corrida total: 0.0456171
Tiempo de corrida recorrer el arbol: 0.021872
Valor de la funcion objetivo: 1
x4_3 = 1
x6_3 = 1
x7_3 = 1
x11_3 = 1
x12_3 = 1
x15_3 = 1
x16_3 = 1
x24_3 = 1
x29_3 = 1
x44_3 = 1
w3 = 1
