Tiempo de corrida total: 5.16392
Tiempo de corrida recorrer el arbol: 5.07481
Valor de la funcion objetivo: 3
x16_2 = 1
x18_2 = 1
x19_2 = 1
x21_2 = 1
x29_2 = 1
x2_3 = 1
x27_3 = 1
x5_10 = 1
x22_10 = 1
x30_10 = 1
w2 = 1
w3 = 1
w10 = 1
