Tiempo de corrida total: 1.60611
Tiempo de corrida recorrer el arbol: 1.57319
Valor de la funcion objetivo: 2
x2_9 = 1
x14_9 = 1
x23_9 = 1
x29_9 = 1
x33_9 = 1
x34_9 = 1
x36_9 = 1
x24_10 = 1
x31_10 = 1
x40_10 = 1
w9 = 1
w10 = 1
