Tiempo de corrida total: 0.164105
Tiempo de corrida recorrer el arbol: 0.0272522
Valor de la funcion objetivo: 2
x16_2 = 1
x25_2 = 1
x21_5 = 1
x24_5 = 1
x28_5 = 1
w2 = 1
w5 = 1
