Tiempo de corrida total: 0.184417
Tiempo de corrida recorrer el arbol: 0.0626221
Valor de la funcion objetivo: 2
x3_5 = 1
x6_5 = 1
x7_5 = 1
x11_5 = 1
x15_5 = 1
x18_5 = 1
x24_5 = 1
x25_5 = 1
x32_5 = 1
x36_5 = 1
x4_8 = 1
x5_8 = 1
x17_8 = 1
x31_8 = 1
x39_8 = 1
w5 = 1
w8 = 1
