Tiempo de corrida total: 0.071213
Tiempo de corrida recorrer el arbol: 0.036798
Valor de la funcion objetivo: 1
x13_1 = 1
x18_1 = 1
x22_1 = 1
x29_1 = 1
x30_1 = 1
w1 = 1
