Tiempo de corrida total: 0.250594
Tiempo de corrida recorrer el arbol: 0.0772202
Valor de la funcion objetivo: 5
x4_1 = 1
x20_1 = 1
x6_5 = 1
x21_5 = 1
x11_8 = 1
x12_8 = 1
x18_9 = 1
x19_9 = 1
x7_10 = 1
x24_10 = 1
w1 = 1
w5 = 1
w8 = 1
w9 = 1
w10 = 1
