Tiempo de corrida total: 0.208696
Tiempo de corrida recorrer el arbol: 0.06777
Valor de la funcion objetivo: 2
x1_7 = 1
x5_7 = 1
x6_7 = 1
x9_7 = 1
x10_7 = 1
x14_7 = 1
x16_7 = 1
x17_7 = 1
x19_7 = 1
x29_7 = 1
x30_7 = 1
x8_13 = 1
x22_13 = 1
x24_13 = 1
x28_13 = 1
w7 = 1
w13 = 1
