Tiempo de corrida total: 0.69067
Tiempo de corrida recorrer el arbol: 0.656871
Valor de la funcion objetivo: 2
x1_4 = 1
x39_4 = 1
x7_5 = 1
x19_5 = 1
x21_5 = 1
w4 = 1
w5 = 1
