Tiempo de corrida total: 0.175437
Tiempo de corrida recorrer el arbol: 0.047585
Valor de la funcion objetivo: 1
x1_4 = 1
x10_4 = 1
x15_4 = 1
x17_4 = 1
x23_4 = 1
w4 = 1
