Tiempo de corrida total: 0.168174
Tiempo de corrida recorrer el arbol: 0.0310431
Valor de la funcion objetivo: 2
x2_9 = 1
x6_9 = 1
x9_9 = 1
x11_9 = 1
x12_9 = 1
x14_9 = 1
x19_9 = 1
x20_9 = 1
x21_9 = 1
x28_9 = 1
x1_14 = 1
x3_14 = 1
x4_14 = 1
x8_14 = 1
x13_14 = 1
x16_14 = 1
x17_14 = 1
x22_14 = 1
x25_14 = 1
x27_14 = 1
w9 = 1
w14 = 1
