Tiempo de corrida total: 1.39785
Tiempo de corrida recorrer el arbol: 0.119319
Valor de la funcion objetivo: 4
x1_1 = 1
x26_1 = 1
x35_5 = 1
x38_5 = 1
x40_5 = 1
x8_6 = 1
x9_6 = 1
x20_6 = 1
x27_8 = 1
x36_8 = 1
w1 = 1
w5 = 1
w6 = 1
w8 = 1
