Tiempo de corrida total: 0.150726
Tiempo de corrida recorrer el arbol: 0.138443
Valor de la funcion objetivo: 2
x2_3 = 1
x5_3 = 1
x6_5 = 1
x7_5 = 1
x30_5 = 1
w3 = 1
w5 = 1
