Tiempo de corrida total: 0.217383
Tiempo de corrida recorrer el arbol: 0.0797219
Valor de la funcion objetivo: 2
x17_2 = 1
x31_2 = 1
x35_2 = 1
x1_3 = 1
x4_3 = 1
w2 = 1
w3 = 1
