Tiempo de corrida total: 0.051939
Tiempo de corrida recorrer el arbol: 0.0215609
Valor de la funcion objetivo: 1
x5_8 = 1
x10_8 = 1
x12_8 = 1
x16_8 = 1
x18_8 = 1
x24_8 = 1
x25_8 = 1
x27_8 = 1
x29_8 = 1
x30_8 = 1
w8 = 1
