Tiempo de corrida total: 0.519822
Tiempo de corrida recorrer el arbol: 0.513848
Valor de la funcion objetivo: 2
x18_5 = 1
x19_5 = 1
x20_5 = 1
x29_5 = 1
x3_10 = 1
x7_10 = 1
x10_10 = 1
x11_10 = 1
x17_10 = 1
x27_10 = 1
w5 = 1
w10 = 1
