Tiempo de corrida total: 0.203294
Tiempo de corrida recorrer el arbol: 0.137856
Valor de la funcion objetivo: 2
x7_3 = 1
x13_3 = 1
x5_4 = 1
x27_4 = 1
x29_4 = 1
w3 = 1
w4 = 1
