Tiempo de corrida total: 0.949053
Tiempo de corrida recorrer el arbol: 0.898689
Valor de la funcion objetivo: 2
x3_4 = 1
x7_4 = 1
x11_4 = 1
x21_4 = 1
x30_4 = 1
x34_4 = 1
x13_11 = 1
x17_11 = 1
x19_11 = 1
x25_11 = 1
x26_11 = 1
x29_11 = 1
x35_11 = 1
x36_11 = 1
x38_11 = 1
w4 = 1
w11 = 1
