Tiempo de corrida total: 3.35856
Tiempo de corrida recorrer el arbol: 3.29729
Valor de la funcion objetivo: 2
x8_9 = 1
x11_9 = 1
x15_9 = 1
x37_9 = 1
x46_9 = 1
x47_9 = 1
x49_9 = 1
x5_11 = 1
x16_11 = 1
x29_11 = 1
x34_11 = 1
x43_11 = 1
x44_11 = 1
x45_11 = 1
x48_11 = 1
w9 = 1
w11 = 1
