Tiempo de corrida total: 0.0795591
Tiempo de corrida recorrer el arbol: 0.0261371
Valor de la funcion objetivo: 2
x18_6 = 1
x24_6 = 1
x29_6 = 1
x31_6 = 1
x38_6 = 1
x7_13 = 1
x17_13 = 1
x20_13 = 1
x21_13 = 1
x26_13 = 1
x27_13 = 1
x30_13 = 1
x32_13 = 1
x37_13 = 1
x40_13 = 1
w6 = 1
w13 = 1
