Tiempo de corrida total: 0.011162
Tiempo de corrida recorrer el arbol: 0.00930691
Valor de la funcion objetivo: 1
x1_2 = 1
x5_2 = 1
x7_2 = 1
x20_2 = 1
x23_2 = 1
w2 = 1
