Tiempo de corrida total: 0.310918
Tiempo de corrida recorrer el arbol: 0.305139
Valor de la funcion objetivo: 2
x1_1 = 1
x2_1 = 1
x6_1 = 1
x7_1 = 1
x11_1 = 1
x14_1 = 1
x29_1 = 1
x9_2 = 1
x18_2 = 1
x20_2 = 1
w1 = 1
w2 = 1
