Tiempo de corrida total: 0.016458
Tiempo de corrida recorrer el arbol: 0.0129869
Valor de la funcion objetivo: 1
x3_3 = 1
x4_3 = 1
x6_3 = 1
x7_3 = 1
x12_3 = 1
x13_3 = 1
x14_3 = 1
x17_3 = 1
x27_3 = 1
x35_3 = 1
w3 = 1
