Tiempo de corrida total: 6.28112
Tiempo de corrida recorrer el arbol: 5.44507
Valor de la funcion objetivo: 4
x2_4 = 1
x4_4 = 1
x20_4 = 1
x27_4 = 1
x29_4 = 1
x8_7 = 1
x15_7 = 1
x23_7 = 1
x25_7 = 1
x3_8 = 1
x5_8 = 1
x10_8 = 1
x16_8 = 1
x18_12 = 1
x30_12 = 1
w4 = 1
w7 = 1
w8 = 1
w12 = 1
