Tiempo de corrida total: 1.01057
Tiempo de corrida recorrer el arbol: 0.145711
Valor de la funcion objetivo: 3
x9_3 = 1
x13_3 = 1
x14_3 = 1
x24_3 = 1
x27_3 = 1
x30_3 = 1
x2_4 = 1
x3_4 = 1
x4_4 = 1
x5_4 = 1
x10_4 = 1
x12_4 = 1
x17_4 = 1
x29_4 = 1
x16_14 = 1
x18_14 = 1
x19_14 = 1
x23_14 = 1
x25_14 = 1
x26_14 = 1
w3 = 1
w4 = 1
w14 = 1
