Tiempo de corrida total: 0.180373
Tiempo de corrida recorrer el arbol: 0.0229931
Valor de la funcion objetivo: 1
x12_1 = 1
x15_1 = 1
x19_1 = 1
x21_1 = 1
x24_1 = 1
x27_1 = 1
x36_1 = 1
x40_1 = 1
x44_1 = 1
x45_1 = 1
w1 = 1
