Tiempo de corrida total: 0.0169911
Tiempo de corrida recorrer el arbol: 0.00637078
Valor de la funcion objetivo: 1
x3_1 = 1
x4_1 = 1
x11_1 = 1
x18_1 = 1
x29_1 = 1
w1 = 1
