Tiempo de corrida total: 0.652616
Tiempo de corrida recorrer el arbol: 0.178511
Valor de la funcion objetivo: 1
x19_3 = 1
x25_3 = 1
x26_3 = 1
x31_3 = 1
x46_3 = 1
w3 = 1
