Tiempo de corrida total: 0.485071
Tiempo de corrida recorrer el arbol: 0.477569
Valor de la funcion objetivo: 2
x1_1 = 1
x3_1 = 1
x7_1 = 1
x27_1 = 1
x4_2 = 1
w1 = 1
w2 = 1
