Tiempo de corrida total: 0.057909
Tiempo de corrida recorrer el arbol: 0.0558519
Valor de la funcion objetivo: 1
x5_5 = 1
x8_5 = 1
x14_5 = 1
x31_5 = 1
x33_5 = 1
w5 = 1
