Tiempo de corrida total: 4.67709
Tiempo de corrida recorrer el arbol: 4.63466
Valor de la funcion objetivo: 2
x5_3 = 1
x14_3 = 1
x27_3 = 1
x38_3 = 1
x9_5 = 1
x15_5 = 1
x36_5 = 1
x43_5 = 1
x47_5 = 1
x49_5 = 1
w3 = 1
w5 = 1
