Tiempo de corrida total: 1.02171
Tiempo de corrida recorrer el arbol: 0.184277
Valor de la funcion objetivo: 2
x4_17 = 1
x8_17 = 1
x9_17 = 1
x11_17 = 1
x12_17 = 1
x22_17 = 1
x29_17 = 1
x41_17 = 1
x43_17 = 1
x45_17 = 1
x47_17 = 1
x14_20 = 1
x16_20 = 1
x25_20 = 1
x30_20 = 1
x32_20 = 1
x35_20 = 1
x38_20 = 1
x48_20 = 1
x49_20 = 1
w17 = 1
w20 = 1
