Tiempo de corrida total: 0.0137382
Tiempo de corrida recorrer el arbol: 0.0115891
Valor de la funcion objetivo: 1
x10_1 = 1
x14_1 = 1
x24_1 = 1
x25_1 = 1
x29_1 = 1
w1 = 1
