Tiempo de corrida total: 0.094023
Tiempo de corrida recorrer el arbol: 0.0384049
Valor de la funcion objetivo: 1
x9_5 = 1
x12_5 = 1
x16_5 = 1
x18_5 = 1
x26_5 = 1
w5 = 1
