Tiempo de corrida total: 7.38955
Tiempo de corrida recorrer el arbol: 7.33478
Valor de la funcion objetivo: 3
x19_11 = 1
x24_11 = 1
x25_11 = 1
x36_11 = 1
x37_11 = 1
x38_11 = 1
x39_11 = 1
x40_11 = 1
x1_15 = 1
x3_15 = 1
x16_15 = 1
x26_15 = 1
x34_15 = 1
x5_20 = 1
x7_20 = 1
x18_20 = 1
x20_20 = 1
x27_20 = 1
x29_20 = 1
x33_20 = 1
w11 = 1
w15 = 1
w20 = 1
