Tiempo de corrida total: 0.017863
Tiempo de corrida recorrer el arbol: 0.0154741
Valor de la funcion objetivo: 1
x1_1 = 1
x2_1 = 1
x4_1 = 1
x5_1 = 1
x37_1 = 1
w1 = 1
