Tiempo de corrida total: 0.0997341
Tiempo de corrida recorrer el arbol: 0.0181479
Valor de la funcion objetivo: 1
x5_4 = 1
x17_4 = 1
x23_4 = 1
x25_4 = 1
x28_4 = 1
w4 = 1
