Tiempo de corrida total: 0.038465
Tiempo de corrida recorrer el arbol: 0.0371058
Valor de la funcion objetivo: 1
x1_1 = 1
x10_1 = 1
x17_1 = 1
x29_1 = 1
x30_1 = 1
w1 = 1
