Tiempo de corrida total: 0.110633
Tiempo de corrida recorrer el arbol: 0.0500269
Valor de la funcion objetivo: 2
x12_2 = 1
x22_2 = 1
x2_5 = 1
x15_5 = 1
x18_5 = 1
w2 = 1
w5 = 1
