Tiempo de corrida total: 2.65922
Tiempo de corrida recorrer el arbol: 2.65327
Valor de la funcion objetivo: 3
x1_1 = 1
x27_1 = 1
x2_2 = 1
x17_2 = 1
x22_3 = 1
w1 = 1
w2 = 1
w3 = 1
