Tiempo de corrida total: 0.90907
Tiempo de corrida recorrer el arbol: 0.876439
Valor de la funcion objetivo: 2
x8_7 = 1
x12_7 = 1
x27_7 = 1
x31_7 = 1
x32_7 = 1
x39_7 = 1
x17_10 = 1
x20_10 = 1
x21_10 = 1
x38_10 = 1
w7 = 1
w10 = 1
