Tiempo de corrida total: 0.0865519
Tiempo de corrida recorrer el arbol: 0.029068
Valor de la funcion objetivo: 3
x3_5 = 1
x7_5 = 1
x25_5 = 1
x1_9 = 1
x5_9 = 1
x12_9 = 1
x16_9 = 1
x18_9 = 1
x4_13 = 1
x9_13 = 1
x13_13 = 1
x15_13 = 1
x17_13 = 1
x27_13 = 1
x30_13 = 1
w5 = 1
w9 = 1
w13 = 1
