Tiempo de corrida total: 0.846106
Tiempo de corrida recorrer el arbol: 0.816948
Valor de la funcion objetivo: 2
x16_1 = 1
x25_1 = 1
x29_1 = 1
x30_1 = 1
x8_10 = 1
x11_10 = 1
x12_10 = 1
x17_10 = 1
x22_10 = 1
x27_10 = 1
w1 = 1
w10 = 1
