Tiempo de corrida total: 0.248901
Tiempo de corrida recorrer el arbol: 0.058326
Valor de la funcion objetivo: 1
x2_5 = 1
x3_5 = 1
x14_5 = 1
x22_5 = 1
x35_5 = 1
w5 = 1
