Tiempo de corrida total: 6.27374
Tiempo de corrida recorrer el arbol: 6.26241
Valor de la funcion objetivo: 3
x1_1 = 1
x2_1 = 1
x4_1 = 1
x5_1 = 1
x7_1 = 1
x8_1 = 1
x9_1 = 1
x10_1 = 1
x28_1 = 1
x33_1 = 1
x39_1 = 1
x6_2 = 1
x13_2 = 1
x18_2 = 1
x25_2 = 1
x27_2 = 1
x34_2 = 1
x16_3 = 1
x19_3 = 1
x29_3 = 1
w1 = 1
w2 = 1
w3 = 1
