Tiempo de corrida total: 7.26451
Tiempo de corrida recorrer el arbol: 5.97377
Valor de la funcion objetivo: 3
x27_1 = 1
x32_1 = 1
x36_1 = 1
x11_4 = 1
x23_4 = 1
x37_4 = 1
x38_4 = 1
x3_9 = 1
x12_9 = 1
x25_9 = 1
w1 = 1
w4 = 1
w9 = 1
