Tiempo de corrida total: 0.677428
Tiempo de corrida recorrer el arbol: 0.659739
Valor de la funcion objetivo: 2
x2_5 = 1
x5_5 = 1
x6_5 = 1
x7_5 = 1
x8_5 = 1
x9_5 = 1
x18_8 = 1
x23_8 = 1
x27_8 = 1
x28_8 = 1
w5 = 1
w8 = 1
