Tiempo de corrida total: 0.904298
Tiempo de corrida recorrer el arbol: 0.776812
Valor de la funcion objetivo: 2
x30_1 = 1
x37_1 = 1
x3_5 = 1
x6_5 = 1
x9_5 = 1
w1 = 1
w5 = 1
