Tiempo de corrida total: 7.03859
Tiempo de corrida recorrer el arbol: 7.02349
Valor de la funcion objetivo: 3
x4_5 = 1
x6_5 = 1
x13_5 = 1
x16_5 = 1
x17_5 = 1
x23_5 = 1
x26_5 = 1
x3_7 = 1
x5_7 = 1
x14_7 = 1
x18_7 = 1
x19_7 = 1
x24_7 = 1
x30_7 = 1
x9_15 = 1
x10_15 = 1
x12_15 = 1
x20_15 = 1
x25_15 = 1
x27_15 = 1
w5 = 1
w7 = 1
w15 = 1
