Tiempo de corrida total: 0.471309
Tiempo de corrida recorrer el arbol: 0.465324
Valor de la funcion objetivo: 2
x1_1 = 1
x7_1 = 1
x27_1 = 1
x2_2 = 1
x5_2 = 1
w1 = 1
w2 = 1
