Tiempo de corrida total: 0.154203
Tiempo de corrida recorrer el arbol: 0.0389051
Valor de la funcion objetivo: 2
x2_9 = 1
x3_9 = 1
x11_9 = 1
x13_9 = 1
x19_9 = 1
x21_9 = 1
x24_9 = 1
x29_9 = 1
x1_17 = 1
x5_17 = 1
x8_17 = 1
x10_17 = 1
x12_17 = 1
x14_17 = 1
x17_17 = 1
x18_17 = 1
x23_17 = 1
x25_17 = 1
x27_17 = 1
x30_17 = 1
w9 = 1
w17 = 1
