Tiempo de corrida total: 0.277803
Tiempo de corrida recorrer el arbol: 0.037782
Valor de la funcion objetivo: 2
x5_1 = 1
x18_1 = 1
x22_1 = 1
x33_1 = 1
x3_4 = 1
x14_4 = 1
x23_4 = 1
x25_4 = 1
x27_4 = 1
x36_4 = 1
w1 = 1
w4 = 1
