Tiempo de corrida total: 0.278476
Tiempo de corrida recorrer el arbol: 0.271053
Valor de la funcion objetivo: 2
x1_1 = 1
x12_1 = 1
x29_1 = 1
x5_2 = 1
x19_2 = 1
w1 = 1
w2 = 1
