Tiempo de corrida total: 0.020925
Tiempo de corrida recorrer el arbol: 0.018549
Valor de la funcion objetivo: 1
x5_2 = 1
x8_2 = 1
x9_2 = 1
x10_2 = 1
x12_2 = 1
x15_2 = 1
x33_2 = 1
x38_2 = 1
x43_2 = 1
x49_2 = 1
w2 = 1
