Tiempo de corrida total: 0.184283
Tiempo de corrida recorrer el arbol: 0.087415
Valor de la funcion objetivo: 1
x1_7 = 1
x15_7 = 1
x18_7 = 1
x27_7 = 1
x29_7 = 1
x30_7 = 1
x32_7 = 1
x33_7 = 1
x37_7 = 1
x38_7 = 1
x41_7 = 1
x42_7 = 1
x43_7 = 1
x48_7 = 1
x50_7 = 1
w7 = 1
