Tiempo de corrida total: 0.502091
Tiempo de corrida recorrer el arbol: 0.47761
Valor de la funcion objetivo: 2
x11_1 = 1
x34_1 = 1
x9_2 = 1
x16_2 = 1
x30_2 = 1
w1 = 1
w2 = 1
