Tiempo de corrida total: 0.422423
Tiempo de corrida recorrer el arbol: 0.407112
Valor de la funcion objetivo: 2
x5_6 = 1
x11_6 = 1
x18_6 = 1
x25_6 = 1
x27_6 = 1
x2_8 = 1
x9_8 = 1
x10_8 = 1
x17_8 = 1
x26_8 = 1
w6 = 1
w8 = 1
