Tiempo de corrida total: 0.308511
Tiempo de corrida recorrer el arbol: 0.189621
Valor de la funcion objetivo: 3
x15_1 = 1
x2_3 = 1
x6_3 = 1
x11_5 = 1
x30_5 = 1
w1 = 1
w3 = 1
w5 = 1
