Tiempo de corrida total: 1.34031
Tiempo de corrida recorrer el arbol: 0.736667
Valor de la funcion objetivo: 4
x6_1 = 1
x15_1 = 1
x16_1 = 1
x20_1 = 1
x32_1 = 1
x4_2 = 1
x5_2 = 1
x2_3 = 1
x3_3 = 1
x19_3 = 1
x31_3 = 1
x24_10 = 1
x29_10 = 1
x37_10 = 1
x40_10 = 1
w1 = 1
w2 = 1
w3 = 1
w10 = 1
