Tiempo de corrida total: 0.0357492
Tiempo de corrida recorrer el arbol: 0.00956702
Valor de la funcion objetivo: 1
x1_4 = 1
x3_4 = 1
x4_4 = 1
x27_4 = 1
x42_4 = 1
w4 = 1
