Tiempo de corrida total: 0.020102
Tiempo de corrida recorrer el arbol: 0.00801897
Valor de la funcion objetivo: 1
x9_3 = 1
x10_3 = 1
x13_3 = 1
x21_3 = 1
x24_3 = 1
w3 = 1
