Tiempo de corrida total: 0.0145149
Tiempo de corrida recorrer el arbol: 0.0125899
Valor de la funcion objetivo: 1
x1_1 = 1
x2_1 = 1
x7_1 = 1
x22_1 = 1
x38_1 = 1
w1 = 1
