Tiempo de corrida total: 1.39515
Tiempo de corrida recorrer el arbol: 0.488825
Valor de la funcion objetivo: 2
x14_19 = 1
x16_19 = 1
x28_19 = 1
x31_19 = 1
x33_19 = 1
x44_19 = 1
x47_19 = 1
x7_20 = 1
x12_20 = 1
x17_20 = 1
x19_20 = 1
x24_20 = 1
x26_20 = 1
x27_20 = 1
x30_20 = 1
x37_20 = 1
x43_20 = 1
x48_20 = 1
x49_20 = 1
x50_20 = 1
w19 = 1
w20 = 1
