Tiempo de corrida total: 0.612353
Tiempo de corrida recorrer el arbol: 0.528867
Valor de la funcion objetivo: 3
x9_4 = 1
x14_4 = 1
x25_4 = 1
x27_4 = 1
x5_9 = 1
x18_9 = 1
x23_9 = 1
x16_10 = 1
x24_10 = 1
x30_10 = 1
w4 = 1
w9 = 1
w10 = 1
