Tiempo de corrida total: 0.125476
Tiempo de corrida recorrer el arbol: 0.0526619
Valor de la funcion objetivo: 1
x1_8 = 1
x2_8 = 1
x6_8 = 1
x8_8 = 1
x20_8 = 1
x23_8 = 1
x30_8 = 1
x32_8 = 1
x34_8 = 1
x41_8 = 1
w8 = 1
