Tiempo de corrida total: 0.060395
Tiempo de corrida recorrer el arbol: 0.0187199
Valor de la funcion objetivo: 2
x2_1 = 1
x19_1 = 1
x12_4 = 1
x16_4 = 1
x28_4 = 1
w1 = 1
w4 = 1
