Tiempo de corrida total: 0.70076
Tiempo de corrida recorrer el arbol: 0.672591
Valor de la funcion objetivo: 2
x12_7 = 1
x15_7 = 1
x20_7 = 1
x21_7 = 1
x22_7 = 1
x27_7 = 1
x28_7 = 1
x30_7 = 1
x4_8 = 1
x7_8 = 1
x9_8 = 1
x10_8 = 1
x14_8 = 1
x16_8 = 1
x25_8 = 1
w7 = 1
w8 = 1
