Tiempo de corrida total: 0.177003
Tiempo de corrida recorrer el arbol: 0.0626459
Valor de la funcion objetivo: 2
x19_1 = 1
x23_1 = 1
x28_1 = 1
x12_2 = 1
x22_2 = 1
w1 = 1
w2 = 1
