Tiempo de corrida total: 0.0431721
Tiempo de corrida recorrer el arbol: 0.00570798
Valor de la funcion objetivo: 2
x2_1 = 1
x4_1 = 1
x7_1 = 1
x8_1 = 1
x12_1 = 1
x13_1 = 1
x19_1 = 1
x20_1 = 1
x23_1 = 1
x27_1 = 1
x1_2 = 1
x3_2 = 1
x5_2 = 1
x11_2 = 1
x25_2 = 1
w1 = 1
w2 = 1
