Tiempo de corrida total: 0.394834
Tiempo de corrida recorrer el arbol: 0.392194
Valor de la funcion objetivo: 2
x1_1 = 1
x2_1 = 1
x3_1 = 1
x4_1 = 1
x5_1 = 1
x7_1 = 1
x10_1 = 1
x12_1 = 1
x13_1 = 1
x15_1 = 1
x22_1 = 1
x11_2 = 1
x16_2 = 1
x18_2 = 1
x29_2 = 1
w1 = 1
w2 = 1
