Tiempo de corrida total: 0.145331
Tiempo de corrida recorrer el arbol: 0.0144331
Valor de la funcion objetivo: 2
x5_12 = 1
x12_12 = 1
x19_12 = 1
x20_12 = 1
x24_12 = 1
x27_12 = 1
x33_12 = 1
x34_12 = 1
x35_12 = 1
x37_12 = 1
x40_12 = 1
x1_16 = 1
x13_16 = 1
x15_16 = 1
x21_16 = 1
x23_16 = 1
x26_16 = 1
x28_16 = 1
x32_16 = 1
x38_16 = 1
w12 = 1
w16 = 1
