Tiempo de corrida total: 0.0911789
Tiempo de corrida recorrer el arbol: 0.0683141
Valor de la funcion objetivo: 1
x1_9 = 1
x22_9 = 1
x25_9 = 1
x27_9 = 1
x29_9 = 1
x35_9 = 1
x42_9 = 1
x44_9 = 1
x45_9 = 1
x49_9 = 1
w9 = 1
