Tiempo de corrida total: 0.440177
Tiempo de corrida recorrer el arbol: 0.107594
Valor de la funcion objetivo: 2
x3_3 = 1
x28_3 = 1
x5_5 = 1
x24_5 = 1
x26_5 = 1
w3 = 1
w5 = 1
