Tiempo de corrida total: 4.57711
Tiempo de corrida recorrer el arbol: 3.24568
Valor de la funcion objetivo: 6
x1_1 = 1
x4_1 = 1
x15_1 = 1
x2_3 = 1
x13_3 = 1
x8_5 = 1
x23_5 = 1
x24_5 = 1
x3_6 = 1
x30_6 = 1
x16_8 = 1
x29_8 = 1
x5_14 = 1
x10_14 = 1
x18_14 = 1
w1 = 1
w3 = 1
w5 = 1
w6 = 1
w8 = 1
w14 = 1
