Tiempo de corrida total: 1.15901
Tiempo de corrida recorrer el arbol: 0.328619
Valor de la funcion objetivo: 1
x1_7 = 1
x6_7 = 1
x22_7 = 1
x26_7 = 1
x30_7 = 1
x32_7 = 1
x36_7 = 1
x43_7 = 1
x45_7 = 1
x48_7 = 1
w7 = 1
