Tiempo de corrida total: 1.18707
Tiempo de corrida recorrer el arbol: 1.17848
Valor de la funcion objetivo: 3
x1_1 = 1
x3_1 = 1
x4_1 = 1
x5_1 = 1
x9_1 = 1
x12_1 = 1
x22_1 = 1
x23_1 = 1
x6_2 = 1
x7_2 = 1
x15_2 = 1
x16_2 = 1
x17_2 = 1
x18_2 = 1
x29_3 = 1
w1 = 1
w2 = 1
w3 = 1
