Tiempo de corrida total: 1.92781
Tiempo de corrida recorrer el arbol: 1.92251
Valor de la funcion objetivo: 3
x1_1 = 1
x15_1 = 1
x2_2 = 1
x9_2 = 1
x3_3 = 1
w1 = 1
w2 = 1
w3 = 1
