Tiempo de corrida total: 0.0444729
Tiempo de corrida recorrer el arbol: 0.012295
Valor de la funcion objetivo: 1
x19_2 = 1
x20_2 = 1
x22_2 = 1
x24_2 = 1
x25_2 = 1
w2 = 1
