Tiempo de corrida total: 0.071604
Tiempo de corrida recorrer el arbol: 0.033854
Valor de la funcion objetivo: 1
x1_5 = 1
x11_5 = 1
x13_5 = 1
x15_5 = 1
x19_5 = 1
w5 = 1
