Tiempo de corrida total: 0.276499
Tiempo de corrida recorrer el arbol: 0.268132
Valor de la funcion objetivo: 2
x1_1 = 1
x7_1 = 1
x20_1 = 1
x4_2 = 1
x24_2 = 1
w1 = 1
w2 = 1
