Tiempo de corrida total: 0.0786161
Tiempo de corrida recorrer el arbol: 0.0771499
Valor de la funcion objetivo: 2
x3_1 = 1
x5_1 = 1
x6_1 = 1
x11_1 = 1
x12_1 = 1
x24_1 = 1
x26_1 = 1
x29_1 = 1
x23_4 = 1
x27_4 = 1
w1 = 1
w4 = 1
