Tiempo de corrida total: 0.788224
Tiempo de corrida recorrer el arbol: 0.748713
Valor de la funcion objetivo: 2
x1_6 = 1
x6_6 = 1
x16_6 = 1
x18_6 = 1
x22_6 = 1
x29_6 = 1
x10_7 = 1
x12_7 = 1
x15_7 = 1
x23_7 = 1
w6 = 1
w7 = 1
