Tiempo de corrida total: 0.0236509
Tiempo de corrida recorrer el arbol: 0.013757
Valor de la funcion objetivo: 1
x5_10 = 1
x6_10 = 1
x7_10 = 1
x10_10 = 1
x14_10 = 1
x18_10 = 1
x20_10 = 1
x25_10 = 1
x27_10 = 1
x37_10 = 1
w10 = 1
