Tiempo de corrida total: 0.525269
Tiempo de corrida recorrer el arbol: 0.503117
Valor de la funcion objetivo: 2
x3_13 = 1
x4_13 = 1
x9_13 = 1
x13_13 = 1
x17_13 = 1
x20_13 = 1
x23_13 = 1
x24_13 = 1
x26_13 = 1
x30_13 = 1
x1_17 = 1
x5_17 = 1
x7_17 = 1
x10_17 = 1
x12_17 = 1
x15_17 = 1
x18_17 = 1
x19_17 = 1
x21_17 = 1
x29_17 = 1
w13 = 1
w17 = 1
