Tiempo de corrida total: 0.358516
Tiempo de corrida recorrer el arbol: 0.083374
Valor de la funcion objetivo: 2
x1_2 = 1
x12_2 = 1
x14_2 = 1
x20_2 = 1
x34_2 = 1
x35_2 = 1
x39_2 = 1
x50_2 = 1
x5_9 = 1
x10_9 = 1
x16_9 = 1
x18_9 = 1
x31_9 = 1
x36_9 = 1
x37_9 = 1
x38_9 = 1
x41_9 = 1
x44_9 = 1
x47_9 = 1
x48_9 = 1
w2 = 1
w9 = 1
