Tiempo de corrida total: 0.0130229
Tiempo de corrida recorrer el arbol: 0.0120091
Valor de la funcion objetivo: 1
x10_9 = 1
x12_9 = 1
x16_9 = 1
x18_9 = 1
x20_9 = 1
x21_9 = 1
x24_9 = 1
x26_9 = 1
x27_9 = 1
x29_9 = 1
w9 = 1
