Tiempo de corrida total: 7.50628
Tiempo de corrida recorrer el arbol: 5.83151
Valor de la funcion objetivo: 3
x3_1 = 1
x9_1 = 1
x37_1 = 1
x16_6 = 1
x17_6 = 1
x26_6 = 1
x40_6 = 1
x18_9 = 1
x28_9 = 1
x29_9 = 1
w1 = 1
w6 = 1
w9 = 1
