Tiempo de corrida total: 0.779541
Tiempo de corrida recorrer el arbol: 0.74837
Valor de la funcion objetivo: 2
x16_1 = 1
x23_1 = 1
x33_1 = 1
x2_6 = 1
x5_6 = 1
x9_6 = 1
x15_6 = 1
x28_6 = 1
x29_6 = 1
x32_6 = 1
w1 = 1
w6 = 1
