Tiempo de corrida total: 0.140687
Tiempo de corrida recorrer el arbol: 0.0578551
Valor de la funcion objetivo: 1
x7_2 = 1
x12_2 = 1
x13_2 = 1
x15_2 = 1
x22_2 = 1
x24_2 = 1
x26_2 = 1
x32_2 = 1
x36_2 = 1
x40_2 = 1
w2 = 1
