Tiempo de corrida total: 0.0379951
Tiempo de corrida recorrer el arbol: 0.0100629
Valor de la funcion objetivo: 1
x7_1 = 1
x13_1 = 1
x18_1 = 1
x26_1 = 1
x28_1 = 1
w1 = 1
