Tiempo de corrida total: 0.783003
Tiempo de corrida recorrer el arbol: 0.661291
Valor de la funcion objetivo: 2
x6_1 = 1
x21_1 = 1
x17_4 = 1
x18_4 = 1
x30_4 = 1
w1 = 1
w4 = 1
