Tiempo de corrida total: 1.09557
Tiempo de corrida recorrer el arbol: 0.870682
Valor de la funcion objetivo: 2
x2_4 = 1
x9_4 = 1
x12_4 = 1
x15_4 = 1
x20_4 = 1
x24_4 = 1
x27_4 = 1
x32_9 = 1
x34_9 = 1
x39_9 = 1
w4 = 1
w9 = 1
