Tiempo de corrida total: 0.163693
Tiempo de corrida recorrer el arbol: 0.0710561
Valor de la funcion objetivo: 1
x12_5 = 1
x23_5 = 1
x24_5 = 1
x27_5 = 1
x39_5 = 1
w5 = 1
