Tiempo de corrida total: 0.179691
Tiempo de corrida recorrer el arbol: 0.0241411
Valor de la funcion objetivo: 2
x8_1 = 1
x24_1 = 1
x18_3 = 1
x20_3 = 1
x30_3 = 1
w1 = 1
w3 = 1
