Tiempo de corrida total: 0.288588
Tiempo de corrida recorrer el arbol: 0.284096
Valor de la funcion objetivo: 2
x3_3 = 1
x25_3 = 1
x28_3 = 1
x1_4 = 1
x5_4 = 1
w3 = 1
w4 = 1
