Tiempo de corrida total: 1.05705
Tiempo de corrida recorrer el arbol: 0.837418
Valor de la funcion objetivo: 4
x12_1 = 1
x19_1 = 1
x5_3 = 1
x16_3 = 1
x29_3 = 1
x10_5 = 1
x22_5 = 1
x7_10 = 1
x18_10 = 1
x27_10 = 1
w1 = 1
w3 = 1
w5 = 1
w10 = 1
