Tiempo de corrida total: 0.239989
Tiempo de corrida recorrer el arbol: 0.231434
Valor de la funcion objetivo: 2
x8_1 = 1
x10_1 = 1
x11_1 = 1
x5_5 = 1
x13_5 = 1
w1 = 1
w5 = 1
