Tiempo de corrida total: 0.742277
Tiempo de corrida recorrer el arbol: 0.727062
Valor de la funcion objetivo: 2
x3_1 = 1
x5_1 = 1
x6_1 = 1
x8_1 = 1
x15_1 = 1
x18_1 = 1
x19_1 = 1
x23_1 = 1
x27_1 = 1
x29_1 = 1
x31_1 = 1
x36_1 = 1
x40_1 = 1
x44_1 = 1
x49_1 = 1
x50_1 = 1
x20_19 = 1
x26_19 = 1
x33_19 = 1
x34_19 = 1
w1 = 1
w19 = 1
