Tiempo de corrida total: 1.57874
Tiempo de corrida recorrer el arbol: 0.378542
Valor de la funcion objetivo: 4
x18_1 = 1
x24_1 = 1
x15_4 = 1
x21_4 = 1
x37_4 = 1
x5_6 = 1
x23_6 = 1
x31_6 = 1
x7_7 = 1
x9_7 = 1
w1 = 1
w4 = 1
w6 = 1
w7 = 1
