Tiempo de corrida total: 0.0714672
Tiempo de corrida recorrer el arbol: 0.0135791
Valor de la funcion objetivo: 1
x4_3 = 1
x8_3 = 1
x15_3 = 1
x27_3 = 1
x39_3 = 1
w3 = 1
