Tiempo de corrida total: 0.202639
Tiempo de corrida recorrer el arbol: 0.070133
Valor de la funcion objetivo: 2
x5_8 = 1
x13_8 = 1
x17_8 = 1
x21_8 = 1
x24_8 = 1
x6_10 = 1
x9_10 = 1
x27_10 = 1
x34_10 = 1
x37_10 = 1
w8 = 1
w10 = 1
