Tiempo de corrida total: 0.0146461
Tiempo de corrida recorrer el arbol: 0.00661111
Valor de la funcion objetivo: 1
x5_1 = 1
x10_1 = 1
x11_1 = 1
x14_1 = 1
x18_1 = 1
x19_1 = 1
x25_1 = 1
x26_1 = 1
x29_1 = 1
x30_1 = 1
w1 = 1
