Tiempo de corrida total: 0.0565679
Tiempo de corrida recorrer el arbol: 0.0115571
Valor de la funcion objetivo: 1
x36_5 = 1
x39_5 = 1
x46_5 = 1
x47_5 = 1
x50_5 = 1
w5 = 1
