Tiempo de corrida total: 0.413334
Tiempo de corrida recorrer el arbol: 0.0887799
Valor de la funcion objetivo: 3
x4_1 = 1
x10_1 = 1
x12_1 = 1
x14_1 = 1
x18_1 = 1
x27_1 = 1
x2_5 = 1
x7_5 = 1
x9_5 = 1
x15_5 = 1
x17_5 = 1
x20_5 = 1
x1_14 = 1
x3_14 = 1
x16_14 = 1
x19_14 = 1
x21_14 = 1
x24_14 = 1
x25_14 = 1
x30_14 = 1
w1 = 1
w5 = 1
w14 = 1
