Tiempo de corrida total: 0.0236189
Tiempo de corrida recorrer el arbol: 0.0175941
Valor de la funcion objetivo: 1
x1_15 = 1
x2_15 = 1
x6_15 = 1
x18_15 = 1
x24_15 = 1
x25_15 = 1
x26_15 = 1
x29_15 = 1
x30_15 = 1
x41_15 = 1
x43_15 = 1
x45_15 = 1
x46_15 = 1
x48_15 = 1
x50_15 = 1
w15 = 1
