Tiempo de corrida total: 0.056216
Tiempo de corrida recorrer el arbol: 0.010911
Valor de la funcion objetivo: 2
x9_3 = 1
x12_3 = 1
x13_3 = 1
x8_4 = 1
x14_4 = 1
w3 = 1
w4 = 1
