Tiempo de corrida total: 1.64306
Tiempo de corrida recorrer el arbol: 1.63542
Valor de la funcion objetivo: 2
x11_3 = 1
x14_3 = 1
x18_3 = 1
x31_3 = 1
x36_3 = 1
x38_3 = 1
x2_5 = 1
x10_5 = 1
x20_5 = 1
x29_5 = 1
w3 = 1
w5 = 1
