Tiempo de corrida total: 0.039438
Tiempo de corrida recorrer el arbol: 0.00511503
Valor de la funcion objetivo: 1
x7_1 = 1
x10_1 = 1
x13_1 = 1
x23_1 = 1
x27_1 = 1
w1 = 1
