Tiempo de corrida total: 1.50636
Tiempo de corrida recorrer el arbol: 1.49544
Valor de la funcion objetivo: 2
x1_1 = 1
x2_1 = 1
x3_1 = 1
x6_1 = 1
x7_1 = 1
x8_1 = 1
x9_1 = 1
x12_1 = 1
x16_1 = 1
x17_1 = 1
x20_1 = 1
x30_1 = 1
x31_1 = 1
x36_1 = 1
x40_1 = 1
x11_2 = 1
x13_2 = 1
x27_2 = 1
x34_2 = 1
x37_2 = 1
w1 = 1
w2 = 1
