Tiempo de corrida total: 0.097924
Tiempo de corrida recorrer el arbol: 0.0882111
Valor de la funcion objetivo: 2
x4_4 = 1
x10_4 = 1
x27_4 = 1
x7_5 = 1
x25_5 = 1
w4 = 1
w5 = 1
