Tiempo de corrida total: 0.737392
Tiempo de corrida recorrer el arbol: 0.734332
Valor de la funcion objetivo: 2
x1_1 = 1
x4_1 = 1
x6_1 = 1
x7_1 = 1
x10_1 = 1
x12_1 = 1
x13_1 = 1
x20_1 = 1
x22_1 = 1
x27_1 = 1
x29_1 = 1
x3_2 = 1
x5_2 = 1
x18_2 = 1
x23_2 = 1
w1 = 1
w2 = 1
