Tiempo de corrida total: 0.233415
Tiempo de corrida recorrer el arbol: 0.167689
Valor de la funcion objetivo: 1
x11_7 = 1
x14_7 = 1
x16_7 = 1
x23_7 = 1
x24_7 = 1
x28_7 = 1
x29_7 = 1
x33_7 = 1
x37_7 = 1
x49_7 = 1
w7 = 1
