Tiempo de corrida total: 0.031949
Tiempo de corrida recorrer el arbol: 0.00731921
Valor de la funcion objetivo: 1
x1_2 = 1
x5_2 = 1
x9_2 = 1
x12_2 = 1
x20_2 = 1
x23_2 = 1
x24_2 = 1
x26_2 = 1
x29_2 = 1
x30_2 = 1
w2 = 1
