Tiempo de corrida total: 0.0513349
Tiempo de corrida recorrer el arbol: 0.0117919
Valor de la funcion objetivo: 1
x4_3 = 1
x11_3 = 1
x19_3 = 1
x20_3 = 1
x30_3 = 1
w3 = 1
