Tiempo de corrida total: 1.64386
Tiempo de corrida recorrer el arbol: 1.63517
Valor de la funcion objetivo: 2
x1_1 = 1
x2_1 = 1
x10_1 = 1
x13_1 = 1
x20_1 = 1
x3_5 = 1
x11_5 = 1
x14_5 = 1
x21_5 = 1
x32_5 = 1
w1 = 1
w5 = 1
