Tiempo de corrida total: 0.261223
Tiempo de corrida recorrer el arbol: 0.025332
Valor de la funcion objetivo: 2
x4_3 = 1
x14_3 = 1
x18_3 = 1
x19_3 = 1
x1_5 = 1
x2_5 = 1
x3_5 = 1
x12_5 = 1
x17_5 = 1
x24_5 = 1
w3 = 1
w5 = 1
