Tiempo de corrida total: 0.048351
Tiempo de corrida recorrer el arbol: 0.0459769
Valor de la funcion objetivo: 1
x18_1 = 1
x20_1 = 1
x21_1 = 1
x28_1 = 1
x35_1 = 1
w1 = 1
