Tiempo de corrida total: 0.0204809
Tiempo de corrida recorrer el arbol: 0.013586
Valor de la funcion objetivo: 1
x1_1 = 1
x2_1 = 1
x3_1 = 1
x4_1 = 1
x8_1 = 1
x14_1 = 1
x20_1 = 1
x25_1 = 1
x32_1 = 1
x47_1 = 1
w1 = 1
