Tiempo de corrida total: 0.0218492
Tiempo de corrida recorrer el arbol: 0.00938106
Valor de la funcion objetivo: 1
x3_5 = 1
x12_5 = 1
x23_5 = 1
x25_5 = 1
x30_5 = 1
w5 = 1
