Tiempo de corrida total: 0.151689
Tiempo de corrida recorrer el arbol: 0.025784
Valor de la funcion objetivo: 2
x7_2 = 1
x8_2 = 1
x22_2 = 1
x11_4 = 1
x18_4 = 1
w2 = 1
w4 = 1
