Tiempo de corrida total: 0.021148
Tiempo de corrida recorrer el arbol: 0.0164561
Valor de la funcion objetivo: 1
x1_1 = 1
x2_1 = 1
x6_1 = 1
x9_1 = 1
x37_1 = 1
w1 = 1
