Tiempo de corrida total: 0.297758
Tiempo de corrida recorrer el arbol: 0.265576
Valor de la funcion objetivo: 2
x8_4 = 1
x9_4 = 1
x15_4 = 1
x23_4 = 1
x30_4 = 1
x3_5 = 1
x11_5 = 1
x14_5 = 1
x16_5 = 1
x27_5 = 1
w4 = 1
w5 = 1
