Tiempo de corrida total: 2.82353
Tiempo de corrida recorrer el arbol: 2.70178
Valor de la funcion objetivo: 2
x2_10 = 1
x9_10 = 1
x24_10 = 1
x4_13 = 1
x5_13 = 1
x10_13 = 1
x15_13 = 1
x17_13 = 1
x21_13 = 1
x23_13 = 1
x26_13 = 1
x31_13 = 1
x33_13 = 1
x35_13 = 1
x38_13 = 1
w10 = 1
w13 = 1
