Tiempo de corrida total: 0.663154
Tiempo de corrida recorrer el arbol: 0.638256
Valor de la funcion objetivo: 2
x25_1 = 1
x4_5 = 1
x5_5 = 1
x12_5 = 1
x24_5 = 1
w1 = 1
w5 = 1
