Tiempo de corrida total: 0.0196121
Tiempo de corrida recorrer el arbol: 0.00675297
Valor de la funcion objetivo: 1
x27_5 = 1
x28_5 = 1
x33_5 = 1
x37_5 = 1
x38_5 = 1
w5 = 1
