Tiempo de corrida total: 0.048399
Tiempo de corrida recorrer el arbol: 0.010669
Valor de la funcion objetivo: 1
x33_2 = 1
x37_2 = 1
x38_2 = 1
x44_2 = 1
x49_2 = 1
w2 = 1
