Tiempo de corrida total: 8.17548
Tiempo de corrida recorrer el arbol: 7.10903
Valor de la funcion objetivo: 2
x5_6 = 1
x7_6 = 1
x19_6 = 1
x30_6 = 1
x33_6 = 1
x43_6 = 1
x45_6 = 1
x47_6 = 1
x48_6 = 1
x13_7 = 1
x23_7 = 1
x35_7 = 1
x38_7 = 1
x49_7 = 1
x50_7 = 1
w6 = 1
w7 = 1
