Tiempo de corrida total: 0.275078
Tiempo de corrida recorrer el arbol: 0.032233
Valor de la funcion objetivo: 3
x1_1 = 1
x15_1 = 1
x16_1 = 1
x17_1 = 1
x18_1 = 1
x11_4 = 1
x25_4 = 1
x29_4 = 1
x3_13 = 1
x4_13 = 1
x5_13 = 1
x9_13 = 1
x12_13 = 1
x23_13 = 1
x26_13 = 1
w1 = 1
w4 = 1
w13 = 1
