Tiempo de corrida total: 1.66749
Tiempo de corrida recorrer el arbol: 1.12468
Valor de la funcion objetivo: 4
x4_5 = 1
x7_5 = 1
x6_8 = 1
x16_8 = 1
x39_8 = 1
x24_9 = 1
x25_9 = 1
x29_9 = 1
x11_10 = 1
x30_10 = 1
w5 = 1
w8 = 1
w9 = 1
w10 = 1
