Tiempo de corrida total: 0.154244
Tiempo de corrida recorrer el arbol: 0.0547509
Valor de la funcion objetivo: 2
x3_8 = 1
x10_8 = 1
x18_8 = 1
x20_8 = 1
x26_8 = 1
x29_8 = 1
x40_8 = 1
x11_15 = 1
x13_15 = 1
x17_15 = 1
x24_15 = 1
x27_15 = 1
x31_15 = 1
x37_15 = 1
x38_15 = 1
w8 = 1
w15 = 1
