Tiempo de corrida total: 2.68266
Tiempo de corrida recorrer el arbol: 2.44842
Valor de la funcion objetivo: 2
x5_1 = 1
x8_1 = 1
x16_1 = 1
x20_1 = 1
x28_1 = 1
x29_1 = 1
x40_1 = 1
x10_3 = 1
x27_3 = 1
x32_3 = 1
w1 = 1
w3 = 1
