Tiempo de corrida total: 0.0241201
Tiempo de corrida recorrer el arbol: 0.0217271
Valor de la funcion objetivo: 1
x1_1 = 1
x2_1 = 1
x6_1 = 1
x11_1 = 1
x13_1 = 1
x14_1 = 1
x17_1 = 1
x25_1 = 1
x29_1 = 1
x44_1 = 1
w1 = 1
