Tiempo de corrida total: 0.549727
Tiempo de corrida recorrer el arbol: 0.520557
Valor de la funcion objetivo: 2
x39_4 = 1
x40_4 = 1
x18_5 = 1
x25_5 = 1
x33_5 = 1
w4 = 1
w5 = 1
