Tiempo de corrida total: 0.211999
Tiempo de corrida recorrer el arbol: 0.0278549
Valor de la funcion objetivo: 2
x3_5 = 1
x4_5 = 1
x5_5 = 1
x8_5 = 1
x19_5 = 1
x37_5 = 1
x41_5 = 1
x42_5 = 1
x47_5 = 1
x48_5 = 1
x2_12 = 1
x9_12 = 1
x14_12 = 1
x18_12 = 1
x22_12 = 1
x25_12 = 1
x27_12 = 1
x33_12 = 1
x34_12 = 1
x46_12 = 1
w5 = 1
w12 = 1
