Tiempo de corrida total: 0.127754
Tiempo de corrida recorrer el arbol: 0.0713732
Valor de la funcion objetivo: 1
x9_1 = 1
x18_1 = 1
x19_1 = 1
x20_1 = 1
x29_1 = 1
w1 = 1
