Tiempo de corrida total: 0.0582991
Tiempo de corrida recorrer el arbol: 0.0205798
Valor de la funcion objetivo: 2
x9_1 = 1
x12_1 = 1
x14_1 = 1
x20_1 = 1
x27_1 = 1
x29_1 = 1
x1_10 = 1
x2_10 = 1
x3_10 = 1
x4_10 = 1
x8_10 = 1
x13_10 = 1
x19_10 = 1
x22_10 = 1
x23_10 = 1
w1 = 1
w10 = 1
