Tiempo de corrida total: 0.62814
Tiempo de corrida recorrer el arbol: 0.605842
Valor de la funcion objetivo: 2
x4_2 = 1
x23_2 = 1
x36_2 = 1
x25_3 = 1
x37_3 = 1
w2 = 1
w3 = 1
