Tiempo de corrida total: 0.301531
Tiempo de corrida recorrer el arbol: 0.292396
Valor de la funcion objetivo: 2
x5_2 = 1
x9_2 = 1
x23_2 = 1
x3_5 = 1
x10_5 = 1
w2 = 1
w5 = 1
