Tiempo de corrida total: 0.104906
Tiempo de corrida recorrer el arbol: 0.0225692
Valor de la funcion objetivo: 2
x8_4 = 1
x9_4 = 1
x24_4 = 1
x16_5 = 1
x20_5 = 1
w4 = 1
w5 = 1
