Tiempo de corrida total: 0.0540431
Tiempo de corrida recorrer el arbol: 0.0132861
Valor de la funcion objetivo: 2
x15_1 = 1
x20_1 = 1
x6_5 = 1
x14_5 = 1
x27_5 = 1
w1 = 1
w5 = 1
