Tiempo de corrida total: 0.134614
Tiempo de corrida recorrer el arbol: 0.0526021
Valor de la funcion objetivo: 2
x10_2 = 1
x14_2 = 1
x40_2 = 1
x17_3 = 1
x28_3 = 1
w2 = 1
w3 = 1
