Tiempo de corrida total: 1.14598
Tiempo de corrida recorrer el arbol: 1.14001
Valor de la funcion objetivo: 2
x1_1 = 1
x2_1 = 1
x4_1 = 1
x6_1 = 1
x9_1 = 1
x13_1 = 1
x18_1 = 1
x19_1 = 1
x3_2 = 1
x16_2 = 1
w1 = 1
w2 = 1
