Tiempo de corrida total: 9.24194
Tiempo de corrida recorrer el arbol: 9.22657
Valor de la funcion objetivo: 3
x1_4 = 1
x6_4 = 1
x8_4 = 1
x24_4 = 1
x26_4 = 1
x5_5 = 1
x16_5 = 1
x18_5 = 1
x25_5 = 1
x2_8 = 1
x3_8 = 1
x4_8 = 1
x11_8 = 1
x27_8 = 1
x28_8 = 1
w4 = 1
w5 = 1
w8 = 1
