Tiempo de corrida total: 2.38207
Tiempo de corrida recorrer el arbol: 2.21586
Valor de la funcion objetivo: 2
x9_2 = 1
x13_2 = 1
x17_2 = 1
x22_2 = 1
x27_2 = 1
x4_6 = 1
x7_6 = 1
x8_6 = 1
x11_6 = 1
x23_6 = 1
w2 = 1
w6 = 1
