Tiempo de corrida total: 0.301474
Tiempo de corrida recorrer el arbol: 0.170974
Valor de la funcion objetivo: 1
x7_5 = 1
x12_5 = 1
x13_5 = 1
x17_5 = 1
x18_5 = 1
w5 = 1
