Tiempo de corrida total: 0.150035
Tiempo de corrida recorrer el arbol: 0.03404
Valor de la funcion objetivo: 2
x1_1 = 1
x2_1 = 1
x3_1 = 1
x5_1 = 1
x7_1 = 1
x15_1 = 1
x16_1 = 1
x18_1 = 1
x20_1 = 1
x32_1 = 1
x11_7 = 1
x13_7 = 1
x25_7 = 1
x26_7 = 1
x29_7 = 1
x30_7 = 1
x33_7 = 1
x37_7 = 1
x39_7 = 1
x40_7 = 1
w1 = 1
w7 = 1
