Tiempo de corrida total: 0.053452
Tiempo de corrida recorrer el arbol: 0.0125709
Valor de la funcion objetivo: 2
x2_7 = 1
x17_7 = 1
x20_7 = 1
x25_7 = 1
x29_7 = 1
x5_8 = 1
x14_8 = 1
x16_8 = 1
x21_8 = 1
x28_8 = 1
w7 = 1
w8 = 1
