Tiempo de corrida total: 2.41817
Tiempo de corrida recorrer el arbol: 2.41314
Valor de la funcion objetivo: 2
x3_1 = 1
x8_1 = 1
x15_1 = 1
x18_1 = 1
x19_1 = 1
x22_1 = 1
x24_1 = 1
x27_1 = 1
x36_1 = 1
x41_1 = 1
x47_1 = 1
x48_1 = 1
x50_1 = 1
x6_17 = 1
x9_17 = 1
x20_17 = 1
x28_17 = 1
x31_17 = 1
x32_17 = 1
x49_17 = 1
w1 = 1
w17 = 1
