Tiempo de corrida total: 0.0644231
Tiempo de corrida recorrer el arbol: 0.0190392
Valor de la funcion objetivo: 1
x1_4 = 1
x4_4 = 1
x7_4 = 1
x10_4 = 1
x13_4 = 1
x15_4 = 1
x25_4 = 1
x26_4 = 1
x33_4 = 1
x44_4 = 1
w4 = 1
