Tiempo de corrida total: 0.091347
Tiempo de corrida recorrer el arbol: 0.0298591
Valor de la funcion objetivo: 2
x6_1 = 1
x29_1 = 1
x30_1 = 1
x14_4 = 1
x26_4 = 1
w1 = 1
w4 = 1
