Tiempo de corrida total: 5.51307
Tiempo de corrida recorrer el arbol: 4.52445
Valor de la funcion objetivo: 2
x14_4 = 1
x19_4 = 1
x24_4 = 1
x28_4 = 1
x2_7 = 1
x4_7 = 1
x20_7 = 1
x23_7 = 1
x36_7 = 1
x38_7 = 1
w4 = 1
w7 = 1
