Tiempo de corrida total: 0.111188
Tiempo de corrida recorrer el arbol: 0.0498278
Valor de la funcion objetivo: 1
x3_10 = 1
x4_10 = 1
x6_10 = 1
x9_10 = 1
x11_10 = 1
x14_10 = 1
x16_10 = 1
x25_10 = 1
x31_10 = 1
x35_10 = 1
w10 = 1
