Tiempo de corrida total: 1.95938
Tiempo de corrida recorrer el arbol: 1.28426
Valor de la funcion objetivo: 2
x7_9 = 1
x11_9 = 1
x16_9 = 1
x26_9 = 1
x29_9 = 1
x30_9 = 1
x31_9 = 1
x34_9 = 1
x45_9 = 1
x46_9 = 1
x47_9 = 1
x48_9 = 1
x1_18 = 1
x12_18 = 1
x19_18 = 1
x20_18 = 1
x32_18 = 1
x36_18 = 1
x38_18 = 1
x40_18 = 1
w9 = 1
w18 = 1
