Tiempo de corrida total: 1.11799
Tiempo de corrida recorrer el arbol: 0.97834
Valor de la funcion objetivo: 2
x39_2 = 1
x14_5 = 1
x22_5 = 1
x25_5 = 1
x28_5 = 1
w2 = 1
w5 = 1
