Tiempo de corrida total: 5.88433
Tiempo de corrida recorrer el arbol: 5.15981
Valor de la funcion objetivo: 2
x9_1 = 1
x18_1 = 1
x25_1 = 1
x26_1 = 1
x43_1 = 1
x46_1 = 1
x3_2 = 1
x19_2 = 1
x28_2 = 1
x39_2 = 1
w1 = 1
w2 = 1
