Tiempo de corrida total: 0.807002
Tiempo de corrida recorrer el arbol: 0.699803
Valor de la funcion objetivo: 2
x7_1 = 1
x26_1 = 1
x23_2 = 1
x28_2 = 1
x36_2 = 1
w1 = 1
w2 = 1
