Tiempo de corrida total: 0.0978241
Tiempo de corrida recorrer el arbol: 0.014626
Valor de la funcion objetivo: 2
x3_4 = 1
x4_4 = 1
x5_4 = 1
x10_4 = 1
x12_4 = 1
x13_4 = 1
x19_4 = 1
x23_4 = 1
x25_4 = 1
x29_4 = 1
x1_9 = 1
x18_9 = 1
x20_9 = 1
x27_9 = 1
x30_9 = 1
w4 = 1
w9 = 1
