Tiempo de corrida total: 1.10839
Tiempo de corrida recorrer el arbol: 1.10027
Valor de la funcion objetivo: 2
x1_1 = 1
x2_1 = 1
x3_1 = 1
x5_1 = 1
x12_1 = 1
x17_1 = 1
x39_1 = 1
x11_2 = 1
x25_2 = 1
x38_2 = 1
w1 = 1
w2 = 1
