Tiempo de corrida total: 4.34848
Tiempo de corrida recorrer el arbol: 4.32511
Valor de la funcion objetivo: 3
x4_4 = 1
x15_4 = 1
x2_7 = 1
x10_7 = 1
x24_7 = 1
x1_8 = 1
x5_8 = 1
x7_8 = 1
x20_8 = 1
x27_8 = 1
w4 = 1
w7 = 1
w8 = 1
