Tiempo de corrida total: 8.97966
Tiempo de corrida recorrer el arbol: 8.28888
Valor de la funcion objetivo: 3
x1_2 = 1
x3_2 = 1
x7_2 = 1
x8_2 = 1
x10_2 = 1
x24_2 = 1
x25_2 = 1
x26_2 = 1
x5_4 = 1
x9_4 = 1
x15_4 = 1
x29_4 = 1
x38_4 = 1
x12_19 = 1
x16_19 = 1
x17_19 = 1
x23_19 = 1
x32_19 = 1
x34_19 = 1
x40_19 = 1
w2 = 1
w4 = 1
w19 = 1
