Tiempo de corrida total: 4.32801
Tiempo de corrida recorrer el arbol: 3.58225
Valor de la funcion objetivo: 4
x2_3 = 1
x8_3 = 1
x22_3 = 1
x6_6 = 1
x34_6 = 1
x9_9 = 1
x17_9 = 1
x16_10 = 1
x36_10 = 1
x40_10 = 1
w3 = 1
w6 = 1
w9 = 1
w10 = 1
