Tiempo de corrida total: 0.894282
Tiempo de corrida recorrer el arbol: 0.763514
Valor de la funcion objetivo: 2
x28_3 = 1
x9_5 = 1
x12_5 = 1
x37_5 = 1
x39_5 = 1
w3 = 1
w5 = 1
