Tiempo de corrida total: 2.30556
Tiempo de corrida recorrer el arbol: 2.30051
Valor de la funcion objetivo: 2
x1_1 = 1
x5_1 = 1
x6_1 = 1
x7_1 = 1
x11_1 = 1
x15_1 = 1
x25_1 = 1
x36_1 = 1
x50_1 = 1
x19_2 = 1
x20_2 = 1
x21_2 = 1
x23_2 = 1
x27_2 = 1
x43_2 = 1
w1 = 1
w2 = 1
