Tiempo de corrida total: 0.0514579
Tiempo de corrida recorrer el arbol: 0.0108788
Valor de la funcion objetivo: 1
x25_3 = 1
x30_3 = 1
x34_3 = 1
x37_3 = 1
x39_3 = 1
w3 = 1
