Tiempo de corrida total: 0.513582
Tiempo de corrida recorrer el arbol: 0.120328
Valor de la funcion objetivo: 2
x19_3 = 1
x22_3 = 1
x26_3 = 1
x28_3 = 1
x30_3 = 1
x5_9 = 1
x6_9 = 1
x8_9 = 1
x18_9 = 1
x27_9 = 1
w3 = 1
w9 = 1
