Tiempo de corrida total: 0.0165219
Tiempo de corrida recorrer el arbol: 0.00894499
Valor de la funcion objetivo: 1
x1_10 = 1
x10_10 = 1
x12_10 = 1
x13_10 = 1
x15_10 = 1
x19_10 = 1
x23_10 = 1
x26_10 = 1
x27_10 = 1
x36_10 = 1
w10 = 1
