Tiempo de corrida total: 0.133958
Tiempo de corrida recorrer el arbol: 0.055814
Valor de la funcion objetivo: 1
x1_5 = 1
x10_5 = 1
x17_5 = 1
x42_5 = 1
x44_5 = 1
w5 = 1
