Tiempo de corrida total: 0.0854859
Tiempo de corrida recorrer el arbol: 0.082377
Valor de la funcion objetivo: 1
x9_1 = 1
x25_1 = 1
x39_1 = 1
x43_1 = 1
x47_1 = 1
w1 = 1
