Tiempo de corrida total: 0.198876
Tiempo de corrida recorrer el arbol: 0.160344
Valor de la funcion objetivo: 1
x8_9 = 1
x11_9 = 1
x13_9 = 1
x16_9 = 1
x18_9 = 1
x22_9 = 1
x24_9 = 1
x31_9 = 1
x42_9 = 1
x49_9 = 1
w9 = 1
