Tiempo de corrida total: 0.0129271
Tiempo de corrida recorrer el arbol: 0.0109529
Valor de la funcion objetivo: 1
x1_1 = 1
x2_1 = 1
x5_1 = 1
x18_1 = 1
x38_1 = 1
w1 = 1
