Tiempo de corrida total: 0.043314
Tiempo de corrida recorrer el arbol: 0.038178
Valor de la funcion objetivo: 1
x1_1 = 1
x9_1 = 1
x13_1 = 1
x15_1 = 1
x19_1 = 1
w1 = 1
