Tiempo de corrida total: 0.0819399
Tiempo de corrida recorrer el arbol: 0.0457468
Valor de la funcion objetivo: 1
x1_3 = 1
x7_3 = 1
x8_3 = 1
x9_3 = 1
x10_3 = 1
x13_3 = 1
x18_3 = 1
x28_3 = 1
x29_3 = 1
x30_3 = 1
w3 = 1
