Tiempo de corrida total: 5.47929
Tiempo de corrida recorrer el arbol: 4.82179
Valor de la funcion objetivo: 3
x3_2 = 1
x12_2 = 1
x17_2 = 1
x45_2 = 1
x46_2 = 1
x50_2 = 1
x10_4 = 1
x36_4 = 1
x37_4 = 1
x47_4 = 1
x48_4 = 1
x18_15 = 1
x38_15 = 1
x40_15 = 1
x49_15 = 1
w2 = 1
w4 = 1
w15 = 1
