Tiempo de corrida total: 1.79641
Tiempo de corrida recorrer el arbol: 1.73083
Valor de la funcion objetivo: 2
x7_7 = 1
x8_7 = 1
x18_7 = 1
x27_7 = 1
x30_7 = 1
x35_7 = 1
x37_7 = 1
x3_12 = 1
x6_12 = 1
x12_12 = 1
x13_12 = 1
x14_12 = 1
x16_12 = 1
x20_12 = 1
x28_12 = 1
w7 = 1
w12 = 1
