Tiempo de corrida total: 0.427439
Tiempo de corrida recorrer el arbol: 0.393859
Valor de la funcion objetivo: 2
x1_12 = 1
x4_12 = 1
x5_12 = 1
x7_12 = 1
x10_12 = 1
x12_12 = 1
x20_12 = 1
x26_12 = 1
x27_12 = 1
x11_13 = 1
x13_13 = 1
x19_13 = 1
x23_13 = 1
x24_13 = 1
x28_13 = 1
w12 = 1
w13 = 1
