Tiempo de corrida total: 0.406248
Tiempo de corrida recorrer el arbol: 0.367997
Valor de la funcion objetivo: 2
x6_12 = 1
x7_12 = 1
x17_12 = 1
x18_12 = 1
x25_12 = 1
x27_12 = 1
x29_12 = 1
x30_12 = 1
x31_12 = 1
x1_15 = 1
x3_15 = 1
x11_15 = 1
x20_15 = 1
x24_15 = 1
x40_15 = 1
w12 = 1
w15 = 1
