Tiempo de corrida total: 0.172324
Tiempo de corrida recorrer el arbol: 0.0191681
Valor de la funcion objetivo: 2
x3_6 = 1
x10_6 = 1
x2_8 = 1
x9_8 = 1
x11_8 = 1
x13_8 = 1
x17_8 = 1
x18_8 = 1
x20_8 = 1
x30_8 = 1
w6 = 1
w8 = 1
