Tiempo de corrida total: 0.418695
Tiempo de corrida recorrer el arbol: 0.0570779
Valor de la funcion objetivo: 4
x23_1 = 1
x25_1 = 1
x29_1 = 1
x17_3 = 1
x26_3 = 1
x19_5 = 1
x24_5 = 1
x8_10 = 1
x11_10 = 1
x16_10 = 1
w1 = 1
w3 = 1
w5 = 1
w10 = 1
