Tiempo de corrida total: 0.0617421
Tiempo de corrida recorrer el arbol: 0.044687
Valor de la funcion objetivo: 1
x2_7 = 1
x4_7 = 1
x5_7 = 1
x17_7 = 1
x19_7 = 1
x21_7 = 1
x25_7 = 1
x32_7 = 1
x40_7 = 1
x50_7 = 1
w7 = 1
