Tiempo de corrida total: 0.11734
Tiempo de corrida recorrer el arbol: 0.0246661
Valor de la funcion objetivo: 1
x5_3 = 1
x10_3 = 1
x21_3 = 1
x22_3 = 1
x30_3 = 1
w3 = 1
