Tiempo de corrida total: 0.013263
Tiempo de corrida recorrer el arbol: 0.011405
Valor de la funcion objetivo: 1
x4_1 = 1
x5_1 = 1
x19_1 = 1
x24_1 = 1
x32_1 = 1
w1 = 1
