Tiempo de corrida total: 6.94549
Tiempo de corrida recorrer el arbol: 6.05964
Valor de la funcion objetivo: 2
x12_1 = 1
x15_1 = 1
x18_1 = 1
x20_1 = 1
x23_1 = 1
x8_8 = 1
x14_8 = 1
x27_8 = 1
x31_8 = 1
x32_8 = 1
w1 = 1
w8 = 1
