Tiempo de corrida total: 2.99848
Tiempo de corrida recorrer el arbol: 1.68494
Valor de la funcion objetivo: 6
x3_1 = 1
x27_1 = 1
x11_3 = 1
x20_3 = 1
x12_6 = 1
x13_6 = 1
x22_6 = 1
x16_11 = 1
x25_11 = 1
x17_12 = 1
x23_12 = 1
x24_12 = 1
x5_14 = 1
x14_14 = 1
x26_14 = 1
w1 = 1
w3 = 1
w6 = 1
w11 = 1
w12 = 1
w14 = 1
