Tiempo de corrida total: 0.729022
Tiempo de corrida recorrer el arbol: 0.720857
Valor de la funcion objetivo: 3
x15_1 = 1
x16_1 = 1
x23_1 = 1
x30_1 = 1
x14_7 = 1
x26_7 = 1
x2_10 = 1
x11_10 = 1
x25_10 = 1
x27_10 = 1
w1 = 1
w7 = 1
w10 = 1
