Tiempo de corrida total: 0.08324
Tiempo de corrida recorrer el arbol: 0.049531
Valor de la funcion objetivo: 1
x7_9 = 1
x10_9 = 1
x11_9 = 1
x12_9 = 1
x13_9 = 1
x16_9 = 1
x18_9 = 1
x23_9 = 1
x27_9 = 1
x28_9 = 1
w9 = 1
