Tiempo de corrida total: 0.310379
Tiempo de corrida recorrer el arbol: 0.039964
Valor de la funcion objetivo: 1
x3_2 = 1
x4_2 = 1
x10_2 = 1
x30_2 = 1
x37_2 = 1
w2 = 1
