Tiempo de corrida total: 0.0232182
Tiempo de corrida recorrer el arbol: 0.017302
Valor de la funcion objetivo: 1
x1_1 = 1
x2_1 = 1
x3_1 = 1
x4_1 = 1
x5_1 = 1
x8_1 = 1
x10_1 = 1
x13_1 = 1
x20_1 = 1
x28_1 = 1
w1 = 1
