Tiempo de corrida total: 0.094358
Tiempo de corrida recorrer el arbol: 0.057404
Valor de la funcion objetivo: 2
x7_3 = 1
x12_3 = 1
x16_3 = 1
x19_3 = 1
x27_3 = 1
x1_8 = 1
x2_8 = 1
x5_8 = 1
x10_8 = 1
x13_8 = 1
x17_8 = 1
x20_8 = 1
x23_8 = 1
x25_8 = 1
x30_8 = 1
w3 = 1
w8 = 1
