Tiempo de corrida total: 0.747289
Tiempo de corrida recorrer el arbol: 0.737924
Valor de la funcion objetivo: 2
x2_1 = 1
x9_1 = 1
x14_1 = 1
x17_1 = 1
x20_1 = 1
x21_1 = 1
x23_1 = 1
x25_1 = 1
x26_1 = 1
x27_1 = 1
x28_1 = 1
x3_16 = 1
x4_16 = 1
x5_16 = 1
x6_16 = 1
x12_16 = 1
x16_16 = 1
x18_16 = 1
x24_16 = 1
x29_16 = 1
w1 = 1
w16 = 1
