Tiempo de corrida total: 0.113478
Tiempo de corrida recorrer el arbol: 0.0217462
Valor de la funcion objetivo: 1
x4_3 = 1
x6_3 = 1
x17_3 = 1
x25_3 = 1
x26_3 = 1
w3 = 1
