Tiempo de corrida total: 0.262074
Tiempo de corrida recorrer el arbol: 0.132844
Valor de la funcion objetivo: 3
x1_1 = 1
x17_1 = 1
x25_2 = 1
x3_3 = 1
x22_3 = 1
w1 = 1
w2 = 1
w3 = 1
