Tiempo de corrida total: 0.0995989
Tiempo de corrida recorrer el arbol: 0.0369949
Valor de la funcion objetivo: 2
x1_2 = 1
x15_2 = 1
x7_3 = 1
x11_3 = 1
x28_3 = 1
w2 = 1
w3 = 1
