Tiempo de corrida total: 0.696917
Tiempo de corrida recorrer el arbol: 0.690372
Valor de la funcion objetivo: 2
x1_1 = 1
x4_1 = 1
x15_5 = 1
x37_5 = 1
x40_5 = 1
w1 = 1
w5 = 1
