Tiempo de corrida total: 0.146449
Tiempo de corrida recorrer el arbol: 0.0501771
Valor de la funcion objetivo: 1
x4_5 = 1
x21_5 = 1
x37_5 = 1
x41_5 = 1
x47_5 = 1
w5 = 1
