Tiempo de corrida total: 0.0104001
Tiempo de corrida recorrer el arbol: 0.00423717
Valor de la funcion objetivo: 1
x2_1 = 1
x9_1 = 1
x13_1 = 1
x23_1 = 1
x31_1 = 1
w1 = 1
