Tiempo de corrida total: 1.19034
Tiempo de corrida recorrer el arbol: 1.00349
Valor de la funcion objetivo: 2
x30_4 = 1
x5_5 = 1
x16_5 = 1
x28_5 = 1
x31_5 = 1
w4 = 1
w5 = 1
