Tiempo de corrida total: 5.20356
Tiempo de corrida recorrer el arbol: 5.13391
Valor de la funcion objetivo: 3
x8_10 = 1
x12_10 = 1
x21_10 = 1
x25_10 = 1
x30_10 = 1
x3_16 = 1
x9_16 = 1
x13_16 = 1
x14_16 = 1
x18_16 = 1
x26_16 = 1
x27_16 = 1
x7_17 = 1
x15_17 = 1
x19_17 = 1
x20_17 = 1
x29_17 = 1
x33_17 = 1
x36_17 = 1
x38_17 = 1
w10 = 1
w16 = 1
w17 = 1
