Tiempo de corrida total: 1.03878
Tiempo de corrida recorrer el arbol: 0.904362
Valor de la funcion objetivo: 2
x26_3 = 1
x32_3 = 1
x16_4 = 1
x30_4 = 1
x36_4 = 1
w3 = 1
w4 = 1
