Tiempo de corrida total: 0.0512409
Tiempo de corrida recorrer el arbol: 0.013454
Valor de la funcion objetivo: 1
x1_3 = 1
x17_3 = 1
x23_3 = 1
x29_3 = 1
x30_3 = 1
w3 = 1
