Tiempo de corrida total: 4.54123
Tiempo de corrida recorrer el arbol: 4.42301
Valor de la funcion objetivo: 2
x11_5 = 1
x30_5 = 1
x33_5 = 1
x34_5 = 1
x39_5 = 1
x42_5 = 1
x43_5 = 1
x44_5 = 1
x49_5 = 1
x48_10 = 1
w5 = 1
w10 = 1
