Tiempo de corrida total: 0.658232
Tiempo de corrida recorrer el arbol: 0.652762
Valor de la funcion objetivo: 2
x1_1 = 1
x2_1 = 1
x3_1 = 1
x6_1 = 1
x7_1 = 1
x10_1 = 1
x13_1 = 1
x16_1 = 1
x20_1 = 1
x25_1 = 1
x36_1 = 1
x11_2 = 1
x12_2 = 1
x18_2 = 1
x32_2 = 1
w1 = 1
w2 = 1
