Tiempo de corrida total: 0.635328
Tiempo de corrida recorrer el arbol: 0.610664
Valor de la funcion objetivo: 2
x1_5 = 1
x4_5 = 1
x18_5 = 1
x27_5 = 1
x2_15 = 1
x12_15 = 1
x13_15 = 1
x15_15 = 1
x17_15 = 1
x21_15 = 1
x22_15 = 1
x24_15 = 1
x26_15 = 1
x33_15 = 1
x34_15 = 1
w5 = 1
w15 = 1
