Tiempo de corrida total: 0.0169961
Tiempo de corrida recorrer el arbol: 0.00658417
Valor de la funcion objetivo: 1
x1_2 = 1
x3_2 = 1
x10_2 = 1
x11_2 = 1
x12_2 = 1
w2 = 1
