Tiempo de corrida total: 0.654622
Tiempo de corrida recorrer el arbol: 0.634679
Valor de la funcion objetivo: 2
x1_6 = 1
x8_6 = 1
x16_6 = 1
x37_6 = 1
x38_6 = 1
x39_6 = 1
x3_9 = 1
x6_9 = 1
x11_9 = 1
x20_9 = 1
x23_9 = 1
x25_9 = 1
x29_9 = 1
x31_9 = 1
x32_9 = 1
w6 = 1
w9 = 1
