Tiempo de corrida total: 0.042043
Tiempo de corrida recorrer el arbol: 0.0172708
Valor de la funcion objetivo: 1
x6_9 = 1
x15_9 = 1
x18_9 = 1
x25_9 = 1
x26_9 = 1
x29_9 = 1
x30_9 = 1
x31_9 = 1
x35_9 = 1
x37_9 = 1
w9 = 1
