Tiempo de corrida total: 0.027931
Tiempo de corrida recorrer el arbol: 0.00675702
Valor de la funcion objetivo: 1
x1_1 = 1
x3_1 = 1
x9_1 = 1
x10_1 = 1
x32_1 = 1
w1 = 1
