Tiempo de corrida total: 0.646124
Tiempo de corrida recorrer el arbol: 0.622769
Valor de la funcion objetivo: 2
x5_6 = 1
x12_6 = 1
x16_6 = 1
x24_6 = 1
x37_6 = 1
x6_7 = 1
x10_7 = 1
x14_7 = 1
x15_7 = 1
x34_7 = 1
w6 = 1
w7 = 1
