Tiempo de corrida total: 0.0557392
Tiempo de corrida recorrer el arbol: 0.0364618
Valor de la funcion objetivo: 1
x3_7 = 1
x16_7 = 1
x27_7 = 1
x31_7 = 1
x32_7 = 1
x36_7 = 1
x37_7 = 1
x40_7 = 1
x41_7 = 1
x49_7 = 1
w7 = 1
