Tiempo de corrida total: 4.19258
Tiempo de corrida recorrer el arbol: 3.89092
Valor de la funcion objetivo: 3
x3_4 = 1
x13_4 = 1
x20_4 = 1
x24_4 = 1
x29_4 = 1
x32_4 = 1
x1_12 = 1
x5_12 = 1
x9_12 = 1
x10_12 = 1
x16_12 = 1
x18_12 = 1
x34_12 = 1
x36_12 = 1
x15_13 = 1
x19_13 = 1
x26_13 = 1
x28_13 = 1
x33_13 = 1
x35_13 = 1
w4 = 1
w12 = 1
w13 = 1
