Tiempo de corrida total: 0.259424
Tiempo de corrida recorrer el arbol: 0.0585001
Valor de la funcion objetivo: 1
x7_1 = 1
x13_1 = 1
x22_1 = 1
x39_1 = 1
x44_1 = 1
w1 = 1
