Tiempo de corrida total: 0.230853
Tiempo de corrida recorrer el arbol: 0.218187
Valor de la funcion objetivo: 2
x1_8 = 1
x2_8 = 1
x10_8 = 1
x11_8 = 1
x18_8 = 1
x27_8 = 1
x6_9 = 1
x7_9 = 1
x8_9 = 1
x17_9 = 1
w8 = 1
w9 = 1
