Tiempo de corrida total: 0.0565879
Tiempo de corrida recorrer el arbol: 0.0466859
Valor de la funcion objetivo: 1
x10_5 = 1
x16_5 = 1
x22_5 = 1
x27_5 = 1
x30_5 = 1
x31_5 = 1
x33_5 = 1
x36_5 = 1
x37_5 = 1
x39_5 = 1
x40_5 = 1
x43_5 = 1
x45_5 = 1
x46_5 = 1
x48_5 = 1
w5 = 1
