Tiempo de corrida total: 0.50907
Tiempo de corrida recorrer el arbol: 0.460023
Valor de la funcion objetivo: 3
x1_3 = 1
x26_3 = 1
x9_4 = 1
x20_5 = 1
x28_5 = 1
w3 = 1
w4 = 1
w5 = 1
