Tiempo de corrida total: 0.0736661
Tiempo de corrida recorrer el arbol: 0.0597749
Valor de la funcion objetivo: 2
x6_6 = 1
x12_6 = 1
x14_6 = 1
x17_6 = 1
x29_6 = 1
x5_8 = 1
x13_8 = 1
x16_8 = 1
x27_8 = 1
x28_8 = 1
w6 = 1
w8 = 1
