Tiempo de corrida total: 0.014329
Tiempo de corrida recorrer el arbol: 0.0122831
Valor de la funcion objetivo: 1
x1_1 = 1
x4_1 = 1
x7_1 = 1
x8_1 = 1
x19_1 = 1
w1 = 1
