Tiempo de corrida total: 0.496684
Tiempo de corrida recorrer el arbol: 0.115358
Valor de la funcion objetivo: 2
x27_1 = 1
x38_1 = 1
x40_1 = 1
x16_3 = 1
x32_3 = 1
w1 = 1
w3 = 1
