Tiempo de corrida total: 0.158204
Tiempo de corrida recorrer el arbol: 0.0220389
Valor de la funcion objetivo: 2
x6_3 = 1
x29_3 = 1
x9_5 = 1
x23_5 = 1
x26_5 = 1
w3 = 1
w5 = 1
