Tiempo de corrida total: 1.15896
Tiempo de corrida recorrer el arbol: 1.15508
Valor de la funcion objetivo: 2
x5_1 = 1
x7_1 = 1
x17_1 = 1
x18_1 = 1
x26_1 = 1
x29_1 = 1
x30_1 = 1
x31_1 = 1
x34_1 = 1
x3_15 = 1
x8_15 = 1
x10_15 = 1
x24_15 = 1
x36_15 = 1
x40_15 = 1
w1 = 1
w15 = 1
