Tiempo de corrida total: 0.0576081
Tiempo de corrida recorrer el arbol: 0.019352
Valor de la funcion objetivo: 2
x1_2 = 1
x2_2 = 1
x11_2 = 1
x16_2 = 1
x17_2 = 1
x25_2 = 1
x3_10 = 1
x5_10 = 1
x10_10 = 1
x12_10 = 1
x15_10 = 1
x23_10 = 1
x27_10 = 1
x29_10 = 1
x30_10 = 1
w2 = 1
w10 = 1
