Tiempo de corrida total: 0.00905704
Tiempo de corrida recorrer el arbol: 0.00665188
Valor de la funcion objetivo: 1
x5_1 = 1
x7_1 = 1
x8_1 = 1
x15_1 = 1
x25_1 = 1
w1 = 1
