Tiempo de corrida total: 1.58467
Tiempo de corrida recorrer el arbol: 1.07215
Valor de la funcion objetivo: 2
x1_2 = 1
x4_2 = 1
x16_2 = 1
x23_2 = 1
x26_2 = 1
x36_2 = 1
x5_7 = 1
x15_7 = 1
x31_7 = 1
x33_7 = 1
w2 = 1
w7 = 1
