Tiempo de corrida total: 0.921889
Tiempo de corrida recorrer el arbol: 0.249833
Valor de la funcion objetivo: 2
x3_9 = 1
x4_9 = 1
x6_9 = 1
x12_9 = 1
x16_9 = 1
x21_9 = 1
x23_9 = 1
x38_9 = 1
x2_11 = 1
x8_11 = 1
x17_11 = 1
x26_11 = 1
x29_11 = 1
x37_11 = 1
x40_11 = 1
w9 = 1
w11 = 1
