Tiempo de corrida total: 0.527935
Tiempo de corrida recorrer el arbol: 0.387583
Valor de la funcion objetivo: 2
x2_4 = 1
x14_4 = 1
x16_4 = 1
x29_4 = 1
x32_4 = 1
x36_4 = 1
x3_12 = 1
x7_12 = 1
x18_12 = 1
x20_12 = 1
x21_12 = 1
x22_12 = 1
x24_12 = 1
x35_12 = 1
x37_12 = 1
w4 = 1
w12 = 1
