Tiempo de corrida total: 0.223986
Tiempo de corrida recorrer el arbol: 0.096133
Valor de la funcion objetivo: 1
x13_1 = 1
x21_1 = 1
x35_1 = 1
x36_1 = 1
x42_1 = 1
w1 = 1
