Tiempo de corrida total: 0.0944688
Tiempo de corrida recorrer el arbol: 0.0482161
Valor de la funcion objetivo: 1
x1_2 = 1
x9_2 = 1
x13_2 = 1
x15_2 = 1
x19_2 = 1
w2 = 1
