Tiempo de corrida total: 0.0769579
Tiempo de corrida recorrer el arbol: 0.0315049
Valor de la funcion objetivo: 1
x1_4 = 1
x3_4 = 1
x7_4 = 1
x8_4 = 1
x23_4 = 1
w4 = 1
