Tiempo de corrida total: 4.40246
Tiempo de corrida recorrer el arbol: 4.38381
Valor de la funcion objetivo: 2
x6_8 = 1
x9_8 = 1
x35_8 = 1
x39_8 = 1
x5_10 = 1
x27_10 = 1
x28_10 = 1
x29_10 = 1
x41_10 = 1
x42_10 = 1
w8 = 1
w10 = 1
