Tiempo de corrida total: 0.0426819
Tiempo de corrida recorrer el arbol: 0.00605702
Valor de la funcion objetivo: 1
x1_2 = 1
x2_2 = 1
x10_2 = 1
x15_2 = 1
x19_2 = 1
w2 = 1
