Tiempo de corrida total: 0.320005
Tiempo de corrida recorrer el arbol: 0.143879
Valor de la funcion objetivo: 2
x16_4 = 1
x17_4 = 1
x31_4 = 1
x32_4 = 1
x37_4 = 1
x4_8 = 1
x5_8 = 1
x26_8 = 1
x29_8 = 1
x34_8 = 1
w4 = 1
w8 = 1
