Tiempo de corrida total: 0.0784359
Tiempo de corrida recorrer el arbol: 0.037209
Valor de la funcion objetivo: 2
x13_2 = 1
x19_2 = 1
x25_2 = 1
x2_4 = 1
x18_4 = 1
w2 = 1
w4 = 1
