Tiempo de corrida total: 0.024519
Tiempo de corrida recorrer el arbol: 0.0182641
Valor de la funcion objetivo: 1
x1_4 = 1
x11_4 = 1
x13_4 = 1
x14_4 = 1
x24_4 = 1
w4 = 1
