Tiempo de corrida total: 0.859538
Tiempo de corrida recorrer el arbol: 0.834459
Valor de la funcion objetivo: 2
x1_2 = 1
x11_2 = 1
x14_2 = 1
x19_2 = 1
x24_2 = 1
x34_2 = 1
x37_2 = 1
x40_2 = 1
x7_5 = 1
x16_5 = 1
x18_5 = 1
x25_5 = 1
x26_5 = 1
x29_5 = 1
x36_5 = 1
w2 = 1
w5 = 1
