Tiempo de corrida total: 0.100958
Tiempo de corrida recorrer el arbol: 0.0784011
Valor de la funcion objetivo: 2
x1_6 = 1
x3_6 = 1
x4_6 = 1
x10_6 = 1
x27_6 = 1
x30_6 = 1
x32_6 = 1
x37_6 = 1
x5_7 = 1
x6_7 = 1
x8_7 = 1
x9_7 = 1
x18_7 = 1
x26_7 = 1
x29_7 = 1
w6 = 1
w7 = 1
