Tiempo de corrida total: 0.0721829
Tiempo de corrida recorrer el arbol: 0.05372
Valor de la funcion objetivo: 2
x1_12 = 1
x5_12 = 1
x12_12 = 1
x15_12 = 1
x21_12 = 1
x27_12 = 1
x29_12 = 1
x6_13 = 1
x11_13 = 1
x13_13 = 1
x16_13 = 1
x17_13 = 1
x20_13 = 1
x22_13 = 1
x23_13 = 1
w12 = 1
w13 = 1
