Tiempo de corrida total: 0.09273
Tiempo de corrida recorrer el arbol: 0.020647
Valor de la funcion objetivo: 1
x3_1 = 1
x24_1 = 1
x30_1 = 1
x36_1 = 1
x40_1 = 1
w1 = 1
