Tiempo de corrida total: 0.614126
Tiempo de corrida recorrer el arbol: 0.405566
Valor de la funcion objetivo: 2
x14_6 = 1
x25_6 = 1
x38_6 = 1
x5_7 = 1
x12_7 = 1
x16_7 = 1
x24_7 = 1
x29_7 = 1
x37_7 = 1
x39_7 = 1
w6 = 1
w7 = 1
