Tiempo de corrida total: 0.117407
Tiempo de corrida recorrer el arbol: 0.055027
Valor de la funcion objetivo: 1
x7_8 = 1
x12_8 = 1
x20_8 = 1
x22_8 = 1
x29_8 = 1
x32_8 = 1
x36_8 = 1
x41_8 = 1
x44_8 = 1
x48_8 = 1
w8 = 1
