Tiempo de corrida total: 5.72352
Tiempo de corrida recorrer el arbol: 5.04576
Valor de la funcion objetivo: 3
x12_4 = 1
x18_4 = 1
x19_4 = 1
x26_4 = 1
x27_4 = 1
x6_5 = 1
x8_5 = 1
x10_5 = 1
x15_5 = 1
x20_5 = 1
x31_5 = 1
x9_10 = 1
x24_10 = 1
x29_10 = 1
x37_10 = 1
w4 = 1
w5 = 1
w10 = 1
