Tiempo de corrida total: 0.207074
Tiempo de corrida recorrer el arbol: 0.201386
Valor de la funcion objetivo: 2
x8_3 = 1
x22_3 = 1
x4_5 = 1
x10_5 = 1
x27_5 = 1
w3 = 1
w5 = 1
