Tiempo de corrida total: 0.524397
Tiempo de corrida recorrer el arbol: 0.057544
Valor de la funcion objetivo: 1
x33_1 = 1
x36_1 = 1
x40_1 = 1
x45_1 = 1
x50_1 = 1
w1 = 1
