Tiempo de corrida total: 0.0253561
Tiempo de corrida recorrer el arbol: 0.022296
Valor de la funcion objetivo: 1
x5_1 = 1
x15_1 = 1
x18_1 = 1
x25_1 = 1
x37_1 = 1
w1 = 1
