Tiempo de corrida total: 0.253172
Tiempo de corrida recorrer el arbol: 0.060632
Valor de la funcion objetivo: 1
x6_15 = 1
x8_15 = 1
x10_15 = 1
x22_15 = 1
x30_15 = 1
x31_15 = 1
x33_15 = 1
x36_15 = 1
x37_15 = 1
x39_15 = 1
x40_15 = 1
x43_15 = 1
x45_15 = 1
x48_15 = 1
x50_15 = 1
w15 = 1
