Tiempo de corrida total: 0.038542
Tiempo de corrida recorrer el arbol: 0.00843406
Valor de la funcion objetivo: 1
x1_1 = 1
x4_1 = 1
x11_1 = 1
x13_1 = 1
x24_1 = 1
w1 = 1
