Tiempo de corrida total: 1.19907
Tiempo de corrida recorrer el arbol: 1.17981
Valor de la funcion objetivo: 2
x1_8 = 1
x7_8 = 1
x12_8 = 1
x18_8 = 1
x20_8 = 1
x22_8 = 1
x3_10 = 1
x16_10 = 1
x21_10 = 1
x29_10 = 1
w8 = 1
w10 = 1
