Tiempo de corrida total: 0.231582
Tiempo de corrida recorrer el arbol: 0.212895
Valor de la funcion objetivo: 2
x2_1 = 1
x23_1 = 1
x28_1 = 1
x4_4 = 1
x19_4 = 1
w1 = 1
w4 = 1
