Tiempo de corrida total: 0.0850081
Tiempo de corrida recorrer el arbol: 0.0288029
Valor de la funcion objetivo: 2
x1_11 = 1
x5_11 = 1
x7_11 = 1
x14_11 = 1
x16_11 = 1
x19_11 = 1
x26_11 = 1
x29_11 = 1
x30_11 = 1
x3_18 = 1
x4_18 = 1
x6_18 = 1
x9_18 = 1
x10_18 = 1
x12_18 = 1
x13_18 = 1
x17_18 = 1
x24_18 = 1
x25_18 = 1
x27_18 = 1
w11 = 1
w18 = 1
