Tiempo de corrida total: 0.0943322
Tiempo de corrida recorrer el arbol: 0.0212719
Valor de la funcion objetivo: 2
x3_11 = 1
x7_11 = 1
x12_11 = 1
x14_11 = 1
x16_11 = 1
x25_11 = 1
x26_11 = 1
x29_11 = 1
x4_12 = 1
x5_12 = 1
x15_12 = 1
x18_12 = 1
x20_12 = 1
x21_12 = 1
x22_12 = 1
w11 = 1
w12 = 1
