Tiempo de corrida total: 0.016686
Tiempo de corrida recorrer el arbol: 0.00439191
Valor de la funcion objetivo: 1
x4_1 = 1
x15_1 = 1
x20_1 = 1
x22_1 = 1
x30_1 = 1
w1 = 1
