Tiempo de corrida total: 1.01061
Tiempo de corrida recorrer el arbol: 0.848759
Valor de la funcion objetivo: 2
x6_2 = 1
x14_2 = 1
x16_2 = 1
x18_2 = 1
x2_7 = 1
x30_7 = 1
x32_7 = 1
x37_7 = 1
x44_7 = 1
x48_7 = 1
w2 = 1
w7 = 1
