Tiempo de corrida total: 0.118824
Tiempo de corrida recorrer el arbol: 0.0239229
Valor de la funcion objetivo: 2
x16_2 = 1
x22_2 = 1
x26_2 = 1
x9_4 = 1
x29_4 = 1
w2 = 1
w4 = 1
