Tiempo de corrida total: 6.25325
Tiempo de corrida recorrer el arbol: 6.11401
Valor de la funcion objetivo: 3
x2_7 = 1
x23_7 = 1
x24_7 = 1
x26_7 = 1
x28_7 = 1
x29_7 = 1
x9_15 = 1
x11_15 = 1
x12_15 = 1
x13_15 = 1
x16_15 = 1
x21_15 = 1
x4_19 = 1
x14_19 = 1
x17_19 = 1
x18_19 = 1
x20_19 = 1
x22_19 = 1
x25_19 = 1
x27_19 = 1
w7 = 1
w15 = 1
w19 = 1
