Tiempo de corrida total: 0.327951
Tiempo de corrida recorrer el arbol: 0.0608392
Valor de la funcion objetivo: 2
x6_10 = 1
x13_10 = 1
x22_10 = 1
x31_10 = 1
x39_10 = 1
x43_10 = 1
x48_10 = 1
x50_10 = 1
x9_14 = 1
x10_14 = 1
x18_14 = 1
x19_14 = 1
x20_14 = 1
x24_14 = 1
x25_14 = 1
x28_14 = 1
x29_14 = 1
x37_14 = 1
x45_14 = 1
x47_14 = 1
w10 = 1
w14 = 1
