Tiempo de corrida total: 0.145983
Tiempo de corrida recorrer el arbol: 0.0605102
Valor de la funcion objetivo: 1
x13_3 = 1
x23_3 = 1
x24_3 = 1
x29_3 = 1
x44_3 = 1
w3 = 1
