Tiempo de corrida total: 0.016228
Tiempo de corrida recorrer el arbol: 0.00926805
Valor de la funcion objetivo: 1
x2_5 = 1
x4_5 = 1
x5_5 = 1
x15_5 = 1
x16_5 = 1
w5 = 1
