Tiempo de corrida total: 0.0745029
Tiempo de corrida recorrer el arbol: 0.0521019
Valor de la funcion objetivo: 1
x5_9 = 1
x7_9 = 1
x9_9 = 1
x10_9 = 1
x23_9 = 1
x26_9 = 1
x29_9 = 1
x33_9 = 1
x35_9 = 1
x39_9 = 1
w9 = 1
