Tiempo de corrida total: 0.571428
Tiempo de corrida recorrer el arbol: 0.0655301
Valor de la funcion objetivo: 1
x3_2 = 1
x7_2 = 1
x22_2 = 1
x31_2 = 1
x40_2 = 1
w2 = 1
