Tiempo de corrida total: 0.481584
Tiempo de corrida recorrer el arbol: 0.132047
Valor de la funcion objetivo: 2
x13_4 = 1
x17_4 = 1
x18_4 = 1
x19_4 = 1
x20_4 = 1
x21_9 = 1
x24_9 = 1
x25_9 = 1
x34_9 = 1
x37_9 = 1
w4 = 1
w9 = 1
