Tiempo de corrida total: 0.0366309
Tiempo de corrida recorrer el arbol: 0.0235579
Valor de la funcion objetivo: 1
x22_5 = 1
x38_5 = 1
x46_5 = 1
x47_5 = 1
x48_5 = 1
w5 = 1
