Tiempo de corrida total: 0.41601
Tiempo de corrida recorrer el arbol: 0.358784
Valor de la funcion objetivo: 2
x9_6 = 1
x11_6 = 1
x14_6 = 1
x15_6 = 1
x18_6 = 1
x25_6 = 1
x26_6 = 1
x12_9 = 1
x16_9 = 1
x20_9 = 1
w6 = 1
w9 = 1
