Tiempo de corrida total: 3.52167
Tiempo de corrida recorrer el arbol: 3.21032
Valor de la funcion objetivo: 2
x12_2 = 1
x18_2 = 1
x27_2 = 1
x35_2 = 1
x39_2 = 1
x16_8 = 1
x17_8 = 1
x31_8 = 1
x32_8 = 1
x37_8 = 1
w2 = 1
w8 = 1
