Tiempo de corrida total: 0.689978
Tiempo de corrida recorrer el arbol: 0.288818
Valor de la funcion objetivo: 2
x7_7 = 1
x12_7 = 1
x15_7 = 1
x18_7 = 1
x24_7 = 1
x27_7 = 1
x30_7 = 1
x34_7 = 1
x3_15 = 1
x6_15 = 1
x13_15 = 1
x14_15 = 1
x16_15 = 1
x28_15 = 1
x29_15 = 1
w7 = 1
w15 = 1
