Tiempo de corrida total: 1.21259
Tiempo de corrida recorrer el arbol: 0.653954
Valor de la funcion objetivo: 2
x4_8 = 1
x6_8 = 1
x8_8 = 1
x16_8 = 1
x25_8 = 1
x29_8 = 1
x40_8 = 1
x3_9 = 1
x10_9 = 1
x39_9 = 1
w8 = 1
w9 = 1
