Tiempo de corrida total: 0.393862
Tiempo de corrida recorrer el arbol: 0.118926
Valor de la funcion objetivo: 1
x2_4 = 1
x8_4 = 1
x9_4 = 1
x12_4 = 1
x15_4 = 1
x21_4 = 1
x25_4 = 1
x33_4 = 1
x34_4 = 1
x46_4 = 1
w4 = 1
