Tiempo de corrida total: 0.321041
Tiempo de corrida recorrer el arbol: 0.0390429
Valor de la funcion objetivo: 2
x10_3 = 1
x40_3 = 1
x17_4 = 1
x23_4 = 1
x36_4 = 1
w3 = 1
w4 = 1
