Tiempo de corrida total: 0.157789
Tiempo de corrida recorrer el arbol: 0.153237
Valor de la funcion objetivo: 2
x3_3 = 1
x20_3 = 1
x25_3 = 1
x22_5 = 1
x28_5 = 1
w3 = 1
w5 = 1
