Tiempo de corrida total: 0.0200129
Tiempo de corrida recorrer el arbol: 0.00907016
Valor de la funcion objetivo: 1
x25_5 = 1
x38_5 = 1
x44_5 = 1
x48_5 = 1
x49_5 = 1
w5 = 1
