Tiempo de corrida total: 0.852557
Tiempo de corrida recorrer el arbol: 0.700141
Valor de la funcion objetivo: 2
x7_1 = 1
x19_1 = 1
x21_1 = 1
x10_5 = 1
x37_5 = 1
w1 = 1
w5 = 1
