Tiempo de corrida total: 7.85136
Tiempo de corrida recorrer el arbol: 7.71842
Valor de la funcion objetivo: 2
x7_11 = 1
x9_11 = 1
x21_11 = 1
x24_11 = 1
x27_11 = 1
x28_11 = 1
x35_11 = 1
x40_11 = 1
x42_11 = 1
x12_17 = 1
x14_17 = 1
x15_17 = 1
x16_17 = 1
x23_17 = 1
x26_17 = 1
x33_17 = 1
x37_17 = 1
x46_17 = 1
x48_17 = 1
x50_17 = 1
w11 = 1
w17 = 1
