Tiempo de corrida total: 0.186259
Tiempo de corrida recorrer el arbol: 0.0511229
Valor de la funcion objetivo: 2
x4_6 = 1
x5_6 = 1
x9_6 = 1
x10_6 = 1
x12_6 = 1
x16_6 = 1
x32_6 = 1
x3_13 = 1
x8_13 = 1
x13_13 = 1
x18_13 = 1
x19_13 = 1
x20_13 = 1
x22_13 = 1
x24_13 = 1
x25_13 = 1
x27_13 = 1
x30_13 = 1
x31_13 = 1
x36_13 = 1
w6 = 1
w13 = 1
