Tiempo de corrida total: 0.072118
Tiempo de corrida recorrer el arbol: 0.0581379
Valor de la funcion objetivo: 1
x2_1 = 1
x7_1 = 1
x12_1 = 1
x16_1 = 1
x23_1 = 1
x24_1 = 1
x42_1 = 1
x44_1 = 1
x45_1 = 1
x50_1 = 1
w1 = 1
