Tiempo de corrida total: 0.299316
Tiempo de corrida recorrer el arbol: 0.031878
Valor de la funcion objetivo: 1
x2_4 = 1
x27_4 = 1
x39_4 = 1
x40_4 = 1
x45_4 = 1
w4 = 1
