Tiempo de corrida total: 0.026629
Tiempo de corrida recorrer el arbol: 0.0219519
Valor de la funcion objetivo: 1
x4_1 = 1
x5_1 = 1
x6_1 = 1
x8_1 = 1
x12_1 = 1
x18_1 = 1
x22_1 = 1
x36_1 = 1
x38_1 = 1
x43_1 = 1
w1 = 1
