Tiempo de corrida total: 0.07265
Tiempo de corrida recorrer el arbol: 0.0166121
Valor de la funcion objetivo: 1
x4_5 = 1
x15_5 = 1
x17_5 = 1
x25_5 = 1
x31_5 = 1
w5 = 1
