Tiempo de corrida total: 0.183797
Tiempo de corrida recorrer el arbol: 0.080524
Valor de la funcion objetivo: 1
x2_4 = 1
x5_4 = 1
x6_4 = 1
x27_4 = 1
x43_4 = 1
w4 = 1
