Tiempo de corrida total: 0.18879
Tiempo de corrida recorrer el arbol: 0.17385
Valor de la funcion objetivo: 2
x7_2 = 1
x17_2 = 1
x20_2 = 1
x9_3 = 1
x10_3 = 1
w2 = 1
w3 = 1
