Tiempo de corrida total: 1.29136
Tiempo de corrida recorrer el arbol: 0.298874
Valor de la funcion objetivo: 4
x4_5 = 1
x10_5 = 1
x15_5 = 1
x23_5 = 1
x25_5 = 1
x27_7 = 1
x5_13 = 1
x14_13 = 1
x16_13 = 1
x17_13 = 1
x22_13 = 1
x1_14 = 1
x2_14 = 1
x29_14 = 1
x30_14 = 1
w5 = 1
w7 = 1
w13 = 1
w14 = 1
