Tiempo de corrida total: 1.02441
Tiempo de corrida recorrer el arbol: 0.395812
Valor de la funcion objetivo: 2
x2_9 = 1
x17_9 = 1
x18_9 = 1
x20_9 = 1
x24_9 = 1
x25_9 = 1
x48_9 = 1
x50_9 = 1
x5_11 = 1
x9_11 = 1
x19_11 = 1
x29_11 = 1
x33_11 = 1
x39_11 = 1
x46_11 = 1
w9 = 1
w11 = 1
