Tiempo de corrida total: 0.0832789
Tiempo de corrida recorrer el arbol: 0.0271699
Valor de la funcion objetivo: 1
x3_9 = 1
x4_9 = 1
x11_9 = 1
x14_9 = 1
x16_9 = 1
x17_9 = 1
x21_9 = 1
x25_9 = 1
x36_9 = 1
x47_9 = 1
w9 = 1
