Tiempo de corrida total: 1.60402
Tiempo de corrida recorrer el arbol: 0.562391
Valor de la funcion objetivo: 1
x3_4 = 1
x13_4 = 1
x15_4 = 1
x16_4 = 1
x21_4 = 1
x27_4 = 1
x29_4 = 1
x33_4 = 1
x41_4 = 1
x42_4 = 1
w4 = 1
