Tiempo de corrida total: 0.044441
Tiempo de corrida recorrer el arbol: 0.012136
Valor de la funcion objetivo: 1
x8_4 = 1
x11_4 = 1
x14_4 = 1
x18_4 = 1
x43_4 = 1
w4 = 1
