Tiempo de corrida total: 0.241925
Tiempo de corrida recorrer el arbol: 0.0737948
Valor de la funcion objetivo: 2
x3_9 = 1
x12_9 = 1
x15_9 = 1
x19_9 = 1
x29_9 = 1
x32_9 = 1
x36_9 = 1
x38_9 = 1
x40_9 = 1
x14_10 = 1
w9 = 1
w10 = 1
