Tiempo de corrida total: 5.61802
Tiempo de corrida recorrer el arbol: 5.40549
Valor de la funcion objetivo: 3
x13_1 = 1
x19_1 = 1
x1_4 = 1
x5_4 = 1
x7_4 = 1
x20_4 = 1
x27_4 = 1
x10_7 = 1
x16_7 = 1
x21_7 = 1
w1 = 1
w4 = 1
w7 = 1
