Tiempo de corrida total: 0.122789
Tiempo de corrida recorrer el arbol: 0.02775
Valor de la funcion objetivo: 1
x1_5 = 1
x10_5 = 1
x17_5 = 1
x27_5 = 1
x30_5 = 1
w5 = 1
