Tiempo de corrida total: 0.333066
Tiempo de corrida recorrer el arbol: 0.154259
Valor de la funcion objetivo: 2
x3_4 = 1
x15_4 = 1
x28_4 = 1
x4_5 = 1
x38_5 = 1
w4 = 1
w5 = 1
