Tiempo de corrida total: 0.184777
Tiempo de corrida recorrer el arbol: 0.0668859
Valor de la funcion objetivo: 1
x10_3 = 1
x16_3 = 1
x24_3 = 1
x27_3 = 1
x29_3 = 1
w3 = 1
