Tiempo de corrida total: 2.56828
Tiempo de corrida recorrer el arbol: 1.79456
Valor de la funcion objetivo: 2
x17_2 = 1
x27_2 = 1
x34_2 = 1
x37_2 = 1
x40_2 = 1
x2_6 = 1
x19_6 = 1
x25_6 = 1
x28_6 = 1
x45_6 = 1
w2 = 1
w6 = 1
