Tiempo de corrida total: 0.128498
Tiempo de corrida recorrer el arbol: 0.0289822
Valor de la funcion objetivo: 1
x6_2 = 1
x7_2 = 1
x27_2 = 1
x33_2 = 1
x43_2 = 1
w2 = 1
