Tiempo de corrida total: 0.137027
Tiempo de corrida recorrer el arbol: 0.0520449
Valor de la funcion objetivo: 1
x7_2 = 1
x30_2 = 1
x34_2 = 1
x38_2 = 1
x42_2 = 1
w2 = 1
