Tiempo de corrida total: 0.00941586
Tiempo de corrida recorrer el arbol: 0.00486803
Valor de la funcion objetivo: 1
x2_1 = 1
x3_1 = 1
x7_1 = 1
x8_1 = 1
x11_1 = 1
w1 = 1
