Tiempo de corrida total: 0.102785
Tiempo de corrida recorrer el arbol: 0.0309138
Valor de la funcion objetivo: 2
x9_4 = 1
x12_4 = 1
x19_4 = 1
x22_4 = 1
x24_4 = 1
x27_4 = 1
x28_4 = 1
x30_4 = 1
x2_14 = 1
x3_14 = 1
x4_14 = 1
x6_14 = 1
x7_14 = 1
x11_14 = 1
x14_14 = 1
x16_14 = 1
x17_14 = 1
x23_14 = 1
x25_14 = 1
x26_14 = 1
w4 = 1
w14 = 1
