Tiempo de corrida total: 0.205897
Tiempo de corrida recorrer el arbol: 0.204366
Valor de la funcion objetivo: 2
x3_1 = 1
x4_1 = 1
x12_1 = 1
x15_1 = 1
x17_1 = 1
x21_1 = 1
x23_1 = 1
x27_1 = 1
x30_1 = 1
x1_14 = 1
x14_14 = 1
x16_14 = 1
x20_14 = 1
x25_14 = 1
x29_14 = 1
w1 = 1
w14 = 1
