Tiempo de corrida total: 0.022177
Tiempo de corrida recorrer el arbol: 0.00925899
Valor de la funcion objetivo: 1
x1_3 = 1
x10_3 = 1
x17_3 = 1
x21_3 = 1
x23_3 = 1
w3 = 1
