Tiempo de corrida total: 0.0631301
Tiempo de corrida recorrer el arbol: 0.013325
Valor de la funcion objetivo: 1
x8_3 = 1
x12_3 = 1
x27_3 = 1
x42_3 = 1
x45_3 = 1
w3 = 1
