Tiempo de corrida total: 0.0584462
Tiempo de corrida recorrer el arbol: 0.0283041
Valor de la funcion objetivo: 1
x19_5 = 1
x21_5 = 1
x23_5 = 1
x24_5 = 1
x42_5 = 1
w5 = 1
