Tiempo de corrida total: 1.77922
Tiempo de corrida recorrer el arbol: 1.68024
Valor de la funcion objetivo: 2
x2_5 = 1
x11_5 = 1
x17_5 = 1
x20_5 = 1
x24_5 = 1
x1_6 = 1
x9_6 = 1
x13_6 = 1
x22_6 = 1
x27_6 = 1
w5 = 1
w6 = 1
