Tiempo de corrida total: 0.271548
Tiempo de corrida recorrer el arbol: 0.0966141
Valor de la funcion objetivo: 1
x31_2 = 1
x35_2 = 1
x40_2 = 1
x43_2 = 1
x46_2 = 1
w2 = 1
