Tiempo de corrida total: 0.120018
Tiempo de corrida recorrer el arbol: 0.065913
Valor de la funcion objetivo: 1
x17_10 = 1
x19_10 = 1
x20_10 = 1
x21_10 = 1
x24_10 = 1
x26_10 = 1
x28_10 = 1
x29_10 = 1
x33_10 = 1
x35_10 = 1
w10 = 1
