Tiempo de corrida total: 0.0474081
Tiempo de corrida recorrer el arbol: 0.0234699
Valor de la funcion objetivo: 1
x15_4 = 1
x19_4 = 1
x23_4 = 1
x28_4 = 1
x29_4 = 1
w4 = 1
