Tiempo de corrida total: 0.486846
Tiempo de corrida recorrer el arbol: 0.0751581
Valor de la funcion objetivo: 3
x4_4 = 1
x11_4 = 1
x16_4 = 1
x18_4 = 1
x19_4 = 1
x26_4 = 1
x1_6 = 1
x13_6 = 1
x14_6 = 1
x20_6 = 1
x25_6 = 1
x27_6 = 1
x5_8 = 1
x9_8 = 1
x10_8 = 1
x12_8 = 1
x17_8 = 1
x24_8 = 1
x29_8 = 1
x30_8 = 1
w4 = 1
w6 = 1
w8 = 1
