Tiempo de corrida total: 0.301904
Tiempo de corrida recorrer el arbol: 0.0731502
Valor de la funcion objetivo: 2
x6_8 = 1
x10_8 = 1
x21_8 = 1
x26_8 = 1
x27_8 = 1
x32_8 = 1
x34_8 = 1
x35_8 = 1
x40_8 = 1
x5_16 = 1
x7_16 = 1
x11_16 = 1
x13_16 = 1
x15_16 = 1
x18_16 = 1
x22_16 = 1
x29_16 = 1
x30_16 = 1
x36_16 = 1
x39_16 = 1
w8 = 1
w16 = 1
