Tiempo de corrida total: 0.00748706
Tiempo de corrida recorrer el arbol: 0.00414085
Valor de la funcion objetivo: 1
x1_3 = 1
x6_3 = 1
x7_3 = 1
x9_3 = 1
x18_3 = 1
w3 = 1
