Tiempo de corrida total: 0.0430388
Tiempo de corrida recorrer el arbol: 0.021203
Valor de la funcion objetivo: 1
x1_2 = 1
x2_2 = 1
x11_2 = 1
x16_2 = 1
x36_2 = 1
w2 = 1
