Tiempo de corrida total: 0.0747621
Tiempo de corrida recorrer el arbol: 0.036772
Valor de la funcion objetivo: 1
x1_6 = 1
x5_6 = 1
x7_6 = 1
x9_6 = 1
x12_6 = 1
x13_6 = 1
x15_6 = 1
x18_6 = 1
x22_6 = 1
x29_6 = 1
w6 = 1
