Tiempo de corrida total: 1.47384
Tiempo de corrida recorrer el arbol: 1.32086
Valor de la funcion objetivo: 3
x1_2 = 1
x3_2 = 1
x7_2 = 1
x9_2 = 1
x10_2 = 1
x21_2 = 1
x22_2 = 1
x25_2 = 1
x6_14 = 1
x20_14 = 1
x26_14 = 1
x27_14 = 1
x29_14 = 1
x30_14 = 1
x4_18 = 1
x14_18 = 1
x16_18 = 1
x18_18 = 1
x19_18 = 1
x24_18 = 1
w2 = 1
w14 = 1
w18 = 1
