Tiempo de corrida total: 0.0799189
Tiempo de corrida recorrer el arbol: 0.0353169
Valor de la funcion objetivo: 2
x6_6 = 1
x12_6 = 1
x17_6 = 1
x24_6 = 1
x30_6 = 1
x2_9 = 1
x3_9 = 1
x16_9 = 1
x21_9 = 1
x25_9 = 1
w6 = 1
w9 = 1
