Tiempo de corrida total: 9.20642
Tiempo de corrida recorrer el arbol: 8.92834
Valor de la funcion objetivo: 2
x6_9 = 1
x8_9 = 1
x9_9 = 1
x12_9 = 1
x15_9 = 1
x23_9 = 1
x24_9 = 1
x25_9 = 1
x33_9 = 1
x35_9 = 1
x42_9 = 1
x13_12 = 1
x30_12 = 1
x38_12 = 1
x50_12 = 1
w9 = 1
w12 = 1
