Tiempo de corrida total: 0.843664
Tiempo de corrida recorrer el arbol: 0.835659
Valor de la funcion objetivo: 2
x6_8 = 1
x8_8 = 1
x10_8 = 1
x15_8 = 1
x18_8 = 1
x4_9 = 1
x21_9 = 1
x24_9 = 1
x25_9 = 1
x37_9 = 1
w8 = 1
w9 = 1
