Tiempo de corrida total: 3.25646
Tiempo de corrida recorrer el arbol: 3.21311
Valor de la funcion objetivo: 4
x7_2 = 1
x18_2 = 1
x27_2 = 1
x5_3 = 1
x16_3 = 1
x29_3 = 1
x12_5 = 1
x19_5 = 1
x4_10 = 1
x17_10 = 1
w2 = 1
w3 = 1
w5 = 1
w10 = 1
