Tiempo de corrida total: 0.438306
Tiempo de corrida recorrer el arbol: 0.149276
Valor de la funcion objetivo: 2
x1_1 = 1
x21_1 = 1
x28_1 = 1
x37_1 = 1
x7_8 = 1
x13_8 = 1
x14_8 = 1
x16_8 = 1
x18_8 = 1
x20_8 = 1
x22_8 = 1
x24_8 = 1
x38_8 = 1
x39_8 = 1
x40_8 = 1
w1 = 1
w8 = 1
