Tiempo de corrida total: 0.241822
Tiempo de corrida recorrer el arbol: 0.033721
Valor de la funcion objetivo: 2
x17_2 = 1
x36_2 = 1
x4_5 = 1
x32_5 = 1
x33_5 = 1
w2 = 1
w5 = 1
