Tiempo de corrida total: 0.0537059
Tiempo de corrida recorrer el arbol: 0.00574899
Valor de la funcion objetivo: 1
x1_1 = 1
x5_1 = 1
x10_1 = 1
x16_1 = 1
x44_1 = 1
w1 = 1
