Tiempo de corrida total: 0.124167
Tiempo de corrida recorrer el arbol: 0.0366299
Valor de la funcion objetivo: 2
x9_13 = 1
x12_13 = 1
x19_13 = 1
x20_13 = 1
x21_13 = 1
x25_13 = 1
x28_13 = 1
x1_15 = 1
x3_15 = 1
x4_15 = 1
x6_15 = 1
x8_15 = 1
x11_15 = 1
x13_15 = 1
x14_15 = 1
x15_15 = 1
x16_15 = 1
x17_15 = 1
x22_15 = 1
x27_15 = 1
w13 = 1
w15 = 1
