Tiempo de corrida total: 0.470989
Tiempo de corrida recorrer el arbol: 0.433221
Valor de la funcion objetivo: 2
x3_2 = 1
x15_2 = 1
x28_2 = 1
x21_5 = 1
x37_5 = 1
w2 = 1
w5 = 1
