Tiempo de corrida total: 3.02465
Tiempo de corrida recorrer el arbol: 2.64386
Valor de la funcion objetivo: 2
x8_3 = 1
x27_3 = 1
x36_3 = 1
x40_3 = 1
x49_3 = 1
x5_8 = 1
x12_8 = 1
x13_8 = 1
x14_8 = 1
x29_8 = 1
w3 = 1
w8 = 1
