Tiempo de corrida total: 0.0468459
Tiempo de corrida recorrer el arbol: 0.042594
Valor de la funcion objetivo: 2
x1_1 = 1
x2_1 = 1
x5_1 = 1
x12_1 = 1
x16_1 = 1
x21_1 = 1
x23_1 = 1
x14_2 = 1
x15_2 = 1
x17_2 = 1
w1 = 1
w2 = 1
