Tiempo de corrida total: 1.06835
Tiempo de corrida recorrer el arbol: 0.939973
Valor de la funcion objetivo: 2
x3_4 = 1
x6_4 = 1
x17_4 = 1
x48_4 = 1
x4_6 = 1
x12_6 = 1
x15_6 = 1
x29_6 = 1
x45_6 = 1
x50_6 = 1
w4 = 1
w6 = 1
