Tiempo de corrida total: 0.20722
Tiempo de corrida recorrer el arbol: 0.153638
Valor de la funcion objetivo: 2
x1_1 = 1
x3_1 = 1
x5_1 = 1
x7_1 = 1
x11_1 = 1
x12_1 = 1
x16_1 = 1
x29_1 = 1
x9_9 = 1
x18_9 = 1
w1 = 1
w9 = 1
