Tiempo de corrida total: 0.283082
Tiempo de corrida recorrer el arbol: 0.058033
Valor de la funcion objetivo: 1
x3_4 = 1
x8_4 = 1
x33_4 = 1
x38_4 = 1
x41_4 = 1
w4 = 1
