Tiempo de corrida total: 6.78255
Tiempo de corrida recorrer el arbol: 6.16641
Valor de la funcion objetivo: 4
x14_4 = 1
x30_4 = 1
x31_4 = 1
x4_5 = 1
x29_5 = 1
x40_5 = 1
x7_6 = 1
x19_6 = 1
x18_9 = 1
x24_9 = 1
w4 = 1
w5 = 1
w6 = 1
w9 = 1
