Tiempo de corrida total: 0.0391221
Tiempo de corrida recorrer el arbol: 0.0276718
Valor de la funcion objetivo: 1
x3_4 = 1
x7_4 = 1
x18_4 = 1
x22_4 = 1
x26_4 = 1
w4 = 1
