Tiempo de corrida total: 0.639056
Tiempo de corrida recorrer el arbol: 0.625181
Valor de la funcion objetivo: 2
x29_2 = 1
x34_2 = 1
x37_2 = 1
x21_4 = 1
x32_4 = 1
w2 = 1
w4 = 1
