Tiempo de corrida total: 0.68198
Tiempo de corrida recorrer el arbol: 0.670061
Valor de la funcion objetivo: 2
x2_2 = 1
x6_2 = 1
x5_5 = 1
x27_5 = 1
x40_5 = 1
w2 = 1
w5 = 1
