Tiempo de corrida total: 0.782871
Tiempo de corrida recorrer el arbol: 0.183964
Valor de la funcion objetivo: 2
x16_9 = 1
x18_9 = 1
x29_9 = 1
x30_9 = 1
x34_9 = 1
x3_10 = 1
x12_10 = 1
x15_10 = 1
x33_10 = 1
x40_10 = 1
w9 = 1
w10 = 1
