Tiempo de corrida total: 2.15163
Tiempo de corrida recorrer el arbol: 2.03763
Valor de la funcion objetivo: 2
x5_2 = 1
x17_2 = 1
x29_2 = 1
x14_4 = 1
x27_4 = 1
w2 = 1
w4 = 1
