Tiempo de corrida total: 0.367649
Tiempo de corrida recorrer el arbol: 0.355356
Valor de la funcion objetivo: 2
x4_1 = 1
x6_1 = 1
x10_4 = 1
x24_4 = 1
x30_4 = 1
w1 = 1
w4 = 1
