Tiempo de corrida total: 0.906169
Tiempo de corrida recorrer el arbol: 0.894296
Valor de la funcion objetivo: 2
x3_1 = 1
x7_1 = 1
x19_1 = 1
x26_1 = 1
x35_1 = 1
x36_1 = 1
x39_1 = 1
x4_20 = 1
x8_20 = 1
x9_20 = 1
x11_20 = 1
x12_20 = 1
x13_20 = 1
x16_20 = 1
x17_20 = 1
x24_20 = 1
x25_20 = 1
x30_20 = 1
x32_20 = 1
x33_20 = 1
w1 = 1
w20 = 1
