Tiempo de corrida total: 5.46353
Tiempo de corrida recorrer el arbol: 5.20135
Valor de la funcion objetivo: 1
x3_8 = 1
x4_8 = 1
x6_8 = 1
x8_8 = 1
x11_8 = 1
x14_8 = 1
x19_8 = 1
x28_8 = 1
x47_8 = 1
x48_8 = 1
w8 = 1
