Tiempo de corrida total: 2.55061
Tiempo de corrida recorrer el arbol: 2.32655
Valor de la funcion objetivo: 2
x11_2 = 1
x24_2 = 1
x30_2 = 1
x35_2 = 1
x38_2 = 1
x5_4 = 1
x12_4 = 1
x20_4 = 1
x27_4 = 1
x33_4 = 1
w2 = 1
w4 = 1
