Tiempo de corrida total: 0.252844
Tiempo de corrida recorrer el arbol: 0.229845
Valor de la funcion objetivo: 1
x2_3 = 1
x5_3 = 1
x6_3 = 1
x15_3 = 1
x23_3 = 1
x24_3 = 1
x25_3 = 1
x32_3 = 1
x35_3 = 1
x36_3 = 1
x37_3 = 1
x40_3 = 1
x42_3 = 1
x49_3 = 1
x50_3 = 1
w3 = 1
