Tiempo de corrida total: 1.63537
Tiempo de corrida recorrer el arbol: 1.61539
Valor de la funcion objetivo: 2
x1_12 = 1
x8_12 = 1
x32_12 = 1
x34_12 = 1
x43_12 = 1
x47_12 = 1
x48_12 = 1
x2_15 = 1
x17_15 = 1
x18_15 = 1
x20_15 = 1
x24_15 = 1
x33_15 = 1
x35_15 = 1
x44_15 = 1
w12 = 1
w15 = 1
