Tiempo de corrida total: 3.71835
Tiempo de corrida recorrer el arbol: 0.624682
Valor de la funcion objetivo: 3
x1_5 = 1
x24_5 = 1
x31_5 = 1
x37_5 = 1
x2_6 = 1
x3_6 = 1
x36_6 = 1
x46_6 = 1
x48_6 = 1
x50_6 = 1
x9_14 = 1
x16_14 = 1
x18_14 = 1
x41_14 = 1
x49_14 = 1
w5 = 1
w6 = 1
w14 = 1
