Tiempo de corrida total: 0.17191
Tiempo de corrida recorrer el arbol: 0.0707619
Valor de la funcion objetivo: 1
x35_5 = 1
x36_5 = 1
x40_5 = 1
x43_5 = 1
x46_5 = 1
w5 = 1
