Tiempo de corrida total: 8.07661
Tiempo de corrida recorrer el arbol: 8.00883
Valor de la funcion objetivo: 3
x6_2 = 1
x8_2 = 1
x10_2 = 1
x20_2 = 1
x31_2 = 1
x9_6 = 1
x24_6 = 1
x29_6 = 1
x37_6 = 1
x4_14 = 1
x12_14 = 1
x18_14 = 1
x19_14 = 1
x26_14 = 1
x27_14 = 1
w2 = 1
w6 = 1
w14 = 1
