Tiempo de corrida total: 0.291047
Tiempo de corrida recorrer el arbol: 0.271627
Valor de la funcion objetivo: 2
x6_5 = 1
x13_5 = 1
x17_5 = 1
x19_5 = 1
x28_5 = 1
x2_14 = 1
x5_14 = 1
x11_14 = 1
x16_14 = 1
x21_14 = 1
x22_14 = 1
x23_14 = 1
x25_14 = 1
x29_14 = 1
x30_14 = 1
w5 = 1
w14 = 1
