Tiempo de corrida total: 0.0727539
Tiempo de corrida recorrer el arbol: 0.0184751
Valor de la funcion objetivo: 2
x7_4 = 1
x20_4 = 1
x10_5 = 1
x17_5 = 1
x26_5 = 1
w4 = 1
w5 = 1
