Tiempo de corrida total: 0.831537
Tiempo de corrida recorrer el arbol: 0.799614
Valor de la funcion objetivo: 2
x2_2 = 1
x4_2 = 1
x7_2 = 1
x11_2 = 1
x18_2 = 1
x19_2 = 1
x24_2 = 1
x25_2 = 1
x26_2 = 1
x32_2 = 1
x36_2 = 1
x12_12 = 1
x13_12 = 1
x37_12 = 1
x39_12 = 1
w2 = 1
w12 = 1
