Tiempo de corrida total: 0.757424
Tiempo de corrida recorrer el arbol: 0.656335
Valor de la funcion objetivo: 2
x2_6 = 1
x5_6 = 1
x20_6 = 1
x39_6 = 1
x14_9 = 1
x16_9 = 1
x25_9 = 1
x29_9 = 1
x37_9 = 1
x38_9 = 1
w6 = 1
w9 = 1
