Tiempo de corrida total: 0.29682
Tiempo de corrida recorrer el arbol: 0.06411
Valor de la funcion objetivo: 2
x3_4 = 1
x5_4 = 1
x8_4 = 1
x9_4 = 1
x18_4 = 1
x22_4 = 1
x26_4 = 1
x29_4 = 1
x34_4 = 1
x37_4 = 1
x1_12 = 1
x11_12 = 1
x12_12 = 1
x13_12 = 1
x16_12 = 1
x30_12 = 1
x31_12 = 1
x32_12 = 1
x33_12 = 1
x36_12 = 1
w4 = 1
w12 = 1
