Tiempo de corrida total: 0.531525
Tiempo de corrida recorrer el arbol: 0.156688
Valor de la funcion objetivo: 2
x5_5 = 1
x13_5 = 1
x15_5 = 1
x21_5 = 1
x24_5 = 1
x6_8 = 1
x9_8 = 1
x17_8 = 1
x18_8 = 1
x37_8 = 1
w5 = 1
w8 = 1
