Tiempo de corrida total: 0.497899
Tiempo de corrida recorrer el arbol: 0.492239
Valor de la funcion objetivo: 2
x8_10 = 1
x9_10 = 1
x17_10 = 1
x19_10 = 1
x21_10 = 1
x22_10 = 1
x25_10 = 1
x27_10 = 1
x28_10 = 1
x29_10 = 1
x2_20 = 1
x3_20 = 1
x4_20 = 1
x5_20 = 1
x6_20 = 1
x10_20 = 1
x13_20 = 1
x14_20 = 1
x18_20 = 1
x26_20 = 1
w10 = 1
w20 = 1
