Tiempo de corrida total: 0.454447
Tiempo de corrida recorrer el arbol: 0.427129
Valor de la funcion objetivo: 2
x1_3 = 1
x21_3 = 1
x5_4 = 1
x15_4 = 1
x29_4 = 1
w3 = 1
w4 = 1
