Tiempo de corrida total: 0.122618
Tiempo de corrida recorrer el arbol: 0.025435
Valor de la funcion objetivo: 1
x5_1 = 1
x23_1 = 1
x28_1 = 1
x37_1 = 1
x41_1 = 1
w1 = 1
