Tiempo de corrida total: 0.100037
Tiempo de corrida recorrer el arbol: 0.036844
Valor de la funcion objetivo: 2
x3_16 = 1
x5_16 = 1
x8_16 = 1
x12_16 = 1
x16_16 = 1
x19_16 = 1
x24_16 = 1
x26_16 = 1
x27_16 = 1
x28_16 = 1
x1_19 = 1
x6_19 = 1
x9_19 = 1
x11_19 = 1
x14_19 = 1
x17_19 = 1
x23_19 = 1
x25_19 = 1
x29_19 = 1
x30_19 = 1
w16 = 1
w19 = 1
