Tiempo de corrida total: 0.257337
Tiempo de corrida recorrer el arbol: 0.104861
Valor de la funcion objetivo: 1
x4_4 = 1
x13_4 = 1
x22_4 = 1
x23_4 = 1
x32_4 = 1
w4 = 1
