Tiempo de corrida total: 6.12142
Tiempo de corrida recorrer el arbol: 6.02534
Valor de la funcion objetivo: 2
x1_5 = 1
x16_5 = 1
x24_5 = 1
x33_5 = 1
x37_5 = 1
x3_10 = 1
x12_10 = 1
x19_10 = 1
x25_10 = 1
x42_10 = 1
w5 = 1
w10 = 1
