Tiempo de corrida total: 0.261406
Tiempo de corrida recorrer el arbol: 0.255654
Valor de la funcion objetivo: 2
x1_1 = 1
x4_1 = 1
x8_1 = 1
x13_1 = 1
x15_1 = 1
x17_1 = 1
x18_1 = 1
x23_1 = 1
x30_1 = 1
x3_15 = 1
x16_15 = 1
x21_15 = 1
x24_15 = 1
x25_15 = 1
x27_15 = 1
w1 = 1
w15 = 1
