Tiempo de corrida total: 9.98423
Tiempo de corrida recorrer el arbol: 9.22911
Valor de la funcion objetivo: 3
x9_1 = 1
x22_1 = 1
x28_1 = 1
x33_1 = 1
x13_3 = 1
x15_3 = 1
x21_3 = 1
x11_7 = 1
x12_7 = 1
x37_7 = 1
w1 = 1
w3 = 1
w7 = 1
