Tiempo de corrida total: 8.39195
Tiempo de corrida recorrer el arbol: 7.83474
Valor de la funcion objetivo: 4
x8_4 = 1
x9_4 = 1
x20_4 = 1
x27_6 = 1
x36_6 = 1
x1_7 = 1
x26_7 = 1
x35_9 = 1
x38_9 = 1
x40_9 = 1
w4 = 1
w6 = 1
w7 = 1
w9 = 1
