Tiempo de corrida total: 0.0826991
Tiempo de corrida recorrer el arbol: 0.0650461
Valor de la funcion objetivo: 1
x17_5 = 1
x20_5 = 1
x24_5 = 1
x25_5 = 1
x34_5 = 1
w5 = 1
