Tiempo de corrida total: 1.57047
Tiempo de corrida recorrer el arbol: 1.54054
Valor de la funcion objetivo: 2
x2_10 = 1
x4_10 = 1
x10_10 = 1
x15_10 = 1
x16_10 = 1
x23_10 = 1
x28_10 = 1
x3_14 = 1
x8_14 = 1
x11_14 = 1
x12_14 = 1
x17_14 = 1
x18_14 = 1
x19_14 = 1
x30_14 = 1
w10 = 1
w14 = 1
