Tiempo de corrida total: 0.0287089
Tiempo de corrida recorrer el arbol: 0.0190871
Valor de la funcion objetivo: 1
x8_4 = 1
x14_4 = 1
x17_4 = 1
x18_4 = 1
x25_4 = 1
x29_4 = 1
x37_4 = 1
x42_4 = 1
x45_4 = 1
x46_4 = 1
w4 = 1
