Tiempo de corrida total: 0.623872
Tiempo de corrida recorrer el arbol: 0.618834
Valor de la funcion objetivo: 1
x13_10 = 1
x15_10 = 1
x16_10 = 1
x21_10 = 1
x27_10 = 1
x29_10 = 1
x30_10 = 1
x35_10 = 1
x41_10 = 1
x42_10 = 1
w10 = 1
