Tiempo de corrida total: 0.092634
Tiempo de corrida recorrer el arbol: 0.0587988
Valor de la funcion objetivo: 1
x5_7 = 1
x6_7 = 1
x13_7 = 1
x14_7 = 1
x16_7 = 1
x17_7 = 1
x20_7 = 1
x23_7 = 1
x34_7 = 1
x41_7 = 1
w7 = 1
