Tiempo de corrida total: 0.0375061
Tiempo de corrida recorrer el arbol: 0.00900102
Valor de la funcion objetivo: 1
x3_1 = 1
x9_1 = 1
x14_1 = 1
x17_1 = 1
x19_1 = 1
w1 = 1
