Tiempo de corrida total: 0.983933
Tiempo de corrida recorrer el arbol: 0.910143
Valor de la funcion objetivo: 2
x6_11 = 1
x20_11 = 1
x21_11 = 1
x25_11 = 1
x27_11 = 1
x33_11 = 1
x41_11 = 1
x48_11 = 1
x5_16 = 1
x16_16 = 1
x18_16 = 1
x19_16 = 1
x26_16 = 1
x29_16 = 1
x31_16 = 1
x37_16 = 1
x42_16 = 1
x44_16 = 1
x49_16 = 1
x50_16 = 1
w11 = 1
w16 = 1
