Tiempo de corrida total: 0.332042
Tiempo de corrida recorrer el arbol: 0.322482
Valor de la funcion objetivo: 2
x1_1 = 1
x2_1 = 1
x5_1 = 1
x6_1 = 1
x9_1 = 1
x18_1 = 1
x7_2 = 1
x10_2 = 1
x27_2 = 1
x32_2 = 1
w1 = 1
w2 = 1
