Tiempo de corrida total: 0.0358489
Tiempo de corrida recorrer el arbol: 0.0251231
Valor de la funcion objetivo: 1
x8_1 = 1
x9_1 = 1
x16_1 = 1
x20_1 = 1
x38_1 = 1
w1 = 1
