Tiempo de corrida total: 0.268562
Tiempo de corrida recorrer el arbol: 0.0354822
Valor de la funcion objetivo: 2
x2_8 = 1
x3_8 = 1
x6_8 = 1
x10_8 = 1
x18_8 = 1
x19_8 = 1
x20_8 = 1
x24_8 = 1
x38_8 = 1
x8_13 = 1
x12_13 = 1
x25_13 = 1
x29_13 = 1
x33_13 = 1
x35_13 = 1
w8 = 1
w13 = 1
