Tiempo de corrida total: 0.547082
Tiempo de corrida recorrer el arbol: 0.351773
Valor de la funcion objetivo: 2
x18_8 = 1
x31_8 = 1
x35_8 = 1
x40_8 = 1
x49_8 = 1
x11_9 = 1
x16_9 = 1
x20_9 = 1
x34_9 = 1
x38_9 = 1
w8 = 1
w9 = 1
