Tiempo de corrida total: 0.0824621
Tiempo de corrida recorrer el arbol: 0.0339189
Valor de la funcion objetivo: 2
x2_2 = 1
x23_2 = 1
x7_3 = 1
x10_3 = 1
x21_3 = 1
w2 = 1
w3 = 1
