Tiempo de corrida total: 0.0252061
Tiempo de corrida recorrer el arbol: 0.00948811
Valor de la funcion objetivo: 1
x2_4 = 1
x4_4 = 1
x8_4 = 1
x9_4 = 1
x14_4 = 1
w4 = 1
