Tiempo de corrida total: 0.013258
Tiempo de corrida recorrer el arbol: 0.0105829
Valor de la funcion objetivo: 1
x1_1 = 1
x3_1 = 1
x6_1 = 1
x11_1 = 1
x30_1 = 1
w1 = 1
