Tiempo de corrida total: 0.437289
Tiempo de corrida recorrer el arbol: 0.427326
Valor de la funcion objetivo: 2
x1_1 = 1
x4_1 = 1
x5_1 = 1
x10_1 = 1
x12_1 = 1
x14_1 = 1
x17_1 = 1
x19_1 = 1
x20_1 = 1
x25_1 = 1
x26_1 = 1
x28_1 = 1
x8_20 = 1
x11_20 = 1
x13_20 = 1
x15_20 = 1
x21_20 = 1
x23_20 = 1
x29_20 = 1
x30_20 = 1
w1 = 1
w20 = 1
