Tiempo de corrida total: 0.103251
Tiempo de corrida recorrer el arbol: 0.0418561
Valor de la funcion objetivo: 2
x1_4 = 1
x21_4 = 1
x22_4 = 1
x34_4 = 1
x36_4 = 1
x37_4 = 1
x3_7 = 1
x7_7 = 1
x8_7 = 1
x10_7 = 1
x23_7 = 1
x26_7 = 1
x29_7 = 1
x30_7 = 1
x33_7 = 1
w4 = 1
w7 = 1
