Tiempo de corrida total: 0.111148
Tiempo de corrida recorrer el arbol: 0.0608511
Valor de la funcion objetivo: 1
x4_9 = 1
x5_9 = 1
x7_9 = 1
x14_9 = 1
x16_9 = 1
x18_9 = 1
x21_9 = 1
x24_9 = 1
x32_9 = 1
x39_9 = 1
w9 = 1
