Tiempo de corrida total: 0.278694
Tiempo de corrida recorrer el arbol: 0.252846
Valor de la funcion objetivo: 2
x3_18 = 1
x4_18 = 1
x6_18 = 1
x10_18 = 1
x11_18 = 1
x19_18 = 1
x20_18 = 1
x24_18 = 1
x25_18 = 1
x26_18 = 1
x28_18 = 1
x5_20 = 1
x7_20 = 1
x9_20 = 1
x12_20 = 1
x14_20 = 1
x18_20 = 1
x22_20 = 1
x23_20 = 1
x30_20 = 1
w18 = 1
w20 = 1
