Tiempo de corrida total: 1.12396
Tiempo de corrida recorrer el arbol: 0.848147
Valor de la funcion objetivo: 2
x5_13 = 1
x15_13 = 1
x30_13 = 1
x32_13 = 1
x36_13 = 1
x37_13 = 1
x1_14 = 1
x3_14 = 1
x7_14 = 1
x10_14 = 1
x19_14 = 1
x21_14 = 1
x25_14 = 1
x26_14 = 1
x27_14 = 1
w13 = 1
w14 = 1
