Tiempo de corrida total: 0.178399
Tiempo de corrida recorrer el arbol: 0.0244222
Valor de la funcion objetivo: 3
x16_1 = 1
x19_1 = 1
x21_1 = 1
x24_1 = 1
x30_1 = 1
x1_8 = 1
x4_8 = 1
x5_8 = 1
x8_8 = 1
x18_8 = 1
x20_8 = 1
x23_8 = 1
x2_12 = 1
x6_12 = 1
x10_12 = 1
x14_12 = 1
x17_12 = 1
x25_12 = 1
x27_12 = 1
x29_12 = 1
w1 = 1
w8 = 1
w12 = 1
