Tiempo de corrida total: 0.121425
Tiempo de corrida recorrer el arbol: 0.0569329
Valor de la funcion objetivo: 1
x2_4 = 1
x11_4 = 1
x17_4 = 1
x21_4 = 1
x22_4 = 1
x24_4 = 1
x29_4 = 1
x38_4 = 1
x39_4 = 1
x40_4 = 1
w4 = 1
