Tiempo de corrida total: 0.713431
Tiempo de corrida recorrer el arbol: 0.672173
Valor de la funcion objetivo: 2
x5_7 = 1
x18_7 = 1
x26_7 = 1
x27_7 = 1
x29_7 = 1
x34_7 = 1
x40_7 = 1
x3_12 = 1
x4_12 = 1
x7_12 = 1
x8_12 = 1
x10_12 = 1
x24_12 = 1
x30_12 = 1
x31_12 = 1
w7 = 1
w12 = 1
