Tiempo de corrida total: 0.195477
Tiempo de corrida recorrer el arbol: 0.179116
Valor de la funcion objetivo: 2
x1_2 = 1
x12_2 = 1
x29_2 = 1
x16_5 = 1
x25_5 = 1
w2 = 1
w5 = 1
