Tiempo de corrida total: 0.0280638
Tiempo de corrida recorrer el arbol: 0.020978
Valor de la funcion objetivo: 1
x1_4 = 1
x5_4 = 1
x12_4 = 1
x13_4 = 1
x23_4 = 1
w4 = 1
