Tiempo de corrida total: 0.0289679
Tiempo de corrida recorrer el arbol: 0.0070858
Valor de la funcion objetivo: 1
x30_5 = 1
x36_5 = 1
x37_5 = 1
x39_5 = 1
x40_5 = 1
w5 = 1
