Tiempo de corrida total: 0.289714
Tiempo de corrida recorrer el arbol: 0.277936
Valor de la funcion objetivo: 1
x14_3 = 1
x25_3 = 1
x29_3 = 1
x34_3 = 1
x38_3 = 1
w3 = 1
