Tiempo de corrida total: 1.93244
Tiempo de corrida recorrer el arbol: 1.91508
Valor de la funcion objetivo: 2
x5_4 = 1
x9_4 = 1
x18_4 = 1
x19_4 = 1
x41_4 = 1
x4_10 = 1
x16_10 = 1
x25_10 = 1
x36_10 = 1
x50_10 = 1
w4 = 1
w10 = 1
