Tiempo de corrida total: 0.170019
Tiempo de corrida recorrer el arbol: 0.0447881
Valor de la funcion objetivo: 1
x3_3 = 1
x10_3 = 1
x24_3 = 1
x30_3 = 1
x34_3 = 1
w3 = 1
