Tiempo de corrida total: 0.0293109
Tiempo de corrida recorrer el arbol: 0.019733
Valor de la funcion objetivo: 1
x1_5 = 1
x5_5 = 1
x11_5 = 1
x13_5 = 1
x18_5 = 1
x20_5 = 1
x21_5 = 1
x25_5 = 1
x28_5 = 1
x30_5 = 1
w5 = 1
