Tiempo de corrida total: 0.670071
Tiempo de corrida recorrer el arbol: 0.489316
Valor de la funcion objetivo: 2
x10_1 = 1
x12_1 = 1
x16_1 = 1
x18_1 = 1
x29_1 = 1
x35_1 = 1
x36_1 = 1
x37_1 = 1
x5_12 = 1
x7_12 = 1
x11_12 = 1
x20_12 = 1
x21_12 = 1
x24_12 = 1
x26_12 = 1
w1 = 1
w12 = 1
