Tiempo de corrida total: 0.154153
Tiempo de corrida recorrer el arbol: 0.0577719
Valor de la funcion objetivo: 2
x5_4 = 1
x27_4 = 1
x40_4 = 1
x4_5 = 1
x31_5 = 1
w4 = 1
w5 = 1
