Tiempo de corrida total: 5.78464
Tiempo de corrida recorrer el arbol: 5.71141
Valor de la funcion objetivo: 2
x13_10 = 1
x27_10 = 1
x30_10 = 1
x31_10 = 1
x38_10 = 1
x50_10 = 1
x2_12 = 1
x5_12 = 1
x12_12 = 1
x15_12 = 1
x20_12 = 1
x23_12 = 1
x24_12 = 1
x25_12 = 1
x33_12 = 1
w10 = 1
w12 = 1
