Tiempo de corrida total: 0.253448
Tiempo de corrida recorrer el arbol: 0.0643768
Valor de la funcion objetivo: 1
x2_4 = 1
x7_4 = 1
x17_4 = 1
x31_4 = 1
x40_4 = 1
w4 = 1
