Tiempo de corrida total: 0.331553
Tiempo de corrida recorrer el arbol: 0.0976369
Valor de la funcion objetivo: 2
x3_4 = 1
x5_4 = 1
x6_4 = 1
x7_4 = 1
x12_4 = 1
x34_4 = 1
x9_10 = 1
x10_10 = 1
x13_10 = 1
x15_10 = 1
x24_10 = 1
x25_10 = 1
x27_10 = 1
x29_10 = 1
x30_10 = 1
w4 = 1
w10 = 1
