Tiempo de corrida total: 1.33601
Tiempo de corrida recorrer el arbol: 0.482954
Valor de la funcion objetivo: 2
x12_4 = 1
x21_4 = 1
x28_4 = 1
x32_4 = 1
x34_4 = 1
x35_4 = 1
x37_4 = 1
x40_4 = 1
x1_12 = 1
x2_12 = 1
x3_12 = 1
x5_12 = 1
x18_12 = 1
x23_12 = 1
x36_12 = 1
w4 = 1
w12 = 1
