Tiempo de corrida total: 9.55052
Tiempo de corrida recorrer el arbol: 9.50797
Valor de la funcion objetivo: 3
x6_8 = 1
x13_8 = 1
x14_8 = 1
x17_8 = 1
x24_8 = 1
x27_8 = 1
x29_8 = 1
x4_11 = 1
x10_11 = 1
x16_11 = 1
x18_11 = 1
x19_11 = 1
x25_11 = 1
x30_11 = 1
x3_14 = 1
x9_14 = 1
x20_14 = 1
x22_14 = 1
x23_14 = 1
x28_14 = 1
w8 = 1
w11 = 1
w14 = 1
