Tiempo de corrida total: 0.160529
Tiempo de corrida recorrer el arbol: 0.0390451
Valor de la funcion objetivo: 2
x10_15 = 1
x19_15 = 1
x23_15 = 1
x24_15 = 1
x26_15 = 1
x34_15 = 1
x35_15 = 1
x36_15 = 1
x1_16 = 1
x3_16 = 1
x6_16 = 1
x8_16 = 1
x17_16 = 1
x20_16 = 1
x25_16 = 1
x27_16 = 1
x28_16 = 1
x32_16 = 1
x37_16 = 1
x40_16 = 1
w15 = 1
w16 = 1
