Tiempo de corrida total: 0.437887
Tiempo de corrida recorrer el arbol: 0.376667
Valor de la funcion objetivo: 3
x10_1 = 1
x15_1 = 1
x6_3 = 1
x26_5 = 1
x29_5 = 1
w1 = 1
w3 = 1
w5 = 1
