Tiempo de corrida total: 8.37841
Tiempo de corrida recorrer el arbol: 7.93399
Valor de la funcion objetivo: 4
x1_2 = 1
x13_2 = 1
x21_2 = 1
x18_6 = 1
x19_6 = 1
x27_6 = 1
x4_13 = 1
x10_13 = 1
x15_13 = 1
x23_13 = 1
x25_13 = 1
x5_14 = 1
x16_14 = 1
x17_14 = 1
x26_14 = 1
w2 = 1
w6 = 1
w13 = 1
w14 = 1
