Tiempo de corrida total: 0.224528
Tiempo de corrida recorrer el arbol: 0.111674
Valor de la funcion objetivo: 1
x6_9 = 1
x11_9 = 1
x22_9 = 1
x26_9 = 1
x30_9 = 1
x32_9 = 1
x36_9 = 1
x40_9 = 1
x43_9 = 1
x44_9 = 1
w9 = 1
