Tiempo de corrida total: 0.51696
Tiempo de corrida recorrer el arbol: 0.502152
Valor de la funcion objetivo: 2
x26_4 = 1
x32_4 = 1
x12_5 = 1
x19_5 = 1
x24_5 = 1
w4 = 1
w5 = 1
