Tiempo de corrida total: 2.74676
Tiempo de corrida recorrer el arbol: 0.519091
Valor de la funcion objetivo: 2
x26_6 = 1
x28_6 = 1
x39_6 = 1
x41_6 = 1
x50_6 = 1
x2_10 = 1
x3_10 = 1
x13_10 = 1
x29_10 = 1
x42_10 = 1
w6 = 1
w10 = 1
