Tiempo de corrida total: 1.65654
Tiempo de corrida recorrer el arbol: 1.52184
Valor de la funcion objetivo: 2
x1_13 = 1
x2_13 = 1
x5_13 = 1
x8_13 = 1
x14_13 = 1
x16_13 = 1
x17_13 = 1
x19_13 = 1
x22_13 = 1
x23_13 = 1
x34_13 = 1
x35_13 = 1
x39_13 = 1
x33_14 = 1
x36_14 = 1
w13 = 1
w14 = 1
