Tiempo de corrida total: 0.337535
Tiempo de corrida recorrer el arbol: 0.308205
Valor de la funcion objetivo: 2
x1_18 = 1
x5_18 = 1
x7_18 = 1
x12_18 = 1
x18_18 = 1
x23_18 = 1
x25_18 = 1
x28_18 = 1
x3_19 = 1
x4_19 = 1
x8_19 = 1
x9_19 = 1
x10_19 = 1
x14_19 = 1
x19_19 = 1
x20_19 = 1
x24_19 = 1
x26_19 = 1
x27_19 = 1
x30_19 = 1
w18 = 1
w19 = 1
