Tiempo de corrida total: 0.0854759
Tiempo de corrida recorrer el arbol: 0.013442
Valor de la funcion objetivo: 2
x10_6 = 1
x11_6 = 1
x17_6 = 1
x20_6 = 1
x23_6 = 1
x28_6 = 1
x2_9 = 1
x4_9 = 1
x6_9 = 1
x12_9 = 1
x13_9 = 1
x16_9 = 1
x21_9 = 1
x29_9 = 1
x30_9 = 1
w6 = 1
w9 = 1
