Tiempo de corrida total: 1.09857
Tiempo de corrida recorrer el arbol: 0.979098
Valor de la funcion objetivo: 1
x3_3 = 1
x8_3 = 1
x20_3 = 1
x21_3 = 1
x24_3 = 1
x29_3 = 1
x36_3 = 1
x37_3 = 1
x38_3 = 1
x39_3 = 1
w3 = 1
