Tiempo de corrida total: 0.559433
Tiempo de corrida recorrer el arbol: 0.545857
Valor de la funcion objetivo: 1
x1_8 = 1
x10_8 = 1
x11_8 = 1
x16_8 = 1
x31_8 = 1
x32_8 = 1
x41_8 = 1
x42_8 = 1
x45_8 = 1
x47_8 = 1
w8 = 1
