Tiempo de corrida total: 0.473637
Tiempo de corrida recorrer el arbol: 0.433934
Valor de la funcion objetivo: 2
x13_1 = 1
x30_1 = 1
x12_2 = 1
x19_2 = 1
x27_2 = 1
w1 = 1
w2 = 1
