Tiempo de corrida total: 1.25358
Tiempo de corrida recorrer el arbol: 1.24829
Valor de la funcion objetivo: 3
x3_1 = 1
x10_1 = 1
x24_1 = 1
x27_1 = 1
x29_1 = 1
x1_5 = 1
x2_5 = 1
x4_5 = 1
x7_5 = 1
x14_5 = 1
x5_15 = 1
x11_15 = 1
x13_15 = 1
x17_15 = 1
x21_15 = 1
w1 = 1
w5 = 1
w15 = 1
