Tiempo de corrida total: 7.22291
Tiempo de corrida recorrer el arbol: 4.66909
Valor de la funcion objetivo: 3
x1_8 = 1
x2_8 = 1
x14_8 = 1
x17_8 = 1
x22_8 = 1
x25_8 = 1
x3_10 = 1
x19_10 = 1
x34_10 = 1
x40_10 = 1
x6_12 = 1
x23_12 = 1
x28_12 = 1
x31_12 = 1
x32_12 = 1
w8 = 1
w10 = 1
w12 = 1
