Tiempo de corrida total: 0.514173
Tiempo de corrida recorrer el arbol: 0.500257
Valor de la funcion objetivo: 2
x6_2 = 1
x14_2 = 1
x18_2 = 1
x30_2 = 1
x32_2 = 1
x4_5 = 1
x20_5 = 1
x26_5 = 1
x29_5 = 1
x39_5 = 1
w2 = 1
w5 = 1
