Tiempo de corrida total: 0.779424
Tiempo de corrida recorrer el arbol: 0.69286
Valor de la funcion objetivo: 2
x24_3 = 1
x39_3 = 1
x19_4 = 1
x36_4 = 1
x37_4 = 1
w3 = 1
w4 = 1
