Tiempo de corrida total: 0.188123
Tiempo de corrida recorrer el arbol: 0.0611198
Valor de la funcion objetivo: 2
x2_15 = 1
x16_15 = 1
x18_15 = 1
x24_15 = 1
x25_15 = 1
x27_15 = 1
x29_15 = 1
x34_15 = 1
x37_15 = 1
x3_20 = 1
x13_20 = 1
x15_20 = 1
x17_20 = 1
x20_20 = 1
x23_20 = 1
x26_20 = 1
x30_20 = 1
x33_20 = 1
x39_20 = 1
x40_20 = 1
w15 = 1
w20 = 1
