Tiempo de corrida total: 1.02305
Tiempo de corrida recorrer el arbol: 0.426121
Valor de la funcion objetivo: 2
x11_7 = 1
x27_7 = 1
x37_7 = 1
x44_7 = 1
x1_10 = 1
x13_10 = 1
x19_10 = 1
x20_10 = 1
x36_10 = 1
x48_10 = 1
w7 = 1
w10 = 1
