Tiempo de corrida total: 0.301928
Tiempo de corrida recorrer el arbol: 0.059912
Valor de la funcion objetivo: 3
x7_3 = 1
x13_3 = 1
x17_3 = 1
x25_3 = 1
x32_3 = 1
x35_3 = 1
x36_3 = 1
x15_15 = 1
x16_15 = 1
x19_15 = 1
x29_15 = 1
x33_15 = 1
x3_20 = 1
x10_20 = 1
x12_20 = 1
x14_20 = 1
x18_20 = 1
x20_20 = 1
x26_20 = 1
x31_20 = 1
w3 = 1
w15 = 1
w20 = 1
