Tiempo de corrida total: 0.510657
Tiempo de corrida recorrer el arbol: 0.426442
Valor de la funcion objetivo: 2
x18_3 = 1
x20_3 = 1
x27_3 = 1
x25_5 = 1
x38_5 = 1
w3 = 1
w5 = 1
