Tiempo de corrida total: 0.114932
Tiempo de corrida recorrer el arbol: 0.0858181
Valor de la funcion objetivo: 1
x2_4 = 1
x3_4 = 1
x5_4 = 1
x8_4 = 1
x10_4 = 1
x11_4 = 1
x12_4 = 1
x19_4 = 1
x25_4 = 1
x34_4 = 1
x40_4 = 1
x42_4 = 1
x46_4 = 1
x47_4 = 1
x49_4 = 1
w4 = 1
