Tiempo de corrida total: 0.100786
Tiempo de corrida recorrer el arbol: 0.0261209
Valor de la funcion objetivo: 2
x8_9 = 1
x10_9 = 1
x19_9 = 1
x22_9 = 1
x24_9 = 1
x29_9 = 1
x30_9 = 1
x3_12 = 1
x4_12 = 1
x5_12 = 1
x17_12 = 1
x20_12 = 1
x23_12 = 1
x25_12 = 1
x28_12 = 1
w9 = 1
w12 = 1
