Tiempo de corrida total: 0.247843
Tiempo de corrida recorrer el arbol: 0.0596941
Valor de la funcion objetivo: 2
x2_5 = 1
x10_5 = 1
x16_5 = 1
x26_5 = 1
x27_5 = 1
x31_5 = 1
x37_5 = 1
x38_5 = 1
x40_5 = 1
x1_11 = 1
x5_11 = 1
x12_11 = 1
x13_11 = 1
x17_11 = 1
x18_11 = 1
x19_11 = 1
x24_11 = 1
x29_11 = 1
x33_11 = 1
x34_11 = 1
w5 = 1
w11 = 1
