Tiempo de corrida total: 4.97606
Tiempo de corrida recorrer el arbol: 4.31678
Valor de la funcion objetivo: 3
x17_5 = 1
x39_5 = 1
x10_7 = 1
x15_7 = 1
x25_7 = 1
x40_7 = 1
x4_8 = 1
x12_8 = 1
x31_8 = 1
x33_8 = 1
w5 = 1
w7 = 1
w8 = 1
