Tiempo de corrida total: 0.164262
Tiempo de corrida recorrer el arbol: 0.053766
Valor de la funcion objetivo: 1
x7_14 = 1
x8_14 = 1
x9_14 = 1
x10_14 = 1
x16_14 = 1
x21_14 = 1
x23_14 = 1
x25_14 = 1
x26_14 = 1
x27_14 = 1
x29_14 = 1
x30_14 = 1
x32_14 = 1
x33_14 = 1
x37_14 = 1
w14 = 1
