Tiempo de corrida total: 0.0841842
Tiempo de corrida recorrer el arbol: 0.026423
Valor de la funcion objetivo: 2
x6_3 = 1
x8_3 = 1
x25_3 = 1
x2_9 = 1
x12_9 = 1
x16_9 = 1
x17_9 = 1
x23_9 = 1
x29_9 = 1
x30_9 = 1
w3 = 1
w9 = 1
