Tiempo de corrida total: 9.06096
Tiempo de corrida recorrer el arbol: 8.95043
Valor de la funcion objetivo: 3
x10_1 = 1
x34_1 = 1
x37_1 = 1
x38_1 = 1
x48_1 = 1
x12_5 = 1
x18_5 = 1
x26_5 = 1
x40_5 = 1
x49_5 = 1
x3_7 = 1
x22_7 = 1
x45_7 = 1
x46_7 = 1
x50_7 = 1
w1 = 1
w5 = 1
w7 = 1
