Tiempo de corrida total: 0.027179
Tiempo de corrida recorrer el arbol: 0.00724101
Valor de la funcion objetivo: 1
x7_3 = 1
x11_3 = 1
x12_3 = 1
x22_3 = 1
x33_3 = 1
w3 = 1
