Tiempo de corrida total: 1.32572
Tiempo de corrida recorrer el arbol: 1.28009
Valor de la funcion objetivo: 2
x3_2 = 1
x6_2 = 1
x12_2 = 1
x24_2 = 1
x34_2 = 1
x35_2 = 1
x36_2 = 1
x5_12 = 1
x16_12 = 1
x20_12 = 1
x21_12 = 1
x26_12 = 1
x27_12 = 1
x39_12 = 1
x40_12 = 1
w2 = 1
w12 = 1
