Tiempo de corrida total: 0.205476
Tiempo de corrida recorrer el arbol: 0.190612
Valor de la funcion objetivo: 2
x4_1 = 1
x8_1 = 1
x5_3 = 1
x6_3 = 1
x7_3 = 1
w1 = 1
w3 = 1
