Tiempo de corrida total: 0.738173
Tiempo de corrida recorrer el arbol: 0.707603
Valor de la funcion objetivo: 2
x32_2 = 1
x39_2 = 1
x7_5 = 1
x19_5 = 1
x21_5 = 1
w2 = 1
w5 = 1
