Tiempo de corrida total: 0.0123589
Tiempo de corrida recorrer el arbol: 0.00525403
Valor de la funcion objetivo: 1
x2_3 = 1
x4_3 = 1
x5_3 = 1
x7_3 = 1
x9_3 = 1
w3 = 1
