Tiempo de corrida total: 0.192833
Tiempo de corrida recorrer el arbol: 0.181152
Valor de la funcion objetivo: 2
x8_3 = 1
x9_3 = 1
x14_3 = 1
x16_3 = 1
x28_5 = 1
w3 = 1
w5 = 1
