Tiempo de corrida total: 2.60713
Tiempo de corrida recorrer el arbol: 2.55177
Valor de la funcion objetivo: 1
x11_5 = 1
x16_5 = 1
x23_5 = 1
x29_5 = 1
x35_5 = 1
x37_5 = 1
x38_5 = 1
x42_5 = 1
x43_5 = 1
x49_5 = 1
w5 = 1
