Tiempo de corrida total: 0.537414
Tiempo de corrida recorrer el arbol: 0.528995
Valor de la funcion objetivo: 2
x1_1 = 1
x2_1 = 1
x8_1 = 1
x12_1 = 1
x16_1 = 1
x23_1 = 1
x26_1 = 1
x30_1 = 1
x31_2 = 1
x35_2 = 1
w1 = 1
w2 = 1
