Tiempo de corrida total: 3.49202
Tiempo de corrida recorrer el arbol: 3.37988
Valor de la funcion objetivo: 2
x1_6 = 1
x12_6 = 1
x19_6 = 1
x20_6 = 1
x32_6 = 1
x36_6 = 1
x38_6 = 1
x40_6 = 1
x7_7 = 1
x11_7 = 1
x16_7 = 1
x26_7 = 1
x29_7 = 1
x30_7 = 1
x31_7 = 1
x34_7 = 1
x45_7 = 1
x46_7 = 1
x47_7 = 1
x48_7 = 1
w6 = 1
w7 = 1
