Tiempo de corrida total: 0.068891
Tiempo de corrida recorrer el arbol: 0.0487239
Valor de la funcion objetivo: 1
x1_3 = 1
x2_3 = 1
x5_3 = 1
x11_3 = 1
x22_3 = 1
x24_3 = 1
x27_3 = 1
x35_3 = 1
x37_3 = 1
x38_3 = 1
w3 = 1
