Tiempo de corrida total: 0.152265
Tiempo de corrida recorrer el arbol: 0.0523961
Valor de la funcion objetivo: 2
x27_4 = 1
x28_4 = 1
x18_5 = 1
x20_5 = 1
x30_5 = 1
w4 = 1
w5 = 1
