Tiempo de corrida total: 0.306194
Tiempo de corrida recorrer el arbol: 0.296136
Valor de la funcion objetivo: 1
x3_2 = 1
x8_2 = 1
x20_2 = 1
x21_2 = 1
x24_2 = 1
x29_2 = 1
x36_2 = 1
x37_2 = 1
x38_2 = 1
x39_2 = 1
w2 = 1
