Tiempo de corrida total: 2.76332
Tiempo de corrida recorrer el arbol: 2.75815
Valor de la funcion objetivo: 3
x2_1 = 1
x10_1 = 1
x13_1 = 1
x15_1 = 1
x21_1 = 1
x24_1 = 1
x28_1 = 1
x29_1 = 1
x11_2 = 1
x16_2 = 1
x25_2 = 1
x8_14 = 1
x18_14 = 1
x27_14 = 1
x30_14 = 1
w1 = 1
w2 = 1
w14 = 1
