Tiempo de corrida total: 2.70624
Tiempo de corrida recorrer el arbol: 2.57395
Valor de la funcion objetivo: 2
x7_5 = 1
x9_5 = 1
x11_5 = 1
x22_5 = 1
x23_5 = 1
x28_5 = 1
x3_6 = 1
x20_6 = 1
x27_6 = 1
x29_6 = 1
w5 = 1
w6 = 1
