Tiempo de corrida total: 0.141682
Tiempo de corrida recorrer el arbol: 0.0165529
Valor de la funcion objetivo: 1
x12_4 = 1
x23_4 = 1
x29_4 = 1
x36_4 = 1
x38_4 = 1
w4 = 1
