Tiempo de corrida total: 1.53996
Tiempo de corrida recorrer el arbol: 1.35812
Valor de la funcion objetivo: 2
x2_9 = 1
x4_9 = 1
x6_9 = 1
x10_9 = 1
x15_9 = 1
x1_10 = 1
x5_10 = 1
x7_10 = 1
x18_10 = 1
x30_10 = 1
w9 = 1
w10 = 1
