Tiempo de corrida total: 0.267782
Tiempo de corrida recorrer el arbol: 0.259585
Valor de la funcion objetivo: 2
x10_1 = 1
x16_1 = 1
x25_1 = 1
x29_1 = 1
x32_1 = 1
x36_1 = 1
x37_1 = 1
x40_1 = 1
x3_14 = 1
x5_14 = 1
x17_14 = 1
x20_14 = 1
x21_14 = 1
x33_14 = 1
x34_14 = 1
w1 = 1
w14 = 1
