Tiempo de corrida total: 5.29296
Tiempo de corrida recorrer el arbol: 5.18957
Valor de la funcion objetivo: 3
x3_1 = 1
x20_1 = 1
x7_12 = 1
x13_12 = 1
x25_12 = 1
x33_12 = 1
x36_12 = 1
x37_12 = 1
x49_12 = 1
x14_14 = 1
x16_14 = 1
x21_14 = 1
x31_14 = 1
x34_14 = 1
x48_14 = 1
w1 = 1
w12 = 1
w14 = 1
