Tiempo de corrida total: 0.662784
Tiempo de corrida recorrer el arbol: 0.660232
Valor de la funcion objetivo: 2
x10_1 = 1
x19_1 = 1
x24_1 = 1
x2_9 = 1
x8_9 = 1
x9_9 = 1
x26_9 = 1
x27_9 = 1
x34_9 = 1
x37_9 = 1
w1 = 1
w9 = 1
