Tiempo de corrida total: 4.35943
Tiempo de corrida recorrer el arbol: 4.31178
Valor de la funcion objetivo: 3
x4_16 = 1
x9_16 = 1
x10_16 = 1
x12_16 = 1
x18_16 = 1
x19_16 = 1
x25_16 = 1
x3_17 = 1
x14_17 = 1
x20_17 = 1
x21_17 = 1
x23_17 = 1
x26_17 = 1
x29_17 = 1
x11_18 = 1
x13_18 = 1
x17_18 = 1
x24_18 = 1
x27_18 = 1
x28_18 = 1
w16 = 1
w17 = 1
w18 = 1
