Tiempo de corrida total: 0.129542
Tiempo de corrida recorrer el arbol: 0.0208821
Valor de la funcion objetivo: 1
x2_3 = 1
x4_3 = 1
x8_3 = 1
x9_3 = 1
x25_3 = 1
w3 = 1
