Tiempo de corrida total: 0.24142
Tiempo de corrida recorrer el arbol: 0.02549
Valor de la funcion objetivo: 2
x4_2 = 1
x11_2 = 1
x12_2 = 1
x18_2 = 1
x20_2 = 1
x22_2 = 1
x23_2 = 1
x27_2 = 1
x33_2 = 1
x34_2 = 1
x40_2 = 1
x2_14 = 1
x25_14 = 1
x26_14 = 1
x30_14 = 1
w2 = 1
w14 = 1
