Tiempo de corrida total: 0.647994
Tiempo de corrida recorrer el arbol: 0.630966
Valor de la funcion objetivo: 2
x13_4 = 1
x14_4 = 1
x17_4 = 1
x19_4 = 1
x20_4 = 1
x21_4 = 1
x29_4 = 1
x37_4 = 1
x2_7 = 1
x5_7 = 1
x8_7 = 1
x9_7 = 1
x10_7 = 1
x25_7 = 1
x38_7 = 1
w4 = 1
w7 = 1
