Tiempo de corrida total: 0.135219
Tiempo de corrida recorrer el arbol: 0.0240822
Valor de la funcion objetivo: 1
x7_10 = 1
x11_10 = 1
x18_10 = 1
x22_10 = 1
x35_10 = 1
x37_10 = 1
x43_10 = 1
x44_10 = 1
x49_10 = 1
x50_10 = 1
w10 = 1
