Tiempo de corrida total: 0.01824
Tiempo de corrida recorrer el arbol: 0.0160489
Valor de la funcion objetivo: 1
x1_1 = 1
x2_1 = 1
x3_1 = 1
x4_1 = 1
x5_1 = 1
x10_1 = 1
x11_1 = 1
x24_1 = 1
x27_1 = 1
x30_1 = 1
w1 = 1
