Tiempo de corrida total: 0.150682
Tiempo de corrida recorrer el arbol: 0.0257709
Valor de la funcion objetivo: 2
x25_8 = 1
x26_8 = 1
x27_8 = 1
x28_8 = 1
x29_8 = 1
x32_8 = 1
x1_9 = 1
x15_9 = 1
x34_9 = 1
x40_9 = 1
w8 = 1
w9 = 1
