Tiempo de corrida total: 3.57468
Tiempo de corrida recorrer el arbol: 3.52021
Valor de la funcion objetivo: 3
x3_14 = 1
x9_14 = 1
x20_14 = 1
x29_14 = 1
x1_17 = 1
x6_17 = 1
x12_17 = 1
x17_17 = 1
x19_17 = 1
x23_17 = 1
x25_17 = 1
x26_17 = 1
x28_17 = 1
x30_17 = 1
x4_20 = 1
x11_20 = 1
x15_20 = 1
x16_20 = 1
x18_20 = 1
x21_20 = 1
w14 = 1
w17 = 1
w20 = 1
