Tiempo de corrida total: 0.0155602
Tiempo de corrida recorrer el arbol: 0.013778
Valor de la funcion objetivo: 1
x1_1 = 1
x4_1 = 1
x5_1 = 1
x7_1 = 1
x9_1 = 1
x13_1 = 1
x15_1 = 1
x23_1 = 1
x26_1 = 1
x38_1 = 1
w1 = 1
