Tiempo de corrida total: 0.164082
Tiempo de corrida recorrer el arbol: 0.157557
Valor de la funcion objetivo: 2
x8_2 = 1
x14_2 = 1
x25_2 = 1
x12_5 = 1
x20_5 = 1
w2 = 1
w5 = 1
