Tiempo de corrida total: 3.00232
Tiempo de corrida recorrer el arbol: 0.565813
Valor de la funcion objetivo: 3
x10_1 = 1
x19_1 = 1
x27_1 = 1
x34_1 = 1
x36_1 = 1
x5_2 = 1
x9_2 = 1
x12_2 = 1
x25_2 = 1
x29_2 = 1
x2_11 = 1
x8_11 = 1
x13_11 = 1
x15_11 = 1
x28_11 = 1
w1 = 1
w2 = 1
w11 = 1
