Tiempo de corrida total: 0.499236
Tiempo de corrida recorrer el arbol: 0.14476
Valor de la funcion objetivo: 2
x7_8 = 1
x19_8 = 1
x23_8 = 1
x25_8 = 1
x36_8 = 1
x38_8 = 1
x40_8 = 1
x41_8 = 1
x43_8 = 1
x47_8 = 1
x1_18 = 1
x3_18 = 1
x6_18 = 1
x9_18 = 1
x12_18 = 1
x18_18 = 1
x28_18 = 1
x29_18 = 1
x35_18 = 1
x44_18 = 1
w8 = 1
w18 = 1
