Tiempo de corrida total: 1.62601
Tiempo de corrida recorrer el arbol: 1.58822
Valor de la funcion objetivo: 2
x1_1 = 1
x2_1 = 1
x4_1 = 1
x9_1 = 1
x18_1 = 1
x21_1 = 1
x39_1 = 1
x40_1 = 1
x6_10 = 1
x7_10 = 1
w1 = 1
w10 = 1
