Tiempo de corrida total: 0.601147
Tiempo de corrida recorrer el arbol: 0.0664752
Valor de la funcion objetivo: 1
x6_4 = 1
x23_4 = 1
x24_4 = 1
x37_4 = 1
x40_4 = 1
w4 = 1
