Tiempo de corrida total: 0.412504
Tiempo de corrida recorrer el arbol: 0.403798
Valor de la funcion objetivo: 2
x9_1 = 1
x23_1 = 1
x26_1 = 1
x13_4 = 1
x25_4 = 1
w1 = 1
w4 = 1
