Tiempo de corrida total: 0.70244
Tiempo de corrida recorrer el arbol: 0.695963
Valor de la funcion objetivo: 2
x4_1 = 1
x14_1 = 1
x28_1 = 1
x2_2 = 1
x16_2 = 1
w1 = 1
w2 = 1
