Tiempo de corrida total: 0.852628
Tiempo de corrida recorrer el arbol: 0.685265
Valor de la funcion objetivo: 5
x11_2 = 1
x12_2 = 1
x9_3 = 1
x16_3 = 1
x5_4 = 1
x10_4 = 1
x7_7 = 1
x13_7 = 1
x19_10 = 1
x28_10 = 1
w2 = 1
w3 = 1
w4 = 1
w7 = 1
w10 = 1
