Tiempo de corrida total: 1.42182
Tiempo de corrida recorrer el arbol: 1.31261
Valor de la funcion objetivo: 2
x17_5 = 1
x19_5 = 1
x39_5 = 1
x5_9 = 1
x8_9 = 1
x15_9 = 1
x18_9 = 1
x21_9 = 1
x22_9 = 1
x37_9 = 1
w5 = 1
w9 = 1
