Tiempo de corrida total: 0.0135882
Tiempo de corrida recorrer el arbol: 0.010936
Valor de la funcion objetivo: 1
x1_1 = 1
x4_1 = 1
x6_1 = 1
x12_1 = 1
x14_1 = 1
w1 = 1
