Tiempo de corrida total: 0.381561
Tiempo de corrida recorrer el arbol: 0.312996
Valor de la funcion objetivo: 1
x3_2 = 1
x5_2 = 1
x6_2 = 1
x8_2 = 1
x10_2 = 1
x12_2 = 1
x18_2 = 1
x24_2 = 1
x28_2 = 1
x29_2 = 1
x37_2 = 1
x40_2 = 1
x46_2 = 1
x47_2 = 1
x49_2 = 1
w2 = 1
