Tiempo de corrida total: 0.651604
Tiempo de corrida recorrer el arbol: 0.641799
Valor de la funcion objetivo: 2
x10_2 = 1
x20_2 = 1
x27_2 = 1
x32_2 = 1
x34_2 = 1
x35_2 = 1
x37_2 = 1
x5_15 = 1
x17_15 = 1
x22_15 = 1
x29_15 = 1
x40_15 = 1
x43_15 = 1
x46_15 = 1
x49_15 = 1
w2 = 1
w15 = 1
