Tiempo de corrida total: 0.0638671
Tiempo de corrida recorrer el arbol: 0.0272741
Valor de la funcion objetivo: 1
x4_5 = 1
x5_5 = 1
x9_5 = 1
x30_5 = 1
x35_5 = 1
w5 = 1
