Tiempo de corrida total: 0.067559
Tiempo de corrida recorrer el arbol: 0.065407
Valor de la funcion objetivo: 1
x5_5 = 1
x9_5 = 1
x15_5 = 1
x20_5 = 1
x30_5 = 1
w5 = 1
