Tiempo de corrida total: 0.840428
Tiempo de corrida recorrer el arbol: 0.0772929
Valor de la funcion objetivo: 3
x9_5 = 1
x15_5 = 1
x16_5 = 1
x19_5 = 1
x20_5 = 1
x25_5 = 1
x28_5 = 1
x29_5 = 1
x1_14 = 1
x7_14 = 1
x8_14 = 1
x11_14 = 1
x24_14 = 1
x3_18 = 1
x5_18 = 1
x17_18 = 1
x32_18 = 1
x34_18 = 1
x36_18 = 1
x37_18 = 1
w5 = 1
w14 = 1
w18 = 1
