Tiempo de corrida total: 0.0054369
Tiempo de corrida recorrer el arbol: 0.00379801
Valor de la funcion objetivo: 1
x1_1 = 1
x2_1 = 1
x6_1 = 1
x8_1 = 1
x17_1 = 1
w1 = 1
