Tiempo de corrida total: 0.13647
Tiempo de corrida recorrer el arbol: 0.0295701
Valor de la funcion objetivo: 1
x4_1 = 1
x16_1 = 1
x27_1 = 1
x32_1 = 1
x34_1 = 1
w1 = 1
