Tiempo de corrida total: 0.228084
Tiempo de corrida recorrer el arbol: 0.0782099
Valor de la funcion objetivo: 2
x3_6 = 1
x4_6 = 1
x11_6 = 1
x12_6 = 1
x19_6 = 1
x27_6 = 1
x36_6 = 1
x9_10 = 1
x10_10 = 1
x13_10 = 1
x16_10 = 1
x18_10 = 1
x20_10 = 1
x24_10 = 1
x25_10 = 1
x28_10 = 1
x30_10 = 1
x31_10 = 1
x32_10 = 1
x37_10 = 1
w6 = 1
w10 = 1
