Tiempo de corrida total: 4.70281
Tiempo de corrida recorrer el arbol: 4.31433
Valor de la funcion objetivo: 2
x11_5 = 1
x12_5 = 1
x34_5 = 1
x39_5 = 1
x42_5 = 1
x43_5 = 1
x44_5 = 1
x48_5 = 1
x27_10 = 1
x40_10 = 1
w5 = 1
w10 = 1
