Tiempo de corrida total: 0.746821
Tiempo de corrida recorrer el arbol: 0.644308
Valor de la funcion objetivo: 2
x6_4 = 1
x25_4 = 1
x3_5 = 1
x17_5 = 1
x40_5 = 1
w4 = 1
w5 = 1
