Tiempo de corrida total: 0.00955296
Tiempo de corrida recorrer el arbol: 0.00568795
Valor de la funcion objetivo: 1
x21_2 = 1
x25_2 = 1
x27_2 = 1
x29_2 = 1
x30_2 = 1
w2 = 1
