Tiempo de corrida total: 0.076175
Tiempo de corrida recorrer el arbol: 0.0283971
Valor de la funcion objetivo: 1
x9_2 = 1
x10_2 = 1
x12_2 = 1
x15_2 = 1
x26_2 = 1
w2 = 1
