Tiempo de corrida total: 1.37785
Tiempo de corrida recorrer el arbol: 0.134792
Valor de la funcion objetivo: 4
x14_3 = 1
x30_3 = 1
x31_3 = 1
x18_6 = 1
x24_6 = 1
x28_9 = 1
x34_9 = 1
x4_10 = 1
x7_10 = 1
x29_10 = 1
w3 = 1
w6 = 1
w9 = 1
w10 = 1
