Tiempo de corrida total: 0.0732059
Tiempo de corrida recorrer el arbol: 0.0375121
Valor de la funcion objetivo: 1
x16_5 = 1
x19_5 = 1
x22_5 = 1
x25_5 = 1
x26_5 = 1
w5 = 1
