Tiempo de corrida total: 0.166429
Tiempo de corrida recorrer el arbol: 0.162163
Valor de la funcion objetivo: 1
x5_9 = 1
x9_9 = 1
x11_9 = 1
x14_9 = 1
x16_9 = 1
x18_9 = 1
x25_9 = 1
x26_9 = 1
x27_9 = 1
x28_9 = 1
w9 = 1
