Tiempo de corrida total: 3.14013
Tiempo de corrida recorrer el arbol: 3.00534
Valor de la funcion objetivo: 3
x4_1 = 1
x7_1 = 1
x22_1 = 1
x30_1 = 1
x5_4 = 1
x21_4 = 1
x3_8 = 1
x9_8 = 1
x15_8 = 1
x23_8 = 1
w1 = 1
w4 = 1
w8 = 1
