Tiempo de corrida total: 1.06262
Tiempo de corrida recorrer el arbol: 0.935804
Valor de la funcion objetivo: 2
x10_2 = 1
x23_2 = 1
x35_2 = 1
x24_5 = 1
x25_5 = 1
w2 = 1
w5 = 1
