Tiempo de corrida total: 0.333962
Tiempo de corrida recorrer el arbol: 0.058162
Valor de la funcion objetivo: 2
x1_3 = 1
x3_3 = 1
x24_3 = 1
x34_3 = 1
x36_3 = 1
x40_3 = 1
x5_9 = 1
x7_9 = 1
x18_9 = 1
x25_9 = 1
x26_9 = 1
x27_9 = 1
x29_9 = 1
x30_9 = 1
x31_9 = 1
w3 = 1
w9 = 1
