Tiempo de corrida total: 0.091218
Tiempo de corrida recorrer el arbol: 0.023454
Valor de la funcion objetivo: 2
x10_11 = 1
x11_11 = 1
x17_11 = 1
x19_11 = 1
x24_11 = 1
x29_11 = 1
x30_11 = 1
x3_12 = 1
x4_12 = 1
x5_12 = 1
x12_12 = 1
x13_12 = 1
x20_12 = 1
x25_12 = 1
x28_12 = 1
w11 = 1
w12 = 1
