Tiempo de corrida total: 0.012325
Tiempo de corrida recorrer el arbol: 0.0109551
Valor de la funcion objetivo: 1
x1_2 = 1
x8_2 = 1
x10_2 = 1
x18_2 = 1
x30_2 = 1
w2 = 1
