Tiempo de corrida total: 0.135054
Tiempo de corrida recorrer el arbol: 0.113118
Valor de la funcion objetivo: 1
x8_1 = 1
x9_1 = 1
x16_1 = 1
x21_1 = 1
x22_1 = 1
x30_1 = 1
x31_1 = 1
x33_1 = 1
x36_1 = 1
x37_1 = 1
x40_1 = 1
x43_1 = 1
x45_1 = 1
x46_1 = 1
x48_1 = 1
w1 = 1
