Tiempo de corrida total: 0.254324
Tiempo de corrida recorrer el arbol: 0.201641
Valor de la funcion objetivo: 2
x5_12 = 1
x11_12 = 1
x12_12 = 1
x15_12 = 1
x20_12 = 1
x35_12 = 1
x36_12 = 1
x3_14 = 1
x6_14 = 1
x8_14 = 1
x9_14 = 1
x13_14 = 1
x17_14 = 1
x27_14 = 1
x28_14 = 1
x30_14 = 1
x31_14 = 1
x34_14 = 1
x37_14 = 1
x40_14 = 1
w12 = 1
w14 = 1
