Tiempo de corrida total: 0.735794
Tiempo de corrida recorrer el arbol: 0.376212
Valor de la funcion objetivo: 2
x4_11 = 1
x7_11 = 1
x8_11 = 1
x9_11 = 1
x14_11 = 1
x21_11 = 1
x28_11 = 1
x37_11 = 1
x11_15 = 1
x20_15 = 1
x26_15 = 1
x27_15 = 1
x29_15 = 1
x30_15 = 1
x40_15 = 1
w11 = 1
w15 = 1
