Tiempo de corrida total: 0.0647922
Tiempo de corrida recorrer el arbol: 0.0291641
Valor de la funcion objetivo: 1
x1_10 = 1
x3_10 = 1
x11_10 = 1
x17_10 = 1
x21_10 = 1
x24_10 = 1
x31_10 = 1
x33_10 = 1
x38_10 = 1
x39_10 = 1
w10 = 1
