Tiempo de corrida total: 0.056365
Tiempo de corrida recorrer el arbol: 0.0108089
Valor de la funcion objetivo: 2
x2_1 = 1
x7_1 = 1
x8_1 = 1
x21_1 = 1
x24_1 = 1
x14_2 = 1
x16_2 = 1
x27_2 = 1
x28_2 = 1
x30_2 = 1
w1 = 1
w2 = 1
