Tiempo de corrida total: 0.353185
Tiempo de corrida recorrer el arbol: 0.0616879
Valor de la funcion objetivo: 2
x6_3 = 1
x7_3 = 1
x8_3 = 1
x17_3 = 1
x24_3 = 1
x25_3 = 1
x27_3 = 1
x31_3 = 1
x39_3 = 1
x3_7 = 1
x9_7 = 1
x10_7 = 1
x13_7 = 1
x15_7 = 1
x29_7 = 1
w3 = 1
w7 = 1
