Tiempo de corrida total: 6.01336
Tiempo de corrida recorrer el arbol: 5.52669
Valor de la funcion objetivo: 2
x11_6 = 1
x18_6 = 1
x20_6 = 1
x22_6 = 1
x24_6 = 1
x33_6 = 1
x49_6 = 1
x5_13 = 1
x7_13 = 1
x19_13 = 1
x21_13 = 1
x31_13 = 1
x36_13 = 1
x43_13 = 1
x45_13 = 1
w6 = 1
w13 = 1
