Tiempo de corrida total: 0.776604
Tiempo de corrida recorrer el arbol: 0.661188
Valor de la funcion objetivo: 2
x3_4 = 1
x7_4 = 1
x10_4 = 1
x17_4 = 1
x29_4 = 1
x11_9 = 1
x18_9 = 1
x19_9 = 1
x20_9 = 1
x27_9 = 1
w4 = 1
w9 = 1
