Tiempo de corrida total: 0.0902328
Tiempo de corrida recorrer el arbol: 0.087914
Valor de la funcion objetivo: 1
x3_1 = 1
x16_1 = 1
x27_1 = 1
x33_1 = 1
x36_1 = 1
w1 = 1
