Tiempo de corrida total: 0.170487
Tiempo de corrida recorrer el arbol: 0.065666
Valor de la funcion objetivo: 1
x10_1 = 1
x22_1 = 1
x24_1 = 1
x25_1 = 1
x45_1 = 1
w1 = 1
