Tiempo de corrida total: 0.100977
Tiempo de corrida recorrer el arbol: 0.0598838
Valor de la funcion objetivo: 1
x3_2 = 1
x7_2 = 1
x11_2 = 1
x15_2 = 1
x16_2 = 1
w2 = 1
