Tiempo de corrida total: 0.302811
Tiempo de corrida recorrer el arbol: 0.16569
Valor de la funcion objetivo: 3
x3_11 = 1
x5_11 = 1
x9_11 = 1
x19_11 = 1
x24_11 = 1
x28_11 = 1
x12_12 = 1
x14_12 = 1
x16_12 = 1
x18_12 = 1
x29_12 = 1
x30_12 = 1
x1_17 = 1
x2_17 = 1
x4_17 = 1
x17_17 = 1
x20_17 = 1
x23_17 = 1
x26_17 = 1
x27_17 = 1
w11 = 1
w12 = 1
w17 = 1
