Tiempo de corrida total: 0.0139821
Tiempo de corrida recorrer el arbol: 0.00454021
Valor de la funcion objetivo: 1
x2_1 = 1
x5_1 = 1
x15_1 = 1
x24_1 = 1
x25_1 = 1
w1 = 1
