Tiempo de corrida total: 0.210627
Tiempo de corrida recorrer el arbol: 0.0882852
Valor de la funcion objetivo: 2
x16_4 = 1
x33_4 = 1
x5_5 = 1
x24_5 = 1
x26_5 = 1
w4 = 1
w5 = 1
