Tiempo de corrida total: 0.522846
Tiempo de corrida recorrer el arbol: 0.504714
Valor de la funcion objetivo: 2
x4_1 = 1
x5_1 = 1
x27_1 = 1
x9_3 = 1
x17_3 = 1
w1 = 1
w3 = 1
