Tiempo de corrida total: 0.374013
Tiempo de corrida recorrer el arbol: 0.0489688
Valor de la funcion objetivo: 2
x10_2 = 1
x37_2 = 1
x7_4 = 1
x19_4 = 1
x21_4 = 1
w2 = 1
w4 = 1
