Tiempo de corrida total: 0.13129
Tiempo de corrida recorrer el arbol: 0.117448
Valor de la funcion objetivo: 2
x5_4 = 1
x8_4 = 1
x15_4 = 1
x24_5 = 1
x26_5 = 1
w4 = 1
w5 = 1
