Tiempo de corrida total: 0.21372
Tiempo de corrida recorrer el arbol: 0.0722818
Valor de la funcion objetivo: 2
x5_1 = 1
x15_1 = 1
x9_5 = 1
x23_5 = 1
x26_5 = 1
w1 = 1
w5 = 1
