Tiempo de corrida total: 0.748667
Tiempo de corrida recorrer el arbol: 0.134771
Valor de la funcion objetivo: 3
x7_3 = 1
x14_3 = 1
x20_3 = 1
x25_3 = 1
x30_3 = 1
x35_3 = 1
x44_3 = 1
x46_3 = 1
x47_3 = 1
x2_8 = 1
x16_8 = 1
x17_8 = 1
x34_8 = 1
x40_8 = 1
x5_12 = 1
x15_12 = 1
x18_12 = 1
x29_12 = 1
x38_12 = 1
x43_12 = 1
w3 = 1
w8 = 1
w12 = 1
