Tiempo de corrida total: 0.860133
Tiempo de corrida recorrer el arbol: 0.846608
Valor de la funcion objetivo: 2
x8_2 = 1
x23_2 = 1
x30_2 = 1
x34_2 = 1
x35_2 = 1
x37_2 = 1
x43_2 = 1
x46_2 = 1
x49_2 = 1
x3_17 = 1
x4_17 = 1
x7_17 = 1
x14_17 = 1
x16_17 = 1
x20_17 = 1
x27_17 = 1
x29_17 = 1
x36_17 = 1
x44_17 = 1
x48_17 = 1
w2 = 1
w17 = 1
