Tiempo de corrida total: 0.0116169
Tiempo de corrida recorrer el arbol: 0.0105081
Valor de la funcion objetivo: 1
x1_1 = 1
x2_1 = 1
x4_1 = 1
x12_1 = 1
x16_1 = 1
w1 = 1
