Tiempo de corrida total: 3.55129
Tiempo de corrida recorrer el arbol: 3.54084
Valor de la funcion objetivo: 3
x1_12 = 1
x5_12 = 1
x17_12 = 1
x20_12 = 1
x23_12 = 1
x2_13 = 1
x14_13 = 1
x15_13 = 1
x18_13 = 1
x22_13 = 1
x25_13 = 1
x29_13 = 1
x7_14 = 1
x10_14 = 1
x26_14 = 1
w12 = 1
w13 = 1
w14 = 1
