Tiempo de corrida total: 0.141636
Tiempo de corrida recorrer el arbol: 0.0659661
Valor de la funcion objetivo: 1
x2_9 = 1
x4_9 = 1
x11_9 = 1
x17_9 = 1
x24_9 = 1
x29_9 = 1
x37_9 = 1
x38_9 = 1
x39_9 = 1
x40_9 = 1
w9 = 1
