Tiempo de corrida total: 0.247504
Tiempo de corrida recorrer el arbol: 0.025775
Valor de la funcion objetivo: 1
x1_1 = 1
x6_1 = 1
x7_1 = 1
x10_1 = 1
x11_1 = 1
x13_1 = 1
x14_1 = 1
x16_1 = 1
x18_1 = 1
x21_1 = 1
w1 = 1
