Tiempo de corrida total: 0.018615
Tiempo de corrida recorrer el arbol: 0.00520015
Valor de la funcion objetivo: 1
x2_1 = 1
x4_1 = 1
x9_1 = 1
x18_1 = 1
x25_1 = 1
w1 = 1
