Tiempo de corrida total: 0.0512681
Tiempo de corrida recorrer el arbol: 0.0308919
Valor de la funcion objetivo: 1
x2_3 = 1
x3_3 = 1
x4_3 = 1
x9_3 = 1
x39_3 = 1
w3 = 1
