Tiempo de corrida total: 0.0811641
Tiempo de corrida recorrer el arbol: 0.0294859
Valor de la funcion objetivo: 1
x1_2 = 1
x13_2 = 1
x24_2 = 1
x28_2 = 1
x30_2 = 1
w2 = 1
