Tiempo de corrida total: 0.109209
Tiempo de corrida recorrer el arbol: 0.02795
Valor de la funcion objetivo: 1
x5_4 = 1
x7_4 = 1
x11_4 = 1
x12_4 = 1
x14_4 = 1
x18_4 = 1
x21_4 = 1
x25_4 = 1
x35_4 = 1
x36_4 = 1
w4 = 1
