Tiempo de corrida total: 0.377164
Tiempo de corrida recorrer el arbol: 0.288008
Valor de la funcion objetivo: 2
x5_10 = 1
x22_10 = 1
x24_10 = 1
x37_10 = 1
x42_10 = 1
x47_10 = 1
x1_13 = 1
x2_13 = 1
x11_13 = 1
x16_13 = 1
x18_13 = 1
x39_13 = 1
x40_13 = 1
x45_13 = 1
x48_13 = 1
w10 = 1
w13 = 1
