Tiempo de corrida total: 0.525543
Tiempo de corrida recorrer el arbol: 0.400117
Valor de la funcion objetivo: 2
x8_4 = 1
x9_4 = 1
x17_4 = 1
x24_4 = 1
x27_4 = 1
x28_4 = 1
x1_5 = 1
x3_5 = 1
x4_5 = 1
x25_5 = 1
w4 = 1
w5 = 1
