Tiempo de corrida total: 0.00898886
Tiempo de corrida recorrer el arbol: 0.006428
Valor de la funcion objetivo: 1
x1_1 = 1
x2_1 = 1
x5_1 = 1
x8_1 = 1
x11_1 = 1
w1 = 1
