Tiempo de corrida total: 0.195771
Tiempo de corrida recorrer el arbol: 0.190866
Valor de la funcion objetivo: 2
x4_4 = 1
x8_4 = 1
x22_4 = 1
x7_5 = 1
x15_5 = 1
w4 = 1
w5 = 1
