Tiempo de corrida total: 0.185387
Tiempo de corrida recorrer el arbol: 0.0387149
Valor de la funcion objetivo: 2
x10_14 = 1
x12_14 = 1
x22_14 = 1
x29_14 = 1
x30_14 = 1
x33_14 = 1
x37_14 = 1
x40_14 = 1
x3_16 = 1
x15_16 = 1
x18_16 = 1
x20_16 = 1
x24_16 = 1
x25_16 = 1
x27_16 = 1
x28_16 = 1
x34_16 = 1
x35_16 = 1
x36_16 = 1
x38_16 = 1
w14 = 1
w16 = 1
