Tiempo de corrida total: 0.019722
Tiempo de corrida recorrer el arbol: 0.00890803
Valor de la funcion objetivo: 1
x1_3 = 1
x2_3 = 1
x3_3 = 1
x4_3 = 1
x15_3 = 1
w3 = 1
