Tiempo de corrida total: 0.059757
Tiempo de corrida recorrer el arbol: 0.0111768
Valor de la funcion objetivo: 2
x9_3 = 1
x12_3 = 1
x13_3 = 1
x8_4 = 1
x14_4 = 1
w3 = 1
w4 = 1
