Tiempo de corrida total: 0.629993
Tiempo de corrida recorrer el arbol: 0.619875
Valor de la funcion objetivo: 2
x3_1 = 1
x6_1 = 1
x7_1 = 1
x8_1 = 1
x16_1 = 1
x19_1 = 1
x24_1 = 1
x26_1 = 1
x29_1 = 1
x30_1 = 1
x1_20 = 1
x2_20 = 1
x14_20 = 1
x15_20 = 1
x17_20 = 1
x18_20 = 1
x20_20 = 1
x22_20 = 1
x23_20 = 1
x28_20 = 1
w1 = 1
w20 = 1
