Tiempo de corrida total: 0.0926239
Tiempo de corrida recorrer el arbol: 0.0295179
Valor de la funcion objetivo: 1
x7_13 = 1
x8_13 = 1
x9_13 = 1
x10_13 = 1
x14_13 = 1
x16_13 = 1
x19_13 = 1
x21_13 = 1
x23_13 = 1
x25_13 = 1
x26_13 = 1
x27_13 = 1
x29_13 = 1
x33_13 = 1
x37_13 = 1
w13 = 1
