Tiempo de corrida total: 0.102917
Tiempo de corrida recorrer el arbol: 0.0163219
Valor de la funcion objetivo: 1
x1_5 = 1
x7_5 = 1
x18_5 = 1
x20_5 = 1
x22_5 = 1
w5 = 1
