Tiempo de corrida total: 0.437143
Tiempo de corrida recorrer el arbol: 0.385546
Valor de la funcion objetivo: 2
x3_2 = 1
x15_2 = 1
x28_2 = 1
x11_3 = 1
x25_3 = 1
w2 = 1
w3 = 1
