Tiempo de corrida total: 0.502846
Tiempo de corrida recorrer el arbol: 0.199152
Valor de la funcion objetivo: 2
x2_2 = 1
x18_2 = 1
x23_2 = 1
x27_2 = 1
x31_2 = 1
x36_2 = 1
x38_2 = 1
x10_9 = 1
x20_9 = 1
x29_9 = 1
w2 = 1
w9 = 1
