Tiempo de corrida total: 0.0454922
Tiempo de corrida recorrer el arbol: 0.0114958
Valor de la funcion objetivo: 1
x37_5 = 1
x41_5 = 1
x42_5 = 1
x45_5 = 1
x47_5 = 1
w5 = 1
