Tiempo de corrida total: 0.161369
Tiempo de corrida recorrer el arbol: 0.0531569
Valor de la funcion objetivo: 2
x1_15 = 1
x4_15 = 1
x17_15 = 1
x18_15 = 1
x22_15 = 1
x23_15 = 1
x24_15 = 1
x25_15 = 1
x2_16 = 1
x6_16 = 1
x9_16 = 1
x10_16 = 1
x12_16 = 1
x14_16 = 1
x16_16 = 1
x19_16 = 1
x20_16 = 1
x26_16 = 1
x29_16 = 1
x30_16 = 1
w15 = 1
w16 = 1
