Tiempo de corrida total: 0.139666
Tiempo de corrida recorrer el arbol: 0.019896
Valor de la funcion objetivo: 2
x9_1 = 1
x12_1 = 1
x13_1 = 1
x6_5 = 1
x10_5 = 1
w1 = 1
w5 = 1
