Tiempo de corrida total: 0.021353
Tiempo de corrida recorrer el arbol: 0.0084939
Valor de la funcion objetivo: 1
x3_2 = 1
x5_2 = 1
x9_2 = 1
x13_2 = 1
x18_2 = 1
w2 = 1
