Tiempo de corrida total: 0.856651
Tiempo de corrida recorrer el arbol: 0.220535
Valor de la funcion objetivo: 2
x3_2 = 1
x5_2 = 1
x12_2 = 1
x20_2 = 1
x34_2 = 1
x10_12 = 1
x13_12 = 1
x15_12 = 1
x25_12 = 1
x26_12 = 1
x27_12 = 1
x29_12 = 1
x30_12 = 1
x31_12 = 1
x35_12 = 1
w2 = 1
w12 = 1
