Tiempo de corrida total: 0.285226
Tiempo de corrida recorrer el arbol: 0.266957
Valor de la funcion objetivo: 2
x1_3 = 1
x3_3 = 1
x7_3 = 1
x10_3 = 1
x15_3 = 1
x19_3 = 1
x23_3 = 1
x5_14 = 1
x6_14 = 1
x14_14 = 1
x17_14 = 1
x18_14 = 1
x26_14 = 1
x29_14 = 1
x30_14 = 1
w3 = 1
w14 = 1
