Tiempo de corrida total: 1.30772
Tiempo de corrida recorrer el arbol: 1.16374
Valor de la funcion objetivo: 2
x27_3 = 1
x5_4 = 1
x19_4 = 1
x25_4 = 1
x37_4 = 1
w3 = 1
w4 = 1
