Tiempo de corrida total: 0.114847
Tiempo de corrida recorrer el arbol: 0.105018
Valor de la funcion objetivo: 2
x4_1 = 1
x21_1 = 1
x27_1 = 1
x24_3 = 1
x25_3 = 1
w1 = 1
w3 = 1
