Tiempo de corrida total: 0.783342
Tiempo de corrida recorrer el arbol: 0.77785
Valor de la funcion objetivo: 2
x1_1 = 1
x4_1 = 1
x5_1 = 1
x8_1 = 1
x20_1 = 1
x28_1 = 1
x36_1 = 1
x7_2 = 1
x15_2 = 1
x35_2 = 1
w1 = 1
w2 = 1
