Tiempo de corrida total: 0.204498
Tiempo de corrida recorrer el arbol: 0.062429
Valor de la funcion objetivo: 2
x14_4 = 1
x19_4 = 1
x22_4 = 1
x7_5 = 1
x24_5 = 1
w4 = 1
w5 = 1
