Tiempo de corrida total: 0.803708
Tiempo de corrida recorrer el arbol: 0.776653
Valor de la funcion objetivo: 2
x17_1 = 1
x40_1 = 1
x2_3 = 1
x12_3 = 1
x38_3 = 1
w1 = 1
w3 = 1
