Tiempo de corrida total: 0.0434971
Tiempo de corrida recorrer el arbol: 0.04124
Valor de la funcion objetivo: 1
x13_3 = 1
x17_3 = 1
x22_3 = 1
x24_3 = 1
x25_3 = 1
w3 = 1
