Tiempo de corrida total: 4.24296
Tiempo de corrida recorrer el arbol: 3.87597
Valor de la funcion objetivo: 1
x7_2 = 1
x12_2 = 1
x13_2 = 1
x16_2 = 1
x27_2 = 1
x35_2 = 1
x36_2 = 1
x41_2 = 1
x42_2 = 1
x43_2 = 1
w2 = 1
