Tiempo de corrida total: 0.329902
Tiempo de corrida recorrer el arbol: 0.317704
Valor de la funcion objetivo: 2
x9_5 = 1
x10_5 = 1
x18_5 = 1
x20_5 = 1
x26_5 = 1
x30_5 = 1
x5_8 = 1
x12_8 = 1
x21_8 = 1
x29_8 = 1
w5 = 1
w8 = 1
