Tiempo de corrida total: 0.890819
Tiempo de corrida recorrer el arbol: 0.884462
Valor de la funcion objetivo: 2
x30_2 = 1
x35_2 = 1
x17_3 = 1
x23_3 = 1
x36_3 = 1
w2 = 1
w3 = 1
