Tiempo de corrida total: 0.0649669
Tiempo de corrida recorrer el arbol: 0.0138988
Valor de la funcion objetivo: 2
x16_3 = 1
x22_3 = 1
x25_3 = 1
x26_3 = 1
x28_3 = 1
x30_3 = 1
x1_5 = 1
x17_5 = 1
x18_5 = 1
x27_5 = 1
w3 = 1
w5 = 1
