Tiempo de corrida total: 0.656461
Tiempo de corrida recorrer el arbol: 0.255981
Valor de la funcion objetivo: 1
x3_5 = 1
x4_5 = 1
x6_5 = 1
x8_5 = 1
x11_5 = 1
x13_5 = 1
x14_5 = 1
x19_5 = 1
x28_5 = 1
x47_5 = 1
w5 = 1
