Tiempo de corrida total: 1.93423
Tiempo de corrida recorrer el arbol: 1.90513
Valor de la funcion objetivo: 2
x21_2 = 1
x27_2 = 1
x30_2 = 1
x44_2 = 1
x1_3 = 1
x3_3 = 1
x8_3 = 1
x9_3 = 1
x11_3 = 1
x12_3 = 1
x18_3 = 1
x28_3 = 1
x35_3 = 1
x37_3 = 1
x46_3 = 1
w2 = 1
w3 = 1
