Tiempo de corrida total: 0.0756872
Tiempo de corrida recorrer el arbol: 0.0160151
Valor de la funcion objetivo: 1
x1_6 = 1
x7_6 = 1
x10_6 = 1
x12_6 = 1
x13_6 = 1
x16_6 = 1
x18_6 = 1
x20_6 = 1
x21_6 = 1
x35_6 = 1
w6 = 1
