Tiempo de corrida total: 0.0177341
Tiempo de corrida recorrer el arbol: 0.00521398
Valor de la funcion objetivo: 1
x9_5 = 1
x18_5 = 1
x22_5 = 1
x24_5 = 1
x27_5 = 1
w5 = 1
