Tiempo de corrida total: 0.156177
Tiempo de corrida recorrer el arbol: 0.0317299
Valor de la funcion objetivo: 2
x1_5 = 1
x5_5 = 1
x9_5 = 1
x12_5 = 1
x20_5 = 1
x26_5 = 1
x27_5 = 1
x33_5 = 1
x34_5 = 1
x37_5 = 1
x38_5 = 1
x39_5 = 1
x40_5 = 1
x3_14 = 1
x14_14 = 1
x18_14 = 1
x19_14 = 1
x24_14 = 1
x29_14 = 1
x36_14 = 1
w5 = 1
w14 = 1
