Tiempo de corrida total: 2.15391
Tiempo de corrida recorrer el arbol: 2.10912
Valor de la funcion objetivo: 2
x3_8 = 1
x19_8 = 1
x34_8 = 1
x40_8 = 1
x2_9 = 1
x6_9 = 1
x12_9 = 1
x15_9 = 1
x23_9 = 1
x35_9 = 1
w8 = 1
w9 = 1
