Tiempo de corrida total: 0.137686
Tiempo de corrida recorrer el arbol: 0.05584
Valor de la funcion objetivo: 2
x2_1 = 1
x20_1 = 1
x3_2 = 1
x13_2 = 1
x27_2 = 1
w1 = 1
w2 = 1
