Tiempo de corrida total: 0.0429082
Tiempo de corrida recorrer el arbol: 0.0218909
Valor de la funcion objetivo: 1
x1_1 = 1
x2_1 = 1
x5_1 = 1
x11_1 = 1
x14_1 = 1
w1 = 1
