Tiempo de corrida total: 0.0248711
Tiempo de corrida recorrer el arbol: 0.00653386
Valor de la funcion objetivo: 1
x25_5 = 1
x33_5 = 1
x36_5 = 1
x38_5 = 1
x40_5 = 1
w5 = 1
