Tiempo de corrida total: 0.419519
Tiempo de corrida recorrer el arbol: 0.190627
Valor de la funcion objetivo: 3
x4_4 = 1
x12_4 = 1
x14_4 = 1
x18_4 = 1
x20_4 = 1
x27_4 = 1
x29_4 = 1
x30_4 = 1
x1_9 = 1
x2_9 = 1
x10_9 = 1
x22_9 = 1
x23_9 = 1
x26_9 = 1
x3_20 = 1
x5_20 = 1
x9_20 = 1
x19_20 = 1
x21_20 = 1
x24_20 = 1
w4 = 1
w9 = 1
w20 = 1
