Tiempo de corrida total: 0.190744
Tiempo de corrida recorrer el arbol: 0.154856
Valor de la funcion objetivo: 2
x3_14 = 1
x7_14 = 1
x10_14 = 1
x15_14 = 1
x27_14 = 1
x1_15 = 1
x2_15 = 1
x4_15 = 1
x12_15 = 1
x13_15 = 1
x16_15 = 1
x20_15 = 1
x25_15 = 1
x29_15 = 1
x30_15 = 1
w14 = 1
w15 = 1
