Tiempo de corrida total: 0.294534
Tiempo de corrida recorrer el arbol: 0.12722
Valor de la funcion objetivo: 2
x7_5 = 1
x10_5 = 1
x19_5 = 1
x22_5 = 1
x28_5 = 1
x3_6 = 1
x14_6 = 1
x15_6 = 1
x20_6 = 1
x30_6 = 1
w5 = 1
w6 = 1
