Tiempo de corrida total: 0.675204
Tiempo de corrida recorrer el arbol: 0.65904
Valor de la funcion objetivo: 2
x5_1 = 1
x20_1 = 1
x12_9 = 1
x15_9 = 1
x18_9 = 1
x23_9 = 1
x35_9 = 1
x36_9 = 1
x38_9 = 1
x40_9 = 1
w1 = 1
w9 = 1
