Tiempo de corrida total: 0.0147841
Tiempo de corrida recorrer el arbol: 0.0126798
Valor de la funcion objetivo: 1
x1_1 = 1
x4_1 = 1
x9_1 = 1
x24_1 = 1
x37_1 = 1
w1 = 1
