Tiempo de corrida total: 1.10214
Tiempo de corrida recorrer el arbol: 0.288713
Valor de la funcion objetivo: 2
x16_1 = 1
x18_1 = 1
x30_1 = 1
x34_1 = 1
x10_9 = 1
x20_9 = 1
x31_9 = 1
x33_9 = 1
x39_9 = 1
x40_9 = 1
w1 = 1
w9 = 1
