Tiempo de corrida total: 0.0673001
Tiempo de corrida recorrer el arbol: 0.026958
Valor de la funcion objetivo: 2
x9_3 = 1
x12_3 = 1
x13_3 = 1
x3_4 = 1
x29_4 = 1
w3 = 1
w4 = 1
