Tiempo de corrida total: 1.33087
Tiempo de corrida recorrer el arbol: 1.31155
Valor de la funcion objetivo: 2
x1_2 = 1
x2_2 = 1
x3_2 = 1
x5_2 = 1
x11_2 = 1
x26_2 = 1
x37_2 = 1
x38_2 = 1
x4_3 = 1
x7_3 = 1
x16_3 = 1
x20_3 = 1
x22_3 = 1
x24_3 = 1
x25_3 = 1
w2 = 1
w3 = 1
