Tiempo de corrida total: 0.471827
Tiempo de corrida recorrer el arbol: 0.466293
Valor de la funcion objetivo: 2
x9_2 = 1
x23_2 = 1
x26_2 = 1
x5_4 = 1
x8_4 = 1
w2 = 1
w4 = 1
