Tiempo de corrida total: 2.37847
Tiempo de corrida recorrer el arbol: 2.37069
Valor de la funcion objetivo: 2
x5_1 = 1
x7_1 = 1
x12_1 = 1
x16_1 = 1
x20_1 = 1
x23_1 = 1
x24_1 = 1
x27_1 = 1
x30_1 = 1
x32_1 = 1
x34_1 = 1
x36_1 = 1
x44_1 = 1
x48_1 = 1
x11_3 = 1
x15_3 = 1
x18_3 = 1
x22_3 = 1
x29_3 = 1
x49_3 = 1
w1 = 1
w3 = 1
