Tiempo de corrida total: 0.575401
Tiempo de corrida recorrer el arbol: 0.564756
Valor de la funcion objetivo: 2
x8_5 = 1
x12_5 = 1
x15_5 = 1
x18_5 = 1
x21_5 = 1
x27_5 = 1
x28_5 = 1
x30_5 = 1
x4_6 = 1
x9_6 = 1
x10_6 = 1
x16_6 = 1
x20_6 = 1
x23_6 = 1
x24_6 = 1
w5 = 1
w6 = 1
