Tiempo de corrida total: 0.370261
Tiempo de corrida recorrer el arbol: 0.145496
Valor de la funcion objetivo: 1
x8_2 = 1
x15_2 = 1
x23_2 = 1
x25_2 = 1
x36_2 = 1
w2 = 1
