Tiempo de corrida total: 0.646863
Tiempo de corrida recorrer el arbol: 0.632419
Valor de la funcion objetivo: 1
x4_8 = 1
x12_8 = 1
x27_8 = 1
x29_8 = 1
x33_8 = 1
x35_8 = 1
x39_8 = 1
x42_8 = 1
x49_8 = 1
x50_8 = 1
w8 = 1
