Tiempo de corrida total: 1.17845
Tiempo de corrida recorrer el arbol: 1.16778
Valor de la funcion objetivo: 2
x1_1 = 1
x2_1 = 1
x3_1 = 1
x5_1 = 1
x7_1 = 1
x11_1 = 1
x13_1 = 1
x16_1 = 1
x25_1 = 1
x26_1 = 1
x29_1 = 1
x36_1 = 1
x37_1 = 1
x4_2 = 1
x22_2 = 1
w1 = 1
w2 = 1
