Tiempo de corrida total: 2.29588
Tiempo de corrida recorrer el arbol: 1.94029
Valor de la funcion objetivo: 3
x13_8 = 1
x22_8 = 1
x25_8 = 1
x30_8 = 1
x32_8 = 1
x33_8 = 1
x34_8 = 1
x1_18 = 1
x5_18 = 1
x6_18 = 1
x14_18 = 1
x19_18 = 1
x27_18 = 1
x37_18 = 1
x11_19 = 1
x23_19 = 1
x26_19 = 1
x35_19 = 1
x36_19 = 1
x40_19 = 1
w8 = 1
w18 = 1
w19 = 1
