Tiempo de corrida total: 0.740361
Tiempo de corrida recorrer el arbol: 0.723315
Valor de la funcion objetivo: 3
x26_1 = 1
x15_4 = 1
x25_4 = 1
x1_5 = 1
x3_5 = 1
w1 = 1
w4 = 1
w5 = 1
