Tiempo de corrida total: 3.03283
Tiempo de corrida recorrer el arbol: 2.44607
Valor de la funcion objetivo: 2
x6_4 = 1
x21_4 = 1
x39_4 = 1
x46_4 = 1
x48_4 = 1
x10_9 = 1
x26_9 = 1
x38_9 = 1
x43_9 = 1
x47_9 = 1
w4 = 1
w9 = 1
