Tiempo de corrida total: 1.40412
Tiempo de corrida recorrer el arbol: 0.532598
Valor de la funcion objetivo: 2
x4_9 = 1
x14_9 = 1
x18_9 = 1
x31_9 = 1
x36_9 = 1
x38_9 = 1
x10_10 = 1
x16_10 = 1
x24_10 = 1
x25_10 = 1
w9 = 1
w10 = 1
