Tiempo de corrida total: 0.884044
Tiempo de corrida recorrer el arbol: 0.878531
Valor de la funcion objetivo: 2
x4_2 = 1
x6_2 = 1
x8_2 = 1
x16_2 = 1
x25_2 = 1
x29_2 = 1
x40_2 = 1
x3_3 = 1
x32_3 = 1
x36_3 = 1
w2 = 1
w3 = 1
