Tiempo de corrida total: 0.05793
Tiempo de corrida recorrer el arbol: 0.015836
Valor de la funcion objetivo: 1
x1_3 = 1
x3_3 = 1
x8_3 = 1
x9_3 = 1
x11_3 = 1
x15_3 = 1
x17_3 = 1
x18_3 = 1
x19_3 = 1
x21_3 = 1
x28_3 = 1
x29_3 = 1
x30_3 = 1
x35_3 = 1
x38_3 = 1
w3 = 1
