Tiempo de corrida total: 0.044023
Tiempo de corrida recorrer el arbol: 0.00956297
Valor de la funcion objetivo: 1
x3_7 = 1
x11_7 = 1
x14_7 = 1
x15_7 = 1
x18_7 = 1
x22_7 = 1
x23_7 = 1
x30_7 = 1
x36_7 = 1
x37_7 = 1
w7 = 1
