Tiempo de corrida total: 0.042007
Tiempo de corrida recorrer el arbol: 0.017952
Valor de la funcion objetivo: 1
x3_5 = 1
x5_5 = 1
x8_5 = 1
x12_5 = 1
x26_5 = 1
w5 = 1
