Tiempo de corrida total: 0.0360141
Tiempo de corrida recorrer el arbol: 0.0067749
Valor de la funcion objetivo: 1
x9_1 = 1
x15_1 = 1
x23_1 = 1
x27_1 = 1
x36_1 = 1
w1 = 1
