Tiempo de corrida total: 1.14919
Tiempo de corrida recorrer el arbol: 1.14182
Valor de la funcion objetivo: 1
x1_9 = 1
x6_9 = 1
x9_9 = 1
x12_9 = 1
x19_9 = 1
x20_9 = 1
x24_9 = 1
x25_9 = 1
x29_9 = 1
x37_9 = 1
w9 = 1
