Tiempo de corrida total: 0.387851
Tiempo de corrida recorrer el arbol: 0.375003
Valor de la funcion objetivo: 2
x19_4 = 1
x24_4 = 1
x2_5 = 1
x9_5 = 1
x17_5 = 1
w4 = 1
w5 = 1
