Tiempo de corrida total: 7.90593
Tiempo de corrida recorrer el arbol: 7.40444
Valor de la funcion objetivo: 3
x1_6 = 1
x13_6 = 1
x35_6 = 1
x10_8 = 1
x14_8 = 1
x21_8 = 1
x23_8 = 1
x19_10 = 1
x28_10 = 1
x37_10 = 1
w6 = 1
w8 = 1
w10 = 1
