Tiempo de corrida total: 0.0385981
Tiempo de corrida recorrer el arbol: 0.02229
Valor de la funcion objetivo: 1
x3_13 = 1
x9_13 = 1
x14_13 = 1
x17_13 = 1
x18_13 = 1
x19_13 = 1
x22_13 = 1
x23_13 = 1
x25_13 = 1
x32_13 = 1
x33_13 = 1
x34_13 = 1
x35_13 = 1
x39_13 = 1
x40_13 = 1
w13 = 1
