Tiempo de corrida total: 4.07956
Tiempo de corrida recorrer el arbol: 3.47499
Valor de la funcion objetivo: 2
x7_4 = 1
x11_4 = 1
x14_4 = 1
x23_4 = 1
x33_4 = 1
x38_4 = 1
x9_6 = 1
x19_6 = 1
x21_6 = 1
x44_6 = 1
w4 = 1
w6 = 1
