Tiempo de corrida total: 1.46192
Tiempo de corrida recorrer el arbol: 1.45463
Valor de la funcion objetivo: 2
x8_12 = 1
x13_12 = 1
x14_12 = 1
x15_12 = 1
x23_12 = 1
x1_15 = 1
x3_15 = 1
x4_15 = 1
x12_15 = 1
x21_15 = 1
x24_15 = 1
x32_15 = 1
x36_15 = 1
x37_15 = 1
x38_15 = 1
w12 = 1
w15 = 1
