Tiempo de corrida total: 0.108076
Tiempo de corrida recorrer el arbol: 0.0185881
Valor de la funcion objetivo: 1
x7_3 = 1
x17_3 = 1
x21_3 = 1
x24_3 = 1
x26_3 = 1
w3 = 1
