Tiempo de corrida total: 0.274837
Tiempo de corrida recorrer el arbol: 0.0215051
Valor de la funcion objetivo: 1
x1_1 = 1
x2_1 = 1
x5_1 = 1
x7_1 = 1
x8_1 = 1
x14_1 = 1
x18_1 = 1
x20_1 = 1
x21_1 = 1
x33_1 = 1
w1 = 1
