Tiempo de corrida total: 4.11557
Tiempo de corrida recorrer el arbol: 4.10017
Valor de la funcion objetivo: 3
x12_2 = 1
x22_2 = 1
x24_2 = 1
x26_2 = 1
x28_2 = 1
x1_4 = 1
x10_4 = 1
x16_4 = 1
x18_4 = 1
x29_4 = 1
x2_15 = 1
x4_15 = 1
x5_15 = 1
x6_15 = 1
x17_15 = 1
w2 = 1
w4 = 1
w15 = 1
