Tiempo de corrida total: 0.313742
Tiempo de corrida recorrer el arbol: 0.0721629
Valor de la funcion objetivo: 2
x18_2 = 1
x19_2 = 1
x20_2 = 1
x29_2 = 1
x3_9 = 1
x7_9 = 1
x10_9 = 1
x11_9 = 1
x17_9 = 1
x27_9 = 1
w2 = 1
w9 = 1
