Tiempo de corrida total: 0.459904
Tiempo de corrida recorrer el arbol: 0.452944
Valor de la funcion objetivo: 2
x15_4 = 1
x23_4 = 1
x27_4 = 1
x2_10 = 1
x3_10 = 1
x7_10 = 1
x9_10 = 1
x16_10 = 1
x28_10 = 1
x29_10 = 1
w4 = 1
w10 = 1
