Tiempo de corrida total: 0.196142
Tiempo de corrida recorrer el arbol: 0.0778811
Valor de la funcion objetivo: 2
x13_7 = 1
x16_7 = 1
x18_7 = 1
x20_7 = 1
x21_7 = 1
x23_7 = 1
x24_7 = 1
x40_7 = 1
x5_11 = 1
x12_11 = 1
x25_11 = 1
x28_11 = 1
x30_11 = 1
x33_11 = 1
x35_11 = 1
w7 = 1
w11 = 1
