Tiempo de corrida total: 1.18763
Tiempo de corrida recorrer el arbol: 1.07423
Valor de la funcion objetivo: 2
x1_2 = 1
x9_2 = 1
x12_2 = 1
x16_2 = 1
x17_2 = 1
x18_2 = 1
x26_2 = 1
x31_10 = 1
x35_10 = 1
x39_10 = 1
w2 = 1
w10 = 1
