Tiempo de corrida total: 2.62736
Tiempo de corrida recorrer el arbol: 2.58175
Valor de la funcion objetivo: 2
x3_5 = 1
x5_5 = 1
x6_5 = 1
x23_5 = 1
x24_5 = 1
x10_8 = 1
x17_8 = 1
x18_8 = 1
x19_8 = 1
x27_8 = 1
w5 = 1
w8 = 1
