Tiempo de corrida total: 0.120249
Tiempo de corrida recorrer el arbol: 0.0323179
Valor de la funcion objetivo: 1
x1_3 = 1
x9_3 = 1
x12_3 = 1
x20_3 = 1
x38_3 = 1
w3 = 1
