Tiempo de corrida total: 0.48406
Tiempo de corrida recorrer el arbol: 0.075743
Valor de la funcion objetivo: 2
x5_1 = 1
x15_1 = 1
x17_1 = 1
x22_1 = 1
x27_1 = 1
x30_1 = 1
x36_1 = 1
x1_6 = 1
x2_6 = 1
x3_6 = 1
x11_6 = 1
x12_6 = 1
x24_6 = 1
x32_6 = 1
x37_6 = 1
w1 = 1
w6 = 1
