Tiempo de corrida total: 0.220157
Tiempo de corrida recorrer el arbol: 0.0542302
Valor de la funcion objetivo: 1
x1_10 = 1
x5_10 = 1
x10_10 = 1
x13_10 = 1
x21_10 = 1
x26_10 = 1
x36_10 = 1
x37_10 = 1
x38_10 = 1
x49_10 = 1
w10 = 1
