Tiempo de corrida total: 0.222432
Tiempo de corrida recorrer el arbol: 0.0411198
Valor de la funcion objetivo: 1
x28_5 = 1
x37_5 = 1
x41_5 = 1
x43_5 = 1
x46_5 = 1
w5 = 1
