Tiempo de corrida total: 0.0161419
Tiempo de corrida recorrer el arbol: 0.00763297
Valor de la funcion objetivo: 1
x6_4 = 1
x12_4 = 1
x24_4 = 1
x25_4 = 1
x31_4 = 1
w4 = 1
