Tiempo de corrida total: 0.220262
Tiempo de corrida recorrer el arbol: 0.187313
Valor de la funcion objetivo: 2
x4_8 = 1
x6_8 = 1
x7_8 = 1
x10_8 = 1
x16_8 = 1
x18_8 = 1
x24_8 = 1
x29_8 = 1
x1_14 = 1
x3_14 = 1
x12_14 = 1
x17_14 = 1
x19_14 = 1
x20_14 = 1
x25_14 = 1
w8 = 1
w14 = 1
