Tiempo de corrida total: 0.0680931
Tiempo de corrida recorrer el arbol: 0.0452342
Valor de la funcion objetivo: 1
x23_10 = 1
x24_10 = 1
x26_10 = 1
x27_10 = 1
x29_10 = 1
x31_10 = 1
x34_10 = 1
x41_10 = 1
x44_10 = 1
x46_10 = 1
w10 = 1
