Tiempo de corrida total: 0.106802
Tiempo de corrida recorrer el arbol: 0.097254
Valor de la funcion objetivo: 2
x3_8 = 1
x14_8 = 1
x15_8 = 1
x17_8 = 1
x27_8 = 1
x29_8 = 1
x4_9 = 1
x12_9 = 1
x13_9 = 1
x19_9 = 1
w8 = 1
w9 = 1
