Tiempo de corrida total: 0.267508
Tiempo de corrida recorrer el arbol: 0.187625
Valor de la funcion objetivo: 3
x5_2 = 1
x19_2 = 1
x28_2 = 1
x29_2 = 1
x30_2 = 1
x1_7 = 1
x10_7 = 1
x20_7 = 1
x2_12 = 1
x3_12 = 1
x9_12 = 1
x15_12 = 1
x16_12 = 1
x18_12 = 1
x27_12 = 1
w2 = 1
w7 = 1
w12 = 1
