Tiempo de corrida total: 0.439186
Tiempo de corrida recorrer el arbol: 0.027997
Valor de la funcion objetivo: 2
x1_12 = 1
x5_12 = 1
x6_12 = 1
x12_12 = 1
x17_12 = 1
x25_12 = 1
x26_12 = 1
x27_12 = 1
x34_12 = 1
x36_12 = 1
x37_12 = 1
x43_12 = 1
x48_12 = 1
x49_12 = 1
x50_12 = 1
x7_20 = 1
x11_20 = 1
x28_20 = 1
x30_20 = 1
x46_20 = 1
w12 = 1
w20 = 1
