Tiempo de corrida total: 0.148253
Tiempo de corrida recorrer el arbol: 0.0246708
Valor de la funcion objetivo: 2
x3_12 = 1
x12_12 = 1
x19_12 = 1
x22_12 = 1
x24_12 = 1
x27_12 = 1
x32_12 = 1
x38_12 = 1
x5_17 = 1
x7_17 = 1
x9_17 = 1
x10_17 = 1
x14_17 = 1
x18_17 = 1
x20_17 = 1
x25_17 = 1
x28_17 = 1
x29_17 = 1
x34_17 = 1
x36_17 = 1
w12 = 1
w17 = 1
