Tiempo de corrida total: 0.00977802
Tiempo de corrida recorrer el arbol: 0.00879121
Valor de la funcion objetivo: 1
x1_1 = 1
x2_1 = 1
x3_1 = 1
x5_1 = 1
x6_1 = 1
x12_1 = 1
x13_1 = 1
x14_1 = 1
x17_1 = 1
x29_1 = 1
w1 = 1
