Tiempo de corrida total: 0.848042
Tiempo de corrida recorrer el arbol: 0.732004
Valor de la funcion objetivo: 4
x10_3 = 1
x26_3 = 1
x5_5 = 1
x16_5 = 1
x28_5 = 1
x12_6 = 1
x25_6 = 1
x29_6 = 1
x11_10 = 1
x17_10 = 1
w3 = 1
w5 = 1
w6 = 1
w10 = 1
