Tiempo de corrida total: 0.689714
Tiempo de corrida recorrer el arbol: 0.640401
Valor de la funcion objetivo: 2
x2_9 = 1
x3_9 = 1
x7_9 = 1
x18_9 = 1
x23_9 = 1
x24_9 = 1
x25_9 = 1
x26_9 = 1
x29_9 = 1
x30_9 = 1
x32_9 = 1
x36_9 = 1
x37_9 = 1
x9_10 = 1
x19_10 = 1
w9 = 1
w10 = 1
