Tiempo de corrida total: 0.79619
Tiempo de corrida recorrer el arbol: 0.772339
Valor de la funcion objetivo: 2
x1_3 = 1
x7_3 = 1
x19_3 = 1
x10_5 = 1
x16_5 = 1
w3 = 1
w5 = 1
