Tiempo de corrida total: 0.0121109
Tiempo de corrida recorrer el arbol: 0.00961494
Valor de la funcion objetivo: 1
x1_1 = 1
x2_1 = 1
x4_1 = 1
x11_1 = 1
x19_1 = 1
w1 = 1
