Tiempo de corrida total: 0.106078
Tiempo de corrida recorrer el arbol: 0.0419252
Valor de la funcion objetivo: 1
x11_4 = 1
x20_4 = 1
x23_4 = 1
x26_4 = 1
x28_4 = 1
w4 = 1
