Tiempo de corrida total: 0.011265
Tiempo de corrida recorrer el arbol: 0.0101202
Valor de la funcion objetivo: 1
x1_10 = 1
x2_10 = 1
x4_10 = 1
x8_10 = 1
x13_10 = 1
x16_10 = 1
x21_10 = 1
x23_10 = 1
x29_10 = 1
x30_10 = 1
w10 = 1
