Tiempo de corrida total: 0.322402
Tiempo de corrida recorrer el arbol: 0.0444701
Valor de la funcion objetivo: 2
x8_3 = 1
x35_3 = 1
x3_4 = 1
x6_4 = 1
x9_4 = 1
w3 = 1
w4 = 1
