Tiempo de corrida total: 0.0661552
Tiempo de corrida recorrer el arbol: 0.017602
Valor de la funcion objetivo: 2
x5_10 = 1
x7_10 = 1
x10_10 = 1
x14_10 = 1
x19_10 = 1
x27_10 = 1
x1_12 = 1
x9_12 = 1
x11_12 = 1
x13_12 = 1
x16_12 = 1
x20_12 = 1
x21_12 = 1
x23_12 = 1
x25_12 = 1
w10 = 1
w12 = 1
