Tiempo de corrida total: 0.860556
Tiempo de corrida recorrer el arbol: 0.853285
Valor de la funcion objetivo: 2
x1_1 = 1
x3_1 = 1
x4_1 = 1
x8_1 = 1
x10_1 = 1
x12_1 = 1
x13_1 = 1
x15_1 = 1
x27_1 = 1
x34_1 = 1
x37_1 = 1
x5_2 = 1
x16_2 = 1
x17_2 = 1
x19_2 = 1
w1 = 1
w2 = 1
