Tiempo de corrida total: 6.75908
Tiempo de corrida recorrer el arbol: 6.45562
Valor de la funcion objetivo: 4
x17_2 = 1
x19_2 = 1
x23_2 = 1
x25_2 = 1
x5_3 = 1
x14_3 = 1
x16_3 = 1
x22_3 = 1
x1_5 = 1
x2_5 = 1
x7_5 = 1
x15_5 = 1
x4_10 = 1
x9_10 = 1
x10_10 = 1
w2 = 1
w3 = 1
w5 = 1
w10 = 1
