Tiempo de corrida total: 8.67088
Tiempo de corrida recorrer el arbol: 8.02968
Valor de la funcion objetivo: 2
x13_2 = 1
x15_2 = 1
x24_2 = 1
x28_2 = 1
x40_2 = 1
x22_5 = 1
x29_5 = 1
x39_5 = 1
x42_5 = 1
x45_5 = 1
w2 = 1
w5 = 1
