Tiempo de corrida total: 0.0550001
Tiempo de corrida recorrer el arbol: 0.0303249
Valor de la funcion objetivo: 1
x1_4 = 1
x10_4 = 1
x17_4 = 1
x29_4 = 1
x30_4 = 1
w4 = 1
