Tiempo de corrida total: 1.75541
Tiempo de corrida recorrer el arbol: 1.59906
Valor de la funcion objetivo: 2
x5_6 = 1
x11_6 = 1
x18_6 = 1
x25_6 = 1
x2_10 = 1
x7_10 = 1
x9_10 = 1
x10_10 = 1
x17_10 = 1
x26_10 = 1
w6 = 1
w10 = 1
