Tiempo de corrida total: 0.347049
Tiempo de corrida recorrer el arbol: 0.114529
Valor de la funcion objetivo: 2
x8_9 = 1
x9_9 = 1
x12_9 = 1
x31_9 = 1
x35_9 = 1
x40_9 = 1
x1_13 = 1
x2_13 = 1
x3_13 = 1
x5_13 = 1
x16_13 = 1
x18_13 = 1
x23_13 = 1
x30_13 = 1
x37_13 = 1
w9 = 1
w13 = 1
