Tiempo de corrida total: 0.172646
Tiempo de corrida recorrer el arbol: 0.0322659
Valor de la funcion objetivo: 2
x1_4 = 1
x2_4 = 1
x6_4 = 1
x19_4 = 1
x22_4 = 1
x23_4 = 1
x26_4 = 1
x4_12 = 1
x5_12 = 1
x9_12 = 1
x10_12 = 1
x12_12 = 1
x17_12 = 1
x18_12 = 1
x20_12 = 1
x24_12 = 1
x25_12 = 1
x27_12 = 1
x29_12 = 1
x30_12 = 1
w4 = 1
w12 = 1
