Tiempo de corrida total: 0.370884
Tiempo de corrida recorrer el arbol: 0.0312932
Valor de la funcion objetivo: 2
x8_11 = 1
x18_11 = 1
x26_11 = 1
x28_11 = 1
x36_11 = 1
x48_11 = 1
x49_11 = 1
x2_17 = 1
x3_17 = 1
x5_17 = 1
x11_17 = 1
x19_17 = 1
x23_17 = 1
x27_17 = 1
x34_17 = 1
x37_17 = 1
x39_17 = 1
x40_17 = 1
x42_17 = 1
x50_17 = 1
w11 = 1
w17 = 1
