Tiempo de corrida total: 0.397967
Tiempo de corrida recorrer el arbol: 0.381217
Valor de la funcion objetivo: 2
x1_7 = 1
x5_7 = 1
x6_7 = 1
x14_7 = 1
x22_7 = 1
x23_7 = 1
x24_7 = 1
x29_7 = 1
x3_11 = 1
x4_11 = 1
x7_11 = 1
x8_11 = 1
x20_11 = 1
x21_11 = 1
x30_11 = 1
w7 = 1
w11 = 1
