Tiempo de corrida total: 0.070487
Tiempo de corrida recorrer el arbol: 0.0611732
Valor de la funcion objetivo: 1
x3_2 = 1
x5_2 = 1
x6_2 = 1
x9_2 = 1
x18_2 = 1
x21_2 = 1
x26_2 = 1
x29_2 = 1
x32_2 = 1
x34_2 = 1
x35_2 = 1
x36_2 = 1
x45_2 = 1
x46_2 = 1
x48_2 = 1
w2 = 1
