Tiempo de corrida total: 0.418544
Tiempo de corrida recorrer el arbol: 0.408507
Valor de la funcion objetivo: 3
x20_1 = 1
x25_1 = 1
x7_2 = 1
x10_2 = 1
x29_3 = 1
w1 = 1
w2 = 1
w3 = 1
