Tiempo de corrida total: 0.0114028
Tiempo de corrida recorrer el arbol: 0.00995708
Valor de la funcion objetivo: 1
x2_3 = 1
x3_3 = 1
x5_3 = 1
x10_3 = 1
x11_3 = 1
x18_3 = 1
x20_3 = 1
x25_3 = 1
x32_3 = 1
x39_3 = 1
w3 = 1
