Tiempo de corrida total: 0.190343
Tiempo de corrida recorrer el arbol: 0.0717151
Valor de la funcion objetivo: 1
x16_3 = 1
x20_3 = 1
x33_3 = 1
x35_3 = 1
x43_3 = 1
w3 = 1
