Tiempo de corrida total: 4.84133
Tiempo de corrida recorrer el arbol: 4.18803
Valor de la funcion objetivo: 2
x1_3 = 1
x2_3 = 1
x10_3 = 1
x11_3 = 1
x36_3 = 1
x43_3 = 1
x5_9 = 1
x31_9 = 1
x33_9 = 1
x44_9 = 1
w3 = 1
w9 = 1
