Tiempo de corrida total: 0.060467
Tiempo de corrida recorrer el arbol: 0.027143
Valor de la funcion objetivo: 1
x1_2 = 1
x2_2 = 1
x23_2 = 1
x27_2 = 1
x30_2 = 1
w2 = 1
