Tiempo de corrida total: 0.262337
Tiempo de corrida recorrer el arbol: 0.198389
Valor de la funcion objetivo: 3
x7_1 = 1
x18_1 = 1
x28_3 = 1
x14_4 = 1
x27_4 = 1
w1 = 1
w3 = 1
w4 = 1
