Tiempo de corrida total: 0.760466
Tiempo de corrida recorrer el arbol: 0.730622
Valor de la funcion objetivo: 2
x1_3 = 1
x2_3 = 1
x11_3 = 1
x15_3 = 1
x16_3 = 1
x18_3 = 1
x19_3 = 1
x35_3 = 1
x37_3 = 1
x42_3 = 1
x50_3 = 1
x27_5 = 1
x32_5 = 1
x45_5 = 1
x47_5 = 1
w3 = 1
w5 = 1
