Tiempo de corrida total: 0.380551
Tiempo de corrida recorrer el arbol: 0.361037
Valor de la funcion objetivo: 2
x5_1 = 1
x15_1 = 1
x9_2 = 1
x23_2 = 1
x26_2 = 1
w1 = 1
w2 = 1
