Tiempo de corrida total: 3.86708
Tiempo de corrida recorrer el arbol: 3.82169
Valor de la funcion objetivo: 1
x3_2 = 1
x13_2 = 1
x15_2 = 1
x16_2 = 1
x21_2 = 1
x27_2 = 1
x29_2 = 1
x33_2 = 1
x41_2 = 1
x42_2 = 1
w2 = 1
