Tiempo de corrida total: 0.0654399
Tiempo de corrida recorrer el arbol: 0.0302141
Valor de la funcion objetivo: 1
x5_4 = 1
x18_4 = 1
x22_4 = 1
x25_4 = 1
x29_4 = 1
w4 = 1
