Tiempo de corrida total: 4.28286
Tiempo de corrida recorrer el arbol: 3.87413
Valor de la funcion objetivo: 4
x3_1 = 1
x10_1 = 1
x36_1 = 1
x6_4 = 1
x31_4 = 1
x34_4 = 1
x21_7 = 1
x37_7 = 1
x4_9 = 1
x26_9 = 1
w1 = 1
w4 = 1
w7 = 1
w9 = 1
