Tiempo de corrida total: 7.80315
Tiempo de corrida recorrer el arbol: 7.37774
Valor de la funcion objetivo: 4
x27_1 = 1
x36_1 = 1
x35_4 = 1
x38_4 = 1
x40_4 = 1
x8_7 = 1
x9_7 = 1
x20_7 = 1
x1_10 = 1
x26_10 = 1
w1 = 1
w4 = 1
w7 = 1
w10 = 1
