Tiempo de corrida total: 1.74304
Tiempo de corrida recorrer el arbol: 1.73502
Valor de la funcion objetivo: 1
x11_10 = 1
x14_10 = 1
x16_10 = 1
x23_10 = 1
x24_10 = 1
x28_10 = 1
x29_10 = 1
x33_10 = 1
x37_10 = 1
x49_10 = 1
w10 = 1
