Tiempo de corrida total: 0.0365689
Tiempo de corrida recorrer el arbol: 0.01598
Valor de la funcion objetivo: 1
x5_3 = 1
x9_3 = 1
x11_3 = 1
x13_3 = 1
x14_3 = 1
x16_3 = 1
x18_3 = 1
x26_3 = 1
x27_3 = 1
x28_3 = 1
w3 = 1
