Tiempo de corrida total: 9.02938
Tiempo de corrida recorrer el arbol: 8.73292
Valor de la funcion objetivo: 3
x4_8 = 1
x25_8 = 1
x31_8 = 1
x33_8 = 1
x37_8 = 1
x39_8 = 1
x3_11 = 1
x10_11 = 1
x18_11 = 1
x29_11 = 1
x30_11 = 1
x32_11 = 1
x34_11 = 1
x15_14 = 1
x20_14 = 1
x22_14 = 1
x27_14 = 1
x35_14 = 1
x36_14 = 1
x40_14 = 1
w8 = 1
w11 = 1
w14 = 1
