Tiempo de corrida total: 0.0378821
Tiempo de corrida recorrer el arbol: 0.031172
Valor de la funcion objetivo: 1
x1_5 = 1
x6_5 = 1
x11_5 = 1
x14_5 = 1
x24_5 = 1
w5 = 1
