Tiempo de corrida total: 0.09376
Tiempo de corrida recorrer el arbol: 0.0131609
Valor de la funcion objetivo: 3
x5_6 = 1
x12_6 = 1
x19_6 = 1
x2_7 = 1
x10_7 = 1
x17_7 = 1
x26_7 = 1
x14_9 = 1
x27_9 = 1
x30_9 = 1
w6 = 1
w7 = 1
w9 = 1
