Tiempo de corrida total: 0.84409
Tiempo de corrida recorrer el arbol: 0.840298
Valor de la funcion objetivo: 2
x1_1 = 1
x2_1 = 1
x3_1 = 1
x5_1 = 1
x6_1 = 1
x7_1 = 1
x9_1 = 1
x18_1 = 1
x19_1 = 1
x25_1 = 1
x30_1 = 1
x37_1 = 1
x4_2 = 1
x10_2 = 1
x14_2 = 1
w1 = 1
w2 = 1
