Tiempo de corrida total: 3.12951
Tiempo de corrida recorrer el arbol: 2.94867
Valor de la funcion objetivo: 2
x11_7 = 1
x27_7 = 1
x4_8 = 1
x14_8 = 1
x15_8 = 1
x16_8 = 1
x25_8 = 1
x29_8 = 1
x37_8 = 1
x40_8 = 1
w7 = 1
w8 = 1
