Tiempo de corrida total: 0.793594
Tiempo de corrida recorrer el arbol: 0.765225
Valor de la funcion objetivo: 2
x2_1 = 1
x3_1 = 1
x25_1 = 1
x30_1 = 1
x4_14 = 1
x10_14 = 1
x20_14 = 1
x22_14 = 1
x33_14 = 1
x35_14 = 1
x39_14 = 1
x46_14 = 1
x47_14 = 1
x48_14 = 1
x49_14 = 1
w1 = 1
w14 = 1
