Tiempo de corrida total: 0.127836
Tiempo de corrida recorrer el arbol: 0.051533
Valor de la funcion objetivo: 2
x2_7 = 1
x6_7 = 1
x10_7 = 1
x16_7 = 1
x18_7 = 1
x20_7 = 1
x24_7 = 1
x25_7 = 1
x1_15 = 1
x4_15 = 1
x5_15 = 1
x7_15 = 1
x14_15 = 1
x23_15 = 1
x28_15 = 1
w7 = 1
w15 = 1
