Tiempo de corrida total: 0.406067
Tiempo de corrida recorrer el arbol: 0.0843031
Valor de la funcion objetivo: 2
x8_2 = 1
x4_3 = 1
x5_3 = 1
x7_3 = 1
x24_3 = 1
w2 = 1
w3 = 1
