Tiempo de corrida total: 1.26799
Tiempo de corrida recorrer el arbol: 1.20552
Valor de la funcion objetivo: 2
x1_8 = 1
x14_8 = 1
x26_8 = 1
x29_8 = 1
x36_8 = 1
x39_8 = 1
x40_8 = 1
x5_12 = 1
x16_12 = 1
x17_12 = 1
x25_12 = 1
x31_12 = 1
x34_12 = 1
x43_12 = 1
x48_12 = 1
w8 = 1
w12 = 1
