Tiempo de corrida total: 6.78708
Tiempo de corrida recorrer el arbol: 6.75198
Valor de la funcion objetivo: 3
x1_3 = 1
x12_3 = 1
x16_3 = 1
x19_3 = 1
x20_3 = 1
x31_3 = 1
x34_3 = 1
x37_3 = 1
x8_6 = 1
x18_6 = 1
x25_6 = 1
x29_6 = 1
x33_6 = 1
x36_6 = 1
x2_14 = 1
x5_14 = 1
x13_14 = 1
x27_14 = 1
x28_14 = 1
x40_14 = 1
w3 = 1
w6 = 1
w14 = 1
