Tiempo de corrida total: 0.691529
Tiempo de corrida recorrer el arbol: 0.628123
Valor de la funcion objetivo: 1
x11_4 = 1
x20_4 = 1
x24_4 = 1
x26_4 = 1
x33_4 = 1
w4 = 1
