Tiempo de corrida total: 0.013449
Tiempo de corrida recorrer el arbol: 0.0118032
Valor de la funcion objetivo: 1
x1_1 = 1
x2_1 = 1
x6_1 = 1
x8_1 = 1
x26_1 = 1
w1 = 1
