Tiempo de corrida total: 3.05801
Tiempo de corrida recorrer el arbol: 2.84061
Valor de la funcion objetivo: 2
x5_1 = 1
x12_1 = 1
x16_1 = 1
x24_1 = 1
x29_1 = 1
x37_1 = 1
x39_1 = 1
x2_5 = 1
x20_5 = 1
x31_5 = 1
w1 = 1
w5 = 1
