Tiempo de corrida total: 0.293496
Tiempo de corrida recorrer el arbol: 0.21672
Valor de la funcion objetivo: 2
x18_7 = 1
x20_7 = 1
x27_7 = 1
x30_7 = 1
x11_9 = 1
x12_9 = 1
x13_9 = 1
x16_9 = 1
x17_9 = 1
x23_9 = 1
w7 = 1
w9 = 1
