Tiempo de corrida total: 0.195188
Tiempo de corrida recorrer el arbol: 0.046741
Valor de la funcion objetivo: 4
x10_4 = 1
x14_4 = 1
x20_4 = 1
x22_4 = 1
x11_7 = 1
x12_7 = 1
x19_7 = 1
x26_7 = 1
x4_13 = 1
x9_13 = 1
x16_13 = 1
x21_13 = 1
x25_13 = 1
x29_13 = 1
x30_13 = 1
x5_14 = 1
x8_14 = 1
x18_14 = 1
x23_14 = 1
x24_14 = 1
w4 = 1
w7 = 1
w13 = 1
w14 = 1
