Tiempo de corrida total: 0.146511
Tiempo de corrida recorrer el arbol: 0.132607
Valor de la funcion objetivo: 1
x2_8 = 1
x12_8 = 1
x18_8 = 1
x22_8 = 1
x35_8 = 1
x37_8 = 1
x39_8 = 1
x42_8 = 1
x43_8 = 1
x49_8 = 1
w8 = 1
