Tiempo de corrida total: 2.75351
Tiempo de corrida recorrer el arbol: 2.45534
Valor de la funcion objetivo: 1
x9_1 = 1
x13_1 = 1
x16_1 = 1
x25_1 = 1
x32_1 = 1
x37_1 = 1
x38_1 = 1
x39_1 = 1
x41_1 = 1
x50_1 = 1
w1 = 1
