Tiempo de corrida total: 2.94751
Tiempo de corrida recorrer el arbol: 2.93035
Valor de la funcion objetivo: 2
x5_5 = 1
x6_5 = 1
x14_5 = 1
x25_5 = 1
x44_5 = 1
x9_7 = 1
x17_7 = 1
x24_7 = 1
x27_7 = 1
x48_7 = 1
w5 = 1
w7 = 1
