Tiempo de corrida total: 0.037122
Tiempo de corrida recorrer el arbol: 0.00751019
Valor de la funcion objetivo: 1
x1_1 = 1
x3_1 = 1
x9_1 = 1
x12_1 = 1
x14_1 = 1
w1 = 1
