Tiempo de corrida total: 0.0618238
Tiempo de corrida recorrer el arbol: 0.0267649
Valor de la funcion objetivo: 1
x21_4 = 1
x22_4 = 1
x24_4 = 1
x25_4 = 1
x27_4 = 1
w4 = 1
