Tiempo de corrida total: 0.021039
Tiempo de corrida recorrer el arbol: 0.00640321
Valor de la funcion objetivo: 1
x8_5 = 1
x17_5 = 1
x20_5 = 1
x33_5 = 1
x39_5 = 1
w5 = 1
