Tiempo de corrida total: 0.181489
Tiempo de corrida recorrer el arbol: 0.033412
Valor de la funcion objetivo: 2
x17_3 = 1
x32_3 = 1
x33_3 = 1
x14_4 = 1
x22_4 = 1
w3 = 1
w4 = 1
