Tiempo de corrida total: 0.12654
Tiempo de corrida recorrer el arbol: 0.02564
Valor de la funcion objetivo: 1
x9_4 = 1
x13_4 = 1
x17_4 = 1
x24_4 = 1
x34_4 = 1
w4 = 1
