Tiempo de corrida total: 0.347413
Tiempo de corrida recorrer el arbol: 0.0423288
Valor de la funcion objetivo: 2
x1_3 = 1
x7_3 = 1
x21_5 = 1
x32_5 = 1
x33_5 = 1
w3 = 1
w5 = 1
