Tiempo de corrida total: 2.04618
Tiempo de corrida recorrer el arbol: 1.87826
Valor de la funcion objetivo: 5
x27_2 = 1
x9_3 = 1
x26_3 = 1
x1_4 = 1
x3_4 = 1
x21_4 = 1
x23_7 = 1
x30_7 = 1
x5_8 = 1
x22_8 = 1
w2 = 1
w3 = 1
w4 = 1
w7 = 1
w8 = 1
