Tiempo de corrida total: 0.383408
Tiempo de corrida recorrer el arbol: 0.0478342
Valor de la funcion objetivo: 2
x9_1 = 1
x16_1 = 1
x12_2 = 1
x21_2 = 1
x33_2 = 1
w1 = 1
w2 = 1
