Tiempo de corrida total: 1.71217
Tiempo de corrida recorrer el arbol: 0.0856161
Valor de la funcion objetivo: 2
x2_4 = 1
x11_4 = 1
x12_4 = 1
x18_4 = 1
x20_4 = 1
x27_4 = 1
x37_4 = 1
x48_4 = 1
x5_10 = 1
x13_10 = 1
x29_10 = 1
x43_10 = 1
x45_10 = 1
x47_10 = 1
x49_10 = 1
w4 = 1
w10 = 1
