Tiempo de corrida total: 0.029166
Tiempo de corrida recorrer el arbol: 0.00680995
Valor de la funcion objetivo: 1
x32_4 = 1
x34_4 = 1
x35_4 = 1
x36_4 = 1
x40_4 = 1
w4 = 1
