Tiempo de corrida total: 0.215075
Tiempo de corrida recorrer el arbol: 0.197954
Valor de la funcion objetivo: 2
x2_4 = 1
x15_4 = 1
x21_5 = 1
x28_5 = 1
x29_5 = 1
w4 = 1
w5 = 1
