Tiempo de corrida total: 0.199822
Tiempo de corrida recorrer el arbol: 0.186846
Valor de la funcion objetivo: 2
x2_4 = 1
x5_4 = 1
x10_4 = 1
x11_4 = 1
x15_4 = 1
x19_4 = 1
x20_4 = 1
x23_4 = 1
x27_4 = 1
x28_4 = 1
x30_4 = 1
x1_11 = 1
x6_11 = 1
x12_11 = 1
x16_11 = 1
w4 = 1
w11 = 1
