Tiempo de corrida total: 1.25858
Tiempo de corrida recorrer el arbol: 1.06693
Valor de la funcion objetivo: 2
x3_2 = 1
x17_2 = 1
x32_2 = 1
x2_3 = 1
x25_3 = 1
w2 = 1
w3 = 1
