Tiempo de corrida total: 0.371358
Tiempo de corrida recorrer el arbol: 0.120251
Valor de la funcion objetivo: 2
x1_2 = 1
x7_2 = 1
x9_2 = 1
x23_2 = 1
x26_2 = 1
x28_2 = 1
x36_2 = 1
x14_11 = 1
x16_11 = 1
x17_11 = 1
x19_11 = 1
x31_11 = 1
x34_11 = 1
x43_11 = 1
x48_11 = 1
w2 = 1
w11 = 1
