Tiempo de corrida total: 0.0706429
Tiempo de corrida recorrer el arbol: 0.0103891
Valor de la funcion objetivo: 1
x6_5 = 1
x9_5 = 1
x10_5 = 1
x11_5 = 1
x12_5 = 1
x13_5 = 1
x14_5 = 1
x18_5 = 1
x28_5 = 1
x29_5 = 1
x32_5 = 1
x34_5 = 1
x36_5 = 1
x37_5 = 1
x38_5 = 1
w5 = 1
