Tiempo de corrida total: 0.508888
Tiempo de corrida recorrer el arbol: 0.500843
Valor de la funcion objetivo: 2
x1_1 = 1
x3_1 = 1
x5_1 = 1
x10_1 = 1
x12_1 = 1
x16_1 = 1
x17_1 = 1
x23_1 = 1
x24_1 = 1
x28_1 = 1
x29_1 = 1
x2_15 = 1
x14_15 = 1
x25_15 = 1
x27_15 = 1
w1 = 1
w15 = 1
