Tiempo de corrida total: 0.717597
Tiempo de corrida recorrer el arbol: 0.543213
Valor de la funcion objetivo: 2
x3_11 = 1
x11_11 = 1
x13_11 = 1
x17_11 = 1
x24_11 = 1
x29_11 = 1
x36_11 = 1
x40_11 = 1
x5_12 = 1
x7_12 = 1
x16_12 = 1
x21_12 = 1
x25_12 = 1
x26_12 = 1
x27_12 = 1
w11 = 1
w12 = 1
