Tiempo de corrida total: 0.141678
Tiempo de corrida recorrer el arbol: 0.0551541
Valor de la funcion objetivo: 2
x26_3 = 1
x3_4 = 1
x5_4 = 1
x11_4 = 1
x23_4 = 1
w3 = 1
w4 = 1
