Tiempo de corrida total: 0.044378
Tiempo de corrida recorrer el arbol: 0.00615811
Valor de la funcion objetivo: 1
x1_1 = 1
x2_1 = 1
x4_1 = 1
x5_1 = 1
x6_1 = 1
x9_1 = 1
x12_1 = 1
x24_1 = 1
x27_1 = 1
x34_1 = 1
w1 = 1
