Tiempo de corrida total: 0.125219
Tiempo de corrida recorrer el arbol: 0.0549359
Valor de la funcion objetivo: 1
x4_2 = 1
x11_2 = 1
x12_2 = 1
x16_2 = 1
x26_2 = 1
w2 = 1
