Tiempo de corrida total: 0.0330241
Tiempo de corrida recorrer el arbol: 0.0296779
Valor de la funcion objetivo: 1
x3_1 = 1
x12_1 = 1
x15_1 = 1
x21_1 = 1
x35_1 = 1
w1 = 1
