Tiempo de corrida total: 2.70184
Tiempo de corrida recorrer el arbol: 1.10705
Valor de la funcion objetivo: 3
x3_1 = 1
x10_1 = 1
x25_1 = 1
x11_5 = 1
x13_5 = 1
x16_5 = 1
x2_6 = 1
x4_6 = 1
x5_6 = 1
x14_6 = 1
w1 = 1
w5 = 1
w6 = 1
