Tiempo de corrida total: 0.535041
Tiempo de corrida recorrer el arbol: 0.471622
Valor de la funcion objetivo: 2
x14_2 = 1
x23_2 = 1
x26_2 = 1
x13_4 = 1
x25_4 = 1
w2 = 1
w4 = 1
