Tiempo de corrida total: 0.793673
Tiempo de corrida recorrer el arbol: 0.787338
Valor de la funcion objetivo: 2
x1_1 = 1
x7_1 = 1
x25_1 = 1
x6_2 = 1
x29_2 = 1
w1 = 1
w2 = 1
