Tiempo de corrida total: 0.023984
Tiempo de corrida recorrer el arbol: 0.00580502
Valor de la funcion objetivo: 1
x2_1 = 1
x3_1 = 1
x4_1 = 1
x5_1 = 1
x25_1 = 1
w1 = 1
