Tiempo de corrida total: 1.54471
Tiempo de corrida recorrer el arbol: 1.12766
Valor de la funcion objetivo: 4
x15_3 = 1
x25_3 = 1
x13_5 = 1
x28_5 = 1
x31_7 = 1
x34_7 = 1
x35_7 = 1
x12_8 = 1
x18_8 = 1
x29_8 = 1
w3 = 1
w5 = 1
w7 = 1
w8 = 1
