Tiempo de corrida total: 0.239599
Tiempo de corrida recorrer el arbol: 0.0292242
Valor de la funcion objetivo: 1
x2_1 = 1
x7_1 = 1
x13_1 = 1
x25_1 = 1
x38_1 = 1
w1 = 1
