Tiempo de corrida total: 0.195198
Tiempo de corrida recorrer el arbol: 0.0351732
Valor de la funcion objetivo: 1
x6_4 = 1
x9_4 = 1
x12_4 = 1
x18_4 = 1
x45_4 = 1
w4 = 1
