Tiempo de corrida total: 0.0682809
Tiempo de corrida recorrer el arbol: 0.0271769
Valor de la funcion objetivo: 1
x12_6 = 1
x18_6 = 1
x19_6 = 1
x22_6 = 1
x23_6 = 1
x26_6 = 1
x27_6 = 1
x35_6 = 1
x43_6 = 1
x50_6 = 1
w6 = 1
