Tiempo de corrida total: 2.51323
Tiempo de corrida recorrer el arbol: 2.46969
Valor de la funcion objetivo: 2
x20_2 = 1
x23_2 = 1
x30_2 = 1
x36_2 = 1
x4_3 = 1
x14_3 = 1
x15_3 = 1
x17_3 = 1
x31_3 = 1
x38_3 = 1
w2 = 1
w3 = 1
