Tiempo de corrida total: 3.56333
Tiempo de corrida recorrer el arbol: 3.31156
Valor de la funcion objetivo: 2
x9_6 = 1
x28_6 = 1
x30_6 = 1
x31_6 = 1
x32_6 = 1
x38_6 = 1
x42_6 = 1
x46_6 = 1
x4_7 = 1
x6_7 = 1
x11_7 = 1
x12_7 = 1
x16_7 = 1
x22_7 = 1
x29_7 = 1
x33_7 = 1
x43_7 = 1
x45_7 = 1
x47_7 = 1
x49_7 = 1
w6 = 1
w7 = 1
