Tiempo de corrida total: 0.183687
Tiempo de corrida recorrer el arbol: 0.052577
Valor de la funcion objetivo: 2
x1_3 = 1
x9_3 = 1
x12_3 = 1
x18_3 = 1
x20_3 = 1
x24_3 = 1
x26_3 = 1
x29_3 = 1
x30_3 = 1
x33_3 = 1
x34_3 = 1
x35_3 = 1
x2_7 = 1
x5_7 = 1
x16_7 = 1
x27_7 = 1
x31_7 = 1
x36_7 = 1
x37_7 = 1
x40_7 = 1
w3 = 1
w7 = 1
