Tiempo de corrida total: 0.283105
Tiempo de corrida recorrer el arbol: 0.211509
Valor de la funcion objetivo: 6
x15_1 = 1
x17_1 = 1
x29_2 = 1
x4_3 = 1
x16_3 = 1
x13_5 = 1
x19_5 = 1
x10_6 = 1
x21_6 = 1
x24_8 = 1
w1 = 1
w2 = 1
w3 = 1
w5 = 1
w6 = 1
w8 = 1
