Tiempo de corrida total: 0.167939
Tiempo de corrida recorrer el arbol: 0.014246
Valor de la funcion objetivo: 2
x1_7 = 1
x13_7 = 1
x22_7 = 1
x3_9 = 1
x4_9 = 1
x7_9 = 1
x12_9 = 1
x15_9 = 1
x16_9 = 1
x17_9 = 1
x21_9 = 1
x23_9 = 1
x24_9 = 1
x25_9 = 1
x27_9 = 1
w7 = 1
w9 = 1
