Tiempo de corrida total: 0.442174
Tiempo de corrida recorrer el arbol: 0.186828
Valor de la funcion objetivo: 1
x3_4 = 1
x4_4 = 1
x14_4 = 1
x21_4 = 1
x30_4 = 1
w4 = 1
