Tiempo de corrida total: 0.053817
Tiempo de corrida recorrer el arbol: 0.0217872
Valor de la funcion objetivo: 1
x14_4 = 1
x22_4 = 1
x28_4 = 1
x29_4 = 1
x30_4 = 1
w4 = 1
