Tiempo de corrida total: 0.0104859
Tiempo de corrida recorrer el arbol: 0.00618792
Valor de la funcion objetivo: 1
x4_5 = 1
x15_5 = 1
x22_5 = 1
x24_5 = 1
x30_5 = 1
w5 = 1
