Tiempo de corrida total: 0.048959
Tiempo de corrida recorrer el arbol: 0.0393469
Valor de la funcion objetivo: 1
x7_15 = 1
x8_15 = 1
x9_15 = 1
x10_15 = 1
x16_15 = 1
x21_15 = 1
x23_15 = 1
x25_15 = 1
x26_15 = 1
x27_15 = 1
x29_15 = 1
x30_15 = 1
x32_15 = 1
x33_15 = 1
x37_15 = 1
w15 = 1
