Tiempo de corrida total: 0.070035
Tiempo de corrida recorrer el arbol: 0.0273361
Valor de la funcion objetivo: 2
x9_3 = 1
x12_3 = 1
x15_3 = 1
x18_3 = 1
x23_3 = 1
x28_3 = 1
x3_11 = 1
x7_11 = 1
x11_11 = 1
x16_11 = 1
x19_11 = 1
x20_11 = 1
x21_11 = 1
x25_11 = 1
x26_11 = 1
w3 = 1
w11 = 1
