Tiempo de corrida total: 0.142968
Tiempo de corrida recorrer el arbol: 0.135538
Valor de la funcion objetivo: 2
x6_5 = 1
x9_5 = 1
x17_5 = 1
x34_5 = 1
x37_5 = 1
x5_7 = 1
x13_7 = 1
x15_7 = 1
x21_7 = 1
x24_7 = 1
w5 = 1
w7 = 1
