Tiempo de corrida total: 2.79981
Tiempo de corrida recorrer el arbol: 2.30911
Valor de la funcion objetivo: 3
x16_5 = 1
x17_5 = 1
x20_5 = 1
x28_6 = 1
x32_6 = 1
x35_6 = 1
x36_6 = 1
x19_10 = 1
x29_10 = 1
x34_10 = 1
w5 = 1
w6 = 1
w10 = 1
