Tiempo de corrida total: 8.14953
Tiempo de corrida recorrer el arbol: 7.01347
Valor de la funcion objetivo: 4
x1_2 = 1
x3_2 = 1
x5_2 = 1
x13_2 = 1
x20_2 = 1
x2_4 = 1
x27_4 = 1
x30_4 = 1
x18_10 = 1
x22_10 = 1
x29_10 = 1
x12_14 = 1
x14_14 = 1
x16_14 = 1
x17_14 = 1
w2 = 1
w4 = 1
w10 = 1
w14 = 1
