Tiempo de corrida total: 0.0187471
Tiempo de corrida recorrer el arbol: 0.00757599
Valor de la funcion objetivo: 1
x10_4 = 1
x12_4 = 1
x24_4 = 1
x29_4 = 1
x30_4 = 1
w4 = 1
