Tiempo de corrida total: 0.16089
Tiempo de corrida recorrer el arbol: 0.101759
Valor de la funcion objetivo: 2
x5_2 = 1
x11_2 = 1
x6_5 = 1
x22_5 = 1
x23_5 = 1
w2 = 1
w5 = 1
