Tiempo de corrida total: 0.454861
Tiempo de corrida recorrer el arbol: 0.189811
Valor de la funcion objetivo: 2
x4_3 = 1
x6_3 = 1
x29_3 = 1
x32_3 = 1
x38_3 = 1
x8_5 = 1
x12_5 = 1
x21_5 = 1
x27_5 = 1
x31_5 = 1
w3 = 1
w5 = 1
