Tiempo de corrida total: 0.09867
Tiempo de corrida recorrer el arbol: 0.0417399
Valor de la funcion objetivo: 2
x6_2 = 1
x10_2 = 1
x9_4 = 1
x12_4 = 1
x13_4 = 1
w2 = 1
w4 = 1
