Tiempo de corrida total: 1.22226
Tiempo de corrida recorrer el arbol: 0.113627
Valor de la funcion objetivo: 4
x27_2 = 1
x34_2 = 1
x36_2 = 1
x38_6 = 1
x40_6 = 1
x12_7 = 1
x13_7 = 1
x29_7 = 1
x7_9 = 1
x35_9 = 1
w2 = 1
w6 = 1
w7 = 1
w9 = 1
