Tiempo de corrida total: 1.44901
Tiempo de corrida recorrer el arbol: 1.36574
Valor de la funcion objetivo: 2
x7_2 = 1
x13_2 = 1
x14_2 = 1
x16_2 = 1
x18_2 = 1
x20_2 = 1
x22_2 = 1
x24_2 = 1
x34_2 = 1
x37_2 = 1
x38_2 = 1
x39_2 = 1
x40_2 = 1
x1_14 = 1
x6_14 = 1
w2 = 1
w14 = 1
