Tiempo de corrida total: 0.517754
Tiempo de corrida recorrer el arbol: 0.512863
Valor de la funcion objetivo: 2
x2_1 = 1
x16_1 = 1
x24_1 = 1
x26_1 = 1
x28_1 = 1
x29_1 = 1
x30_1 = 1
x31_1 = 1
x36_1 = 1
x39_1 = 1
x40_1 = 1
x1_10 = 1
x3_10 = 1
x6_10 = 1
x9_10 = 1
x11_10 = 1
x18_10 = 1
x19_10 = 1
x32_10 = 1
x33_10 = 1
w1 = 1
w10 = 1
