Tiempo de corrida total: 2.59978
Tiempo de corrida recorrer el arbol: 2.56832
Valor de la funcion objetivo: 2
x1_4 = 1
x26_4 = 1
x27_4 = 1
x9_7 = 1
x11_7 = 1
x13_7 = 1
x15_7 = 1
x22_7 = 1
x31_7 = 1
x34_7 = 1
w4 = 1
w7 = 1
