Tiempo de corrida total: 0.010658
Tiempo de corrida recorrer el arbol: 0.00503206
Valor de la funcion objetivo: 1
x1_2 = 1
x2_2 = 1
x4_2 = 1
x8_2 = 1
x13_2 = 1
x16_2 = 1
x21_2 = 1
x23_2 = 1
x29_2 = 1
x30_2 = 1
w2 = 1
