Tiempo de corrida total: 0.216598
Tiempo de corrida recorrer el arbol: 0.0316191
Valor de la funcion objetivo: 2
x10_2 = 1
x17_2 = 1
x26_2 = 1
x16_5 = 1
x19_5 = 1
w2 = 1
w5 = 1
