Tiempo de corrida total: 0.0106459
Tiempo de corrida recorrer el arbol: 0.00899005
Valor de la funcion objetivo: 1
x1_1 = 1
x2_1 = 1
x3_1 = 1
x6_1 = 1
x13_1 = 1
w1 = 1
