Tiempo de corrida total: 0.060055
Tiempo de corrida recorrer el arbol: 0.0361161
Valor de la funcion objetivo: 1
x6_1 = 1
x7_1 = 1
x8_1 = 1
x12_1 = 1
x15_1 = 1
x24_1 = 1
x29_1 = 1
x37_1 = 1
x45_1 = 1
x48_1 = 1
w1 = 1
