Tiempo de corrida total: 4.97047
Tiempo de corrida recorrer el arbol: 4.71577
Valor de la funcion objetivo: 3
x4_4 = 1
x5_4 = 1
x8_4 = 1
x10_4 = 1
x19_4 = 1
x25_4 = 1
x30_4 = 1
x6_11 = 1
x16_11 = 1
x18_11 = 1
x27_11 = 1
x3_17 = 1
x9_17 = 1
x12_17 = 1
x13_17 = 1
x14_17 = 1
x17_17 = 1
x23_17 = 1
x24_17 = 1
x29_17 = 1
w4 = 1
w11 = 1
w17 = 1
