Tiempo de corrida total: 0.118306
Tiempo de corrida recorrer el arbol: 0.0219939
Valor de la funcion objetivo: 3
x5_2 = 1
x29_2 = 1
x16_3 = 1
x8_4 = 1
x24_4 = 1
w2 = 1
w3 = 1
w4 = 1
