Tiempo de corrida total: 0.026335
Tiempo de corrida recorrer el arbol: 0.0201132
Valor de la funcion objetivo: 1
x1_1 = 1
x2_1 = 1
x3_1 = 1
x8_1 = 1
x9_1 = 1
x14_1 = 1
x15_1 = 1
x19_1 = 1
x26_1 = 1
x27_1 = 1
x34_1 = 1
x35_1 = 1
x37_1 = 1
x44_1 = 1
x47_1 = 1
w1 = 1
