Tiempo de corrida total: 0.192657
Tiempo de corrida recorrer el arbol: 0.072665
Valor de la funcion objetivo: 2
x8_2 = 1
x13_2 = 1
x10_3 = 1
x36_3 = 1
x37_3 = 1
w2 = 1
w3 = 1
