Tiempo de corrida total: 0.0862019
Tiempo de corrida recorrer el arbol: 0.0152199
Valor de la funcion objetivo: 2
x8_5 = 1
x19_5 = 1
x21_5 = 1
x30_5 = 1
x5_7 = 1
x7_7 = 1
x10_7 = 1
x20_7 = 1
x24_7 = 1
x28_7 = 1
w5 = 1
w7 = 1
