Tiempo de corrida total: 0.075772
Tiempo de corrida recorrer el arbol: 0.0140579
Valor de la funcion objetivo: 1
x30_3 = 1
x36_3 = 1
x38_3 = 1
x39_3 = 1
x40_3 = 1
w3 = 1
