Tiempo de corrida total: 0.013778
Tiempo de corrida recorrer el arbol: 0.00651383
Valor de la funcion objetivo: 1
x4_10 = 1
x5_10 = 1
x10_10 = 1
x14_10 = 1
x15_10 = 1
x20_10 = 1
x21_10 = 1
x23_10 = 1
x34_10 = 1
x36_10 = 1
w10 = 1
