Tiempo de corrida total: 0.291139
Tiempo de corrida recorrer el arbol: 0.24957
Valor de la funcion objetivo: 2
x1_11 = 1
x9_11 = 1
x13_11 = 1
x16_11 = 1
x24_11 = 1
x37_11 = 1
x2_15 = 1
x3_15 = 1
x8_15 = 1
x15_15 = 1
x20_15 = 1
x22_15 = 1
x25_15 = 1
x26_15 = 1
x27_15 = 1
x28_15 = 1
x29_15 = 1
x34_15 = 1
x36_15 = 1
x40_15 = 1
w11 = 1
w15 = 1
