Tiempo de corrida total: 0.0486209
Tiempo de corrida recorrer el arbol: 0.00988793
Valor de la funcion objetivo: 1
x1_1 = 1
x4_1 = 1
x13_1 = 1
x24_1 = 1
x42_1 = 1
w1 = 1
