Tiempo de corrida total: 0.147486
Tiempo de corrida recorrer el arbol: 0.0455132
Valor de la funcion objetivo: 1
x9_4 = 1
x10_4 = 1
x12_4 = 1
x15_4 = 1
x26_4 = 1
w4 = 1
