Tiempo de corrida total: 2.66481
Tiempo de corrida recorrer el arbol: 2.65605
Valor de la funcion objetivo: 2
x1_1 = 1
x5_1 = 1
x11_1 = 1
x12_1 = 1
x16_1 = 1
x21_1 = 1
x26_1 = 1
x38_1 = 1
x40_1 = 1
x45_1 = 1
x3_15 = 1
x17_15 = 1
x23_15 = 1
x24_15 = 1
x46_15 = 1
w1 = 1
w15 = 1
