Tiempo de corrida total: 0.0225811
Tiempo de corrida recorrer el arbol: 0.00798297
Valor de la funcion objetivo: 1
x2_3 = 1
x5_3 = 1
x13_3 = 1
x25_3 = 1
x30_3 = 1
w3 = 1
