Tiempo de corrida total: 0.0131278
Tiempo de corrida recorrer el arbol: 0.011272
Valor de la funcion objetivo: 1
x1_1 = 1
x2_1 = 1
x6_1 = 1
x8_1 = 1
x9_1 = 1
w1 = 1
