Tiempo de corrida total: 2.09579
Tiempo de corrida recorrer el arbol: 1.88274
Valor de la funcion objetivo: 1
x3_2 = 1
x4_2 = 1
x6_2 = 1
x9_2 = 1
x14_2 = 1
x18_2 = 1
x19_2 = 1
x39_2 = 1
x43_2 = 1
x47_2 = 1
w2 = 1
