Tiempo de corrida total: 0.682453
Tiempo de corrida recorrer el arbol: 0.58647
Valor de la funcion objetivo: 2
x14_10 = 1
x29_10 = 1
x3_15 = 1
x9_15 = 1
x11_15 = 1
x13_15 = 1
x15_15 = 1
x17_15 = 1
x21_15 = 1
x22_15 = 1
x23_15 = 1
x24_15 = 1
x34_15 = 1
x37_15 = 1
x40_15 = 1
w10 = 1
w15 = 1
