Tiempo de corrida total: 2.11448
Tiempo de corrida recorrer el arbol: 2.10567
Valor de la funcion objetivo: 2
x6_13 = 1
x10_13 = 1
x19_13 = 1
x30_13 = 1
x35_13 = 1
x41_13 = 1
x43_13 = 1
x45_13 = 1
x1_14 = 1
x3_14 = 1
x7_14 = 1
x11_14 = 1
x16_14 = 1
x28_14 = 1
x47_14 = 1
w13 = 1
w14 = 1
