Tiempo de corrida total: 1.83315
Tiempo de corrida recorrer el arbol: 0.841888
Valor de la funcion objetivo: 5
x3_2 = 1
x11_2 = 1
x20_2 = 1
x10_3 = 1
x12_3 = 1
x22_3 = 1
x8_11 = 1
x14_11 = 1
x18_11 = 1
x9_13 = 1
x16_13 = 1
x19_13 = 1
x2_14 = 1
x4_14 = 1
x25_14 = 1
w2 = 1
w3 = 1
w11 = 1
w13 = 1
w14 = 1
