Tiempo de corrida total: 4.53176
Tiempo de corrida recorrer el arbol: 3.97725
Valor de la funcion objetivo: 3
x18_4 = 1
x37_4 = 1
x39_4 = 1
x1_7 = 1
x9_7 = 1
x19_7 = 1
x24_7 = 1
x29_7 = 1
x32_7 = 1
x36_7 = 1
x7_14 = 1
x14_14 = 1
x17_14 = 1
x20_14 = 1
x22_14 = 1
w4 = 1
w7 = 1
w14 = 1
