Tiempo de corrida total: 4.05736
Tiempo de corrida recorrer el arbol: 3.83932
Valor de la funcion objetivo: 2
x15_2 = 1
x49_2 = 1
x50_2 = 1
x12_4 = 1
x19_4 = 1
x23_4 = 1
x24_4 = 1
x29_4 = 1
x38_4 = 1
x48_4 = 1
w2 = 1
w4 = 1
