Tiempo de corrida total: 0.370257
Tiempo de corrida recorrer el arbol: 0.34759
Valor de la funcion objetivo: 2
x3_7 = 1
x11_7 = 1
x13_7 = 1
x14_7 = 1
x23_7 = 1
x27_7 = 1
x36_7 = 1
x16_9 = 1
x31_9 = 1
x35_9 = 1
w7 = 1
w9 = 1
