Tiempo de corrida total: 0.078804
Tiempo de corrida recorrer el arbol: 0.072607
Valor de la funcion objetivo: 1
x5_4 = 1
x17_4 = 1
x25_4 = 1
x35_4 = 1
x45_4 = 1
w4 = 1
