Tiempo de corrida total: 9.37644
Tiempo de corrida recorrer el arbol: 9.36389
Valor de la funcion objetivo: 3
x4_7 = 1
x5_7 = 1
x8_7 = 1
x20_7 = 1
x25_7 = 1
x26_7 = 1
x1_12 = 1
x12_12 = 1
x13_12 = 1
x14_12 = 1
x21_12 = 1
x23_12 = 1
x24_12 = 1
x29_12 = 1
x6_13 = 1
x7_13 = 1
x9_13 = 1
x16_13 = 1
x18_13 = 1
x27_13 = 1
w7 = 1
w12 = 1
w13 = 1
