Tiempo de corrida total: 1.28674
Tiempo de corrida recorrer el arbol: 1.14011
Valor de la funcion objetivo: 2
x5_7 = 1
x36_7 = 1
x38_7 = 1
x44_7 = 1
x3_8 = 1
x11_8 = 1
x16_8 = 1
x18_8 = 1
x20_8 = 1
x24_8 = 1
x25_8 = 1
x30_8 = 1
x34_8 = 1
x40_8 = 1
x42_8 = 1
w7 = 1
w8 = 1
