Tiempo de corrida total: 1.74312
Tiempo de corrida recorrer el arbol: 1.69436
Valor de la funcion objetivo: 2
x1_7 = 1
x5_7 = 1
x10_7 = 1
x18_7 = 1
x25_7 = 1
x26_7 = 1
x43_7 = 1
x4_11 = 1
x6_11 = 1
x9_11 = 1
x11_11 = 1
x21_11 = 1
x22_11 = 1
x28_11 = 1
x31_11 = 1
w7 = 1
w11 = 1
