Tiempo de corrida total: 0.554964
Tiempo de corrida recorrer el arbol: 0.525624
Valor de la funcion objetivo: 2
x28_2 = 1
x34_2 = 1
x36_2 = 1
x8_4 = 1
x12_4 = 1
w2 = 1
w4 = 1
