Tiempo de corrida total: 0.306251
Tiempo de corrida recorrer el arbol: 0.294937
Valor de la funcion objetivo: 2
x1_1 = 1
x2_1 = 1
x4_1 = 1
x5_1 = 1
x6_1 = 1
x16_1 = 1
x11_2 = 1
x13_2 = 1
x24_2 = 1
x27_2 = 1
w1 = 1
w2 = 1
