Tiempo de corrida total: 7.46815
Tiempo de corrida recorrer el arbol: 7.13546
Valor de la funcion objetivo: 4
x29_2 = 1
x38_2 = 1
x40_2 = 1
x3_3 = 1
x24_3 = 1
x35_3 = 1
x7_6 = 1
x18_6 = 1
x10_8 = 1
x27_8 = 1
w2 = 1
w3 = 1
w6 = 1
w8 = 1
