Tiempo de corrida total: 0.507937
Tiempo de corrida recorrer el arbol: 0.392547
Valor de la funcion objetivo: 2
x1_7 = 1
x6_7 = 1
x22_7 = 1
x24_7 = 1
x40_7 = 1
x2_9 = 1
x12_9 = 1
x15_9 = 1
x16_9 = 1
x21_9 = 1
x26_9 = 1
x31_9 = 1
x32_9 = 1
x38_9 = 1
x39_9 = 1
w7 = 1
w9 = 1
