Tiempo de corrida total: 0.0599611
Tiempo de corrida recorrer el arbol: 0.0455611
Valor de la funcion objetivo: 1
x3_4 = 1
x8_4 = 1
x10_4 = 1
x11_4 = 1
x14_4 = 1
x22_4 = 1
x26_4 = 1
x31_4 = 1
x37_4 = 1
x40_4 = 1
w4 = 1
