Tiempo de corrida total: 0.901278
Tiempo de corrida recorrer el arbol: 0.888389
Valor de la funcion objetivo: 2
x1_1 = 1
x20_1 = 1
x9_4 = 1
x19_4 = 1
x30_4 = 1
w1 = 1
w4 = 1
