Tiempo de corrida total: 0.602215
Tiempo de corrida recorrer el arbol: 0.592138
Valor de la funcion objetivo: 2
x1_1 = 1
x4_1 = 1
x5_1 = 1
x7_1 = 1
x8_1 = 1
x9_1 = 1
x12_1 = 1
x17_1 = 1
x18_1 = 1
x19_1 = 1
x24_1 = 1
x26_1 = 1
x29_1 = 1
x31_1 = 1
x3_20 = 1
x21_20 = 1
x27_20 = 1
x34_20 = 1
x36_20 = 1
x39_20 = 1
w1 = 1
w20 = 1
