Tiempo de corrida total: 0.563499
Tiempo de corrida recorrer el arbol: 0.536558
Valor de la funcion objetivo: 2
x8_7 = 1
x19_7 = 1
x23_7 = 1
x28_7 = 1
x33_7 = 1
x48_7 = 1
x3_11 = 1
x5_11 = 1
x6_11 = 1
x16_11 = 1
x25_11 = 1
x37_11 = 1
x42_11 = 1
x44_11 = 1
x45_11 = 1
w7 = 1
w11 = 1
