Tiempo de corrida total: 1.56384
Tiempo de corrida recorrer el arbol: 0.319632
Valor de la funcion objetivo: 3
x3_8 = 1
x10_8 = 1
x17_8 = 1
x12_9 = 1
x14_9 = 1
x32_9 = 1
x5_10 = 1
x15_10 = 1
x22_10 = 1
x40_10 = 1
w8 = 1
w9 = 1
w10 = 1
