Tiempo de corrida total: 0.0673811
Tiempo de corrida recorrer el arbol: 0.0103061
Valor de la funcion objetivo: 1
x4_2 = 1
x7_2 = 1
x8_2 = 1
x18_2 = 1
x28_2 = 1
w2 = 1
