Tiempo de corrida total: 0.551836
Tiempo de corrida recorrer el arbol: 0.0279019
Valor de la funcion objetivo: 4
x7_2 = 1
x18_2 = 1
x27_2 = 1
x5_3 = 1
x16_3 = 1
x29_3 = 1
x10_4 = 1
x22_4 = 1
x12_8 = 1
x19_8 = 1
w2 = 1
w3 = 1
w4 = 1
w8 = 1
