Tiempo de corrida total: 0.696141
Tiempo de corrida recorrer el arbol: 0.665446
Valor de la funcion objetivo: 2
x1_3 = 1
x7_3 = 1
x25_3 = 1
x4_5 = 1
x12_5 = 1
w3 = 1
w5 = 1
