Tiempo de corrida total: 0.048835
Tiempo de corrida recorrer el arbol: 0.0213242
Valor de la funcion objetivo: 1
x1_1 = 1
x11_1 = 1
x13_1 = 1
x14_1 = 1
x24_1 = 1
w1 = 1
