Tiempo de corrida total: 2.68977
Tiempo de corrida recorrer el arbol: 2.68308
Valor de la funcion objetivo: 2
x1_1 = 1
x2_1 = 1
x3_1 = 1
x5_1 = 1
x7_1 = 1
x12_1 = 1
x21_1 = 1
x6_2 = 1
x32_2 = 1
x36_2 = 1
w1 = 1
w2 = 1
