Tiempo de corrida total: 0.064115
Tiempo de corrida recorrer el arbol: 0.0312409
Valor de la funcion objetivo: 1
x4_5 = 1
x7_5 = 1
x12_5 = 1
x30_5 = 1
x41_5 = 1
w5 = 1
