Tiempo de corrida total: 0.729115
Tiempo de corrida recorrer el arbol: 0.693885
Valor de la funcion objetivo: 2
x8_2 = 1
x26_2 = 1
x29_2 = 1
x31_2 = 1
x36_2 = 1
x39_2 = 1
x40_2 = 1
x1_17 = 1
x2_17 = 1
x6_17 = 1
x9_17 = 1
x11_17 = 1
x14_17 = 1
x15_17 = 1
x18_17 = 1
x19_17 = 1
x20_17 = 1
x25_17 = 1
x28_17 = 1
x33_17 = 1
w2 = 1
w17 = 1
