Tiempo de corrida total: 0.425961
Tiempo de corrida recorrer el arbol: 0.254435
Valor de la funcion objetivo: 3
x9_13 = 1
x10_13 = 1
x12_13 = 1
x13_13 = 1
x25_13 = 1
x3_15 = 1
x5_15 = 1
x14_15 = 1
x16_15 = 1
x18_15 = 1
x19_15 = 1
x24_15 = 1
x30_15 = 1
x4_16 = 1
x6_16 = 1
x17_16 = 1
x20_16 = 1
x23_16 = 1
x26_16 = 1
x27_16 = 1
w13 = 1
w15 = 1
w16 = 1
