Tiempo de corrida total: 0.181858
Tiempo de corrida recorrer el arbol: 0.0204041
Valor de la funcion objetivo: 1
x5_8 = 1
x6_8 = 1
x7_8 = 1
x8_8 = 1
x12_8 = 1
x13_8 = 1
x15_8 = 1
x16_8 = 1
x36_8 = 1
x44_8 = 1
w8 = 1
