Tiempo de corrida total: 0.142134
Tiempo de corrida recorrer el arbol: 0.059453
Valor de la funcion objetivo: 1
x5_10 = 1
x9_10 = 1
x11_10 = 1
x14_10 = 1
x16_10 = 1
x18_10 = 1
x25_10 = 1
x26_10 = 1
x27_10 = 1
x28_10 = 1
w10 = 1
