Tiempo de corrida total: 0.0423238
Tiempo de corrida recorrer el arbol: 0.0242691
Valor de la funcion objetivo: 1
x7_10 = 1
x10_10 = 1
x11_10 = 1
x12_10 = 1
x13_10 = 1
x23_10 = 1
x25_10 = 1
x32_10 = 1
x35_10 = 1
x39_10 = 1
w10 = 1
