Tiempo de corrida total: 0.104057
Tiempo de corrida recorrer el arbol: 0.014977
Valor de la funcion objetivo: 1
x3_7 = 1
x4_7 = 1
x6_7 = 1
x9_7 = 1
x11_7 = 1
x16_7 = 1
x36_7 = 1
x42_7 = 1
x48_7 = 1
x49_7 = 1
w7 = 1
