Tiempo de corrida total: 0.346897
Tiempo de corrida recorrer el arbol: 0.11659
Valor de la funcion objetivo: 1
x7_5 = 1
x14_5 = 1
x17_5 = 1
x24_5 = 1
x26_5 = 1
w5 = 1
