Tiempo de corrida total: 0.107406
Tiempo de corrida recorrer el arbol: 0.0300801
Valor de la funcion objetivo: 2
x3_8 = 1
x9_8 = 1
x16_8 = 1
x19_8 = 1
x20_8 = 1
x23_8 = 1
x25_8 = 1
x27_8 = 1
x4_17 = 1
x6_17 = 1
x8_17 = 1
x10_17 = 1
x11_17 = 1
x12_17 = 1
x14_17 = 1
x15_17 = 1
x18_17 = 1
x24_17 = 1
x29_17 = 1
x30_17 = 1
w8 = 1
w17 = 1
