Tiempo de corrida total: 0.325509
Tiempo de corrida recorrer el arbol: 0.0748389
Valor de la funcion objetivo: 2
x4_5 = 1
x8_5 = 1
x11_5 = 1
x22_5 = 1
x25_5 = 1
x29_5 = 1
x30_5 = 1
x1_11 = 1
x3_11 = 1
x5_11 = 1
x17_11 = 1
x18_11 = 1
x19_11 = 1
x23_11 = 1
x28_11 = 1
w5 = 1
w11 = 1
