Tiempo de corrida total: 0.181838
Tiempo de corrida recorrer el arbol: 0.0649312
Valor de la funcion objetivo: 1
x7_3 = 1
x11_3 = 1
x25_3 = 1
x32_3 = 1
x37_3 = 1
w3 = 1
