Tiempo de corrida total: 0.118064
Tiempo de corrida recorrer el arbol: 0.044435
Valor de la funcion objetivo: 1
x5_5 = 1
x9_5 = 1
x12_5 = 1
x19_5 = 1
x21_5 = 1
x26_5 = 1
x27_5 = 1
x28_5 = 1
x30_5 = 1
x34_5 = 1
w5 = 1
