Tiempo de corrida total: 0.00737906
Tiempo de corrida recorrer el arbol: 0.004215
Valor de la funcion objetivo: 1
x1_3 = 1
x4_3 = 1
x5_3 = 1
x6_3 = 1
x19_3 = 1
w3 = 1
