Tiempo de corrida total: 1.07703
Tiempo de corrida recorrer el arbol: 1.06436
Valor de la funcion objetivo: 3
x13_1 = 1
x24_1 = 1
x30_4 = 1
x1_5 = 1
x15_5 = 1
w1 = 1
w4 = 1
w5 = 1
