Tiempo de corrida total: 2.08226
Tiempo de corrida recorrer el arbol: 0.611875
Valor de la funcion objetivo: 3
x9_4 = 1
x10_6 = 1
x14_6 = 1
x21_6 = 1
x23_6 = 1
x25_6 = 1
x6_7 = 1
x22_7 = 1
x27_7 = 1
x40_7 = 1
w4 = 1
w6 = 1
w7 = 1
