Tiempo de corrida total: 0.542444
Tiempo de corrida recorrer el arbol: 0.533187
Valor de la funcion objetivo: 2
x3_3 = 1
x38_3 = 1
x44_3 = 1
x9_10 = 1
x16_10 = 1
x18_10 = 1
x24_10 = 1
x31_10 = 1
x36_10 = 1
x49_10 = 1
w3 = 1
w10 = 1
