Tiempo de corrida total: 3.33117
Tiempo de corrida recorrer el arbol: 3.28548
Valor de la funcion objetivo: 2
x5_3 = 1
x6_3 = 1
x16_3 = 1
x17_3 = 1
x28_3 = 1
x30_3 = 1
x36_3 = 1
x37_3 = 1
x44_3 = 1
x48_3 = 1
x1_11 = 1
x12_11 = 1
x19_11 = 1
x24_11 = 1
x25_11 = 1
x27_11 = 1
x34_11 = 1
x38_11 = 1
x49_11 = 1
x50_11 = 1
w3 = 1
w11 = 1
