Tiempo de corrida total: 0.241527
Tiempo de corrida recorrer el arbol: 0.0523689
Valor de la funcion objetivo: 2
x12_14 = 1
x17_14 = 1
x18_14 = 1
x28_14 = 1
x30_14 = 1
x34_14 = 1
x49_14 = 1
x1_18 = 1
x14_18 = 1
x19_18 = 1
x23_18 = 1
x24_18 = 1
x25_18 = 1
x26_18 = 1
x29_18 = 1
x37_18 = 1
x38_18 = 1
x41_18 = 1
x48_18 = 1
x50_18 = 1
w14 = 1
w18 = 1
