Tiempo de corrida total: 0.0510318
Tiempo de corrida recorrer el arbol: 0.0251002
Valor de la funcion objetivo: 1
x1_1 = 1
x20_1 = 1
x22_1 = 1
x26_1 = 1
x27_1 = 1
w1 = 1
