Tiempo de corrida total: 0.104424
Tiempo de corrida recorrer el arbol: 0.0165908
Valor de la funcion objetivo: 1
x12_10 = 1
x21_10 = 1
x22_10 = 1
x30_10 = 1
x32_10 = 1
x39_10 = 1
x43_10 = 1
x47_10 = 1
x49_10 = 1
x50_10 = 1
w10 = 1
