Tiempo de corrida total: 0.0702419
Tiempo de corrida recorrer el arbol: 0.0117879
Valor de la funcion objetivo: 1
x2_3 = 1
x4_3 = 1
x8_3 = 1
x9_3 = 1
x25_3 = 1
w3 = 1
