Tiempo de corrida total: 1.00375
Tiempo de corrida recorrer el arbol: 0.823264
Valor de la funcion objetivo: 2
x2_11 = 1
x12_11 = 1
x25_11 = 1
x26_11 = 1
x39_11 = 1
x43_11 = 1
x3_20 = 1
x18_20 = 1
x19_20 = 1
x22_20 = 1
x24_20 = 1
x28_20 = 1
x35_20 = 1
x36_20 = 1
x37_20 = 1
x41_20 = 1
x42_20 = 1
x44_20 = 1
x48_20 = 1
x49_20 = 1
w11 = 1
w20 = 1
