Tiempo de corrida total: 0.272963
Tiempo de corrida recorrer el arbol: 0.224756
Valor de la funcion objetivo: 2
x1_1 = 1
x4_1 = 1
x7_1 = 1
x10_1 = 1
x12_1 = 1
x17_1 = 1
x20_1 = 1
x23_1 = 1
x24_1 = 1
x26_1 = 1
x27_1 = 1
x5_6 = 1
x13_6 = 1
x25_6 = 1
x30_6 = 1
w1 = 1
w6 = 1
