Tiempo de corrida total: 0.235897
Tiempo de corrida recorrer el arbol: 0.227369
Valor de la funcion objetivo: 2
x1_1 = 1
x2_1 = 1
x4_1 = 1
x7_1 = 1
x9_1 = 1
x11_1 = 1
x16_1 = 1
x22_1 = 1
x5_2 = 1
x24_2 = 1
w1 = 1
w2 = 1
