Tiempo de corrida total: 0.534988
Tiempo de corrida recorrer el arbol: 0.529274
Valor de la funcion objetivo: 2
x1_1 = 1
x4_1 = 1
x5_1 = 1
x8_1 = 1
x20_1 = 1
x22_1 = 1
x31_1 = 1
x12_2 = 1
x29_2 = 1
x37_2 = 1
w1 = 1
w2 = 1
