Tiempo de corrida total: 8.40138
Tiempo de corrida recorrer el arbol: 6.74344
Valor de la funcion objetivo: 3
x8_9 = 1
x21_9 = 1
x29_9 = 1
x34_9 = 1
x36_9 = 1
x1_12 = 1
x25_12 = 1
x27_12 = 1
x30_12 = 1
x31_12 = 1
x3_15 = 1
x32_15 = 1
x37_15 = 1
x38_15 = 1
x39_15 = 1
w9 = 1
w12 = 1
w15 = 1
