Tiempo de corrida total: 2.38341
Tiempo de corrida recorrer el arbol: 0.272276
Valor de la funcion objetivo: 3
x6_6 = 1
x8_6 = 1
x14_6 = 1
x19_6 = 1
x20_6 = 1
x37_6 = 1
x40_6 = 1
x49_6 = 1
x15_10 = 1
x21_10 = 1
x33_10 = 1
x46_10 = 1
x50_10 = 1
x4_19 = 1
x5_19 = 1
x12_19 = 1
x18_19 = 1
x25_19 = 1
x32_19 = 1
x34_19 = 1
w6 = 1
w10 = 1
w19 = 1
