Tiempo de corrida total: 0.014967
Tiempo de corrida recorrer el arbol: 0.013144
Valor de la funcion objetivo: 1
x1_1 = 1
x4_1 = 1
x6_1 = 1
x7_1 = 1
x8_1 = 1
x10_1 = 1
x25_1 = 1
x26_1 = 1
x30_1 = 1
x38_1 = 1
w1 = 1
