Tiempo de corrida total: 3.71881
Tiempo de corrida recorrer el arbol: 3.55711
Valor de la funcion objetivo: 2
x29_4 = 1
x34_4 = 1
x36_4 = 1
x39_4 = 1
x46_4 = 1
x2_10 = 1
x12_10 = 1
x20_10 = 1
x22_10 = 1
x27_10 = 1
w4 = 1
w10 = 1
