Tiempo de corrida total: 0.133748
Tiempo de corrida recorrer el arbol: 0.04845
Valor de la funcion objetivo: 1
x8_10 = 1
x29_10 = 1
x31_10 = 1
x37_10 = 1
x40_10 = 1
x41_10 = 1
x43_10 = 1
x45_10 = 1
x47_10 = 1
x49_10 = 1
w10 = 1
