Tiempo de corrida total: 0.343337
Tiempo de corrida recorrer el arbol: 0.101748
Valor de la funcion objetivo: 1
x3_3 = 1
x21_3 = 1
x22_3 = 1
x31_3 = 1
x40_3 = 1
w3 = 1
