Tiempo de corrida total: 0.142828
Tiempo de corrida recorrer el arbol: 0.116727
Valor de la funcion objetivo: 1
x21_2 = 1
x31_2 = 1
x32_2 = 1
x42_2 = 1
x43_2 = 1
w2 = 1
