Tiempo de corrida total: 0.258085
Tiempo de corrida recorrer el arbol: 0.0552249
Valor de la funcion objetivo: 2
x3_1 = 1
x19_1 = 1
x25_1 = 1
x26_1 = 1
x33_1 = 1
x42_1 = 1
x49_1 = 1
x7_9 = 1
x9_9 = 1
x17_9 = 1
x18_9 = 1
x29_9 = 1
x34_9 = 1
x35_9 = 1
x36_9 = 1
x38_9 = 1
x39_9 = 1
x43_9 = 1
x44_9 = 1
x47_9 = 1
w1 = 1
w9 = 1
