Tiempo de corrida total: 0.014641
Tiempo de corrida recorrer el arbol: 0.0133119
Valor de la funcion objetivo: 1
x1_1 = 1
x4_1 = 1
x5_1 = 1
x12_1 = 1
x22_1 = 1
w1 = 1
