Tiempo de corrida total: 0.100798
Tiempo de corrida recorrer el arbol: 0.0316451
Valor de la funcion objetivo: 2
x5_6 = 1
x6_6 = 1
x8_6 = 1
x11_6 = 1
x17_6 = 1
x25_6 = 1
x4_8 = 1
x7_8 = 1
x13_8 = 1
x14_8 = 1
x16_8 = 1
x21_8 = 1
x22_8 = 1
x23_8 = 1
x28_8 = 1
w6 = 1
w8 = 1
