Tiempo de corrida total: 0.453325
Tiempo de corrida recorrer el arbol: 0.315301
Valor de la funcion objetivo: 2
x1_3 = 1
x12_3 = 1
x18_3 = 1
x19_3 = 1
x21_3 = 1
x25_3 = 1
x29_3 = 1
x2_10 = 1
x6_10 = 1
x10_10 = 1
x16_10 = 1
x20_10 = 1
x27_10 = 1
x30_10 = 1
x40_10 = 1
w3 = 1
w10 = 1
