Tiempo de corrida total: 0.227719
Tiempo de corrida recorrer el arbol: 0.051152
Valor de la funcion objetivo: 1
x7_4 = 1
x9_4 = 1
x13_4 = 1
x17_4 = 1
x33_4 = 1
w4 = 1
