Tiempo de corrida total: 0.681949
Tiempo de corrida recorrer el arbol: 0.664516
Valor de la funcion objetivo: 2
x17_11 = 1
x30_11 = 1
x4_15 = 1
x11_15 = 1
x15_15 = 1
x16_15 = 1
x18_15 = 1
x19_15 = 1
x21_15 = 1
x23_15 = 1
x25_15 = 1
x26_15 = 1
x27_15 = 1
x28_15 = 1
x29_15 = 1
w11 = 1
w15 = 1
