Tiempo de corrida total: 0.0163031
Tiempo de corrida recorrer el arbol: 0.014395
Valor de la funcion objetivo: 1
x5_2 = 1
x10_2 = 1
x11_2 = 1
x12_2 = 1
x18_2 = 1
x21_2 = 1
x34_2 = 1
x40_2 = 1
x41_2 = 1
x43_2 = 1
w2 = 1
