Tiempo de corrida total: 4.11905
Tiempo de corrida recorrer el arbol: 4.11052
Valor de la funcion objetivo: 2
x5_1 = 1
x12_1 = 1
x16_1 = 1
x18_1 = 1
x19_1 = 1
x33_1 = 1
x37_1 = 1
x45_1 = 1
x48_1 = 1
x13_15 = 1
x31_15 = 1
x34_15 = 1
x38_15 = 1
x47_15 = 1
x49_15 = 1
w1 = 1
w15 = 1
