Tiempo de corrida total: 0.099694
Tiempo de corrida recorrer el arbol: 0.042083
Valor de la funcion objetivo: 1
x3_8 = 1
x9_8 = 1
x18_8 = 1
x19_8 = 1
x22_8 = 1
x30_8 = 1
x32_8 = 1
x34_8 = 1
x36_8 = 1
x39_8 = 1
w8 = 1
