Tiempo de corrida total: 0.114298
Tiempo de corrida recorrer el arbol: 0.048559
Valor de la funcion objetivo: 1
x7_5 = 1
x11_5 = 1
x25_5 = 1
x32_5 = 1
x37_5 = 1
w5 = 1
