Tiempo de corrida total: 0.232315
Tiempo de corrida recorrer el arbol: 0.095639
Valor de la funcion objetivo: 2
x2_10 = 1
x9_10 = 1
x10_10 = 1
x11_10 = 1
x13_10 = 1
x22_10 = 1
x24_10 = 1
x36_10 = 1
x5_14 = 1
x18_14 = 1
x20_14 = 1
x31_14 = 1
x32_14 = 1
x39_14 = 1
x40_14 = 1
w10 = 1
w14 = 1
