Tiempo de corrida total: 0.036885
Tiempo de corrida recorrer el arbol: 0.014756
Valor de la funcion objetivo: 1
x1_2 = 1
x4_2 = 1
x10_2 = 1
x11_2 = 1
x35_2 = 1
w2 = 1
