Tiempo de corrida total: 0.306825
Tiempo de corrida recorrer el arbol: 0.274966
Valor de la funcion objetivo: 2
x3_2 = 1
x8_2 = 1
x9_2 = 1
x21_2 = 1
x6_3 = 1
x17_3 = 1
x20_3 = 1
x24_3 = 1
x25_3 = 1
x29_3 = 1
w2 = 1
w3 = 1
