Tiempo de corrida total: 0.169431
Tiempo de corrida recorrer el arbol: 0.101201
Valor de la funcion objetivo: 1
x4_11 = 1
x10_11 = 1
x12_11 = 1
x18_11 = 1
x22_11 = 1
x25_11 = 1
x28_11 = 1
x29_11 = 1
x30_11 = 1
x32_11 = 1
x33_11 = 1
x35_11 = 1
x36_11 = 1
x37_11 = 1
x40_11 = 1
w11 = 1
