Tiempo de corrida total: 0.110701
Tiempo de corrida recorrer el arbol: 0.0536129
Valor de la funcion objetivo: 1
x5_5 = 1
x6_5 = 1
x10_5 = 1
x29_5 = 1
x30_5 = 1
w5 = 1
