Tiempo de corrida total: 0.853385
Tiempo de corrida recorrer el arbol: 0.83867
Valor de la funcion objetivo: 2
x4_1 = 1
x11_1 = 1
x3_5 = 1
x6_5 = 1
x9_5 = 1
w1 = 1
w5 = 1
