Tiempo de corrida total: 0.377956
Tiempo de corrida recorrer el arbol: 0.0975039
Valor de la funcion objetivo: 5
x23_1 = 1
x27_1 = 1
x8_2 = 1
x14_2 = 1
x4_4 = 1
x16_4 = 1
x5_6 = 1
x15_6 = 1
x3_9 = 1
x19_9 = 1
w1 = 1
w2 = 1
w4 = 1
w6 = 1
w9 = 1
