Tiempo de corrida total: 0.826836
Tiempo de corrida recorrer el arbol: 0.0832999
Valor de la funcion objetivo: 3
x8_5 = 1
x24_5 = 1
x26_5 = 1
x28_5 = 1
x31_5 = 1
x32_5 = 1
x33_5 = 1
x3_6 = 1
x5_6 = 1
x9_6 = 1
x10_6 = 1
x18_6 = 1
x34_6 = 1
x1_16 = 1
x13_16 = 1
x16_16 = 1
x19_16 = 1
x20_16 = 1
x38_16 = 1
x39_16 = 1
w5 = 1
w6 = 1
w16 = 1
