Tiempo de corrida total: 1.22179
Tiempo de corrida recorrer el arbol: 1.21501
Valor de la funcion objetivo: 2
x4_2 = 1
x14_2 = 1
x28_2 = 1
x24_3 = 1
x34_3 = 1
w2 = 1
w3 = 1
