Tiempo de corrida total: 3.03844
Tiempo de corrida recorrer el arbol: 0.857817
Valor de la funcion objetivo: 2
x14_6 = 1
x19_6 = 1
x23_6 = 1
x32_6 = 1
x33_6 = 1
x34_6 = 1
x43_6 = 1
x47_6 = 1
x2_14 = 1
x3_14 = 1
x8_14 = 1
x18_14 = 1
x29_14 = 1
x39_14 = 1
x46_14 = 1
w6 = 1
w14 = 1
