Tiempo de corrida total: 0.105344
Tiempo de corrida recorrer el arbol: 0.0293109
Valor de la funcion objetivo: 2
x1_4 = 1
x9_4 = 1
x14_4 = 1
x15_4 = 1
x19_4 = 1
x25_4 = 1
x30_4 = 1
x3_11 = 1
x4_11 = 1
x5_11 = 1
x6_11 = 1
x10_11 = 1
x12_11 = 1
x16_11 = 1
x20_11 = 1
x21_11 = 1
x22_11 = 1
x27_11 = 1
x28_11 = 1
x29_11 = 1
w4 = 1
w11 = 1
