Tiempo de corrida total: 0.85577
Tiempo de corrida recorrer el arbol: 0.676149
Valor de la funcion objetivo: 3
x3_6 = 1
x4_6 = 1
x14_6 = 1
x20_6 = 1
x21_6 = 1
x23_6 = 1
x26_6 = 1
x16_16 = 1
x18_16 = 1
x19_16 = 1
x25_16 = 1
x27_16 = 1
x30_16 = 1
x5_20 = 1
x8_20 = 1
x9_20 = 1
x10_20 = 1
x12_20 = 1
x17_20 = 1
x24_20 = 1
w6 = 1
w16 = 1
w20 = 1
