Tiempo de corrida total: 0.0554202
Tiempo de corrida recorrer el arbol: 0.021594
Valor de la funcion objetivo: 2
x4_3 = 1
x9_3 = 1
x18_3 = 1
x27_3 = 1
x2_10 = 1
x6_10 = 1
x7_10 = 1
x8_10 = 1
x12_10 = 1
x16_10 = 1
x17_10 = 1
x20_10 = 1
x23_10 = 1
x29_10 = 1
x30_10 = 1
w3 = 1
w10 = 1
