Tiempo de corrida total: 5.82967
Tiempo de corrida recorrer el arbol: 4.98682
Valor de la funcion objetivo: 3
x8_1 = 1
x19_1 = 1
x27_1 = 1
x29_1 = 1
x34_1 = 1
x36_1 = 1
x2_9 = 1
x10_9 = 1
x11_9 = 1
x26_9 = 1
x5_13 = 1
x13_13 = 1
x23_13 = 1
x25_13 = 1
x31_13 = 1
w1 = 1
w9 = 1
w13 = 1
