Tiempo de corrida total: 0.027308
Tiempo de corrida recorrer el arbol: 0.0144629
Valor de la funcion objetivo: 1
x1_1 = 1
x2_1 = 1
x4_1 = 1
x5_1 = 1
x6_1 = 1
x19_1 = 1
x20_1 = 1
x23_1 = 1
x30_1 = 1
x50_1 = 1
w1 = 1
