Tiempo de corrida total: 1.14417
Tiempo de corrida recorrer el arbol: 0.344615
Valor de la funcion objetivo: 2
x4_3 = 1
x13_3 = 1
x18_3 = 1
x19_3 = 1
x28_3 = 1
x29_3 = 1
x30_3 = 1
x3_15 = 1
x9_15 = 1
x17_15 = 1
x20_15 = 1
x25_15 = 1
x31_15 = 1
x38_15 = 1
x39_15 = 1
w3 = 1
w15 = 1
