Tiempo de corrida total: 3.19577
Tiempo de corrida recorrer el arbol: 3.12599
Valor de la funcion objetivo: 3
x1_3 = 1
x10_3 = 1
x15_3 = 1
x22_3 = 1
x4_6 = 1
x12_6 = 1
x29_6 = 1
x7_9 = 1
x19_9 = 1
x30_9 = 1
w3 = 1
w6 = 1
w9 = 1
