Tiempo de corrida total: 0.109449
Tiempo de corrida recorrer el arbol: 0.051075
Valor de la funcion objetivo: 2
x11_3 = 1
x23_3 = 1
x3_4 = 1
x6_4 = 1
x9_4 = 1
w3 = 1
w4 = 1
