Tiempo de corrida total: 0.308754
Tiempo de corrida recorrer el arbol: 0.0908179
Valor de la funcion objetivo: 3
x4_3 = 1
x5_3 = 1
x7_3 = 1
x9_3 = 1
x25_3 = 1
x29_3 = 1
x8_7 = 1
x12_7 = 1
x17_7 = 1
x20_7 = 1
x21_7 = 1
x23_7 = 1
x27_7 = 1
x1_14 = 1
x3_14 = 1
x6_14 = 1
x10_14 = 1
x11_14 = 1
x19_14 = 1
x26_14 = 1
w3 = 1
w7 = 1
w14 = 1
