Tiempo de corrida total: 0.0250449
Tiempo de corrida recorrer el arbol: 0.019232
Valor de la funcion objetivo: 1
x1_1 = 1
x3_1 = 1
x4_1 = 1
x5_1 = 1
x6_1 = 1
x7_1 = 1
x17_1 = 1
x19_1 = 1
x24_1 = 1
x34_1 = 1
w1 = 1
