Tiempo de corrida total: 1.44899
Tiempo de corrida recorrer el arbol: 1.44125
Valor de la funcion objetivo: 3
x4_1 = 1
x9_1 = 1
x24_1 = 1
x1_2 = 1
x15_2 = 1
x18_2 = 1
x12_4 = 1
x14_4 = 1
x28_4 = 1
x30_4 = 1
w1 = 1
w2 = 1
w4 = 1
