Tiempo de corrida total: 1.31748
Tiempo de corrida recorrer el arbol: 1.27561
Valor de la funcion objetivo: 2
x2_3 = 1
x3_3 = 1
x7_3 = 1
x16_3 = 1
x41_3 = 1
x47_3 = 1
x8_5 = 1
x15_5 = 1
x18_5 = 1
x19_5 = 1
x22_5 = 1
x26_5 = 1
x32_5 = 1
x34_5 = 1
x36_5 = 1
x37_5 = 1
x40_5 = 1
x42_5 = 1
x43_5 = 1
x48_5 = 1
w3 = 1
w5 = 1
