Tiempo de corrida total: 0.118062
Tiempo de corrida recorrer el arbol: 0.026994
Valor de la funcion objetivo: 1
x2_4 = 1
x24_4 = 1
x31_4 = 1
x36_4 = 1
x43_4 = 1
w4 = 1
