Tiempo de corrida total: 0.0210729
Tiempo de corrida recorrer el arbol: 0.00847006
Valor de la funcion objetivo: 1
x3_1 = 1
x11_1 = 1
x13_1 = 1
x19_1 = 1
x23_1 = 1
x25_1 = 1
x32_1 = 1
x33_1 = 1
x35_1 = 1
x37_1 = 1
w1 = 1
