Tiempo de corrida total: 0.0113521
Tiempo de corrida recorrer el arbol: 0.0101712
Valor de la funcion objetivo: 1
x1_1 = 1
x2_1 = 1
x3_1 = 1
x9_1 = 1
x30_1 = 1
w1 = 1
