Tiempo de corrida total: 0.0197711
Tiempo de corrida recorrer el arbol: 0.0106161
Valor de la funcion objetivo: 1
x4_9 = 1
x10_9 = 1
x12_9 = 1
x13_9 = 1
x16_9 = 1
x18_9 = 1
x27_9 = 1
x28_9 = 1
x29_9 = 1
x30_9 = 1
w9 = 1
