Tiempo de corrida total: 0.107692
Tiempo de corrida recorrer el arbol: 0.0165319
Valor de la funcion objetivo: 2
x2_8 = 1
x4_8 = 1
x10_8 = 1
x13_8 = 1
x16_8 = 1
x19_8 = 1
x25_8 = 1
x27_8 = 1
x28_8 = 1
x30_8 = 1
x5_11 = 1
x6_11 = 1
x11_11 = 1
x14_11 = 1
x18_11 = 1
x20_11 = 1
x23_11 = 1
x24_11 = 1
x26_11 = 1
x29_11 = 1
w8 = 1
w11 = 1
