Tiempo de corrida total: 0.311983
Tiempo de corrida recorrer el arbol: 0.303602
Valor de la funcion objetivo: 2
x5_9 = 1
x7_9 = 1
x15_9 = 1
x17_9 = 1
x19_9 = 1
x20_9 = 1
x23_9 = 1
x24_9 = 1
x26_9 = 1
x11_10 = 1
x13_10 = 1
x21_10 = 1
x22_10 = 1
x29_10 = 1
x30_10 = 1
w9 = 1
w10 = 1
