Tiempo de corrida total: 0.599822
Tiempo de corrida recorrer el arbol: 0.580426
Valor de la funcion objetivo: 2
x1_3 = 1
x2_3 = 1
x37_3 = 1
x6_5 = 1
x21_5 = 1
w3 = 1
w5 = 1
