Tiempo de corrida total: 0.0611761
Tiempo de corrida recorrer el arbol: 0.011476
Valor de la funcion objetivo: 1
x2_7 = 1
x3_7 = 1
x7_7 = 1
x9_7 = 1
x13_7 = 1
x24_7 = 1
x25_7 = 1
x30_7 = 1
x31_7 = 1
x35_7 = 1
w7 = 1
