Tiempo de corrida total: 2.26281
Tiempo de corrida recorrer el arbol: 1.99914
Valor de la funcion objetivo: 1
x2_2 = 1
x11_2 = 1
x12_2 = 1
x16_2 = 1
x22_2 = 1
x23_2 = 1
x24_2 = 1
x33_2 = 1
x37_2 = 1
x42_2 = 1
w2 = 1
