Tiempo de corrida total: 4.68077
Tiempo de corrida recorrer el arbol: 4.21665
Valor de la funcion objetivo: 3
x4_4 = 1
x5_4 = 1
x10_4 = 1
x25_4 = 1
x33_4 = 1
x8_14 = 1
x12_14 = 1
x29_14 = 1
x34_14 = 1
x35_14 = 1
x17_15 = 1
x19_15 = 1
x20_15 = 1
x32_15 = 1
x40_15 = 1
w4 = 1
w14 = 1
w15 = 1
