Tiempo de corrida total: 0.013531
Tiempo de corrida recorrer el arbol: 0.0126169
Valor de la funcion objetivo: 1
x2_7 = 1
x8_7 = 1
x10_7 = 1
x16_7 = 1
x17_7 = 1
x24_7 = 1
x26_7 = 1
x27_7 = 1
x29_7 = 1
x30_7 = 1
w7 = 1
