Tiempo de corrida total: 0.132066
Tiempo de corrida recorrer el arbol: 0.0567081
Valor de la funcion objetivo: 1
x2_2 = 1
x8_2 = 1
x19_2 = 1
x20_2 = 1
x21_2 = 1
w2 = 1
