Tiempo de corrida total: 0.134934
Tiempo de corrida recorrer el arbol: 0.124017
Valor de la funcion objetivo: 2
x1_5 = 1
x7_5 = 1
x8_5 = 1
x17_5 = 1
x6_6 = 1
x11_6 = 1
x13_6 = 1
x22_6 = 1
x25_6 = 1
x27_6 = 1
w5 = 1
w6 = 1
