Tiempo de corrida total: 0.20185
Tiempo de corrida recorrer el arbol: 0.188467
Valor de la funcion objetivo: 2
x6_1 = 1
x7_1 = 1
x9_4 = 1
x23_4 = 1
x29_4 = 1
w1 = 1
w4 = 1
