Tiempo de corrida total: 0.014498
Tiempo de corrida recorrer el arbol: 0.00598407
Valor de la funcion objetivo: 1
x3_1 = 1
x4_1 = 1
x5_1 = 1
x10_1 = 1
x14_1 = 1
x16_1 = 1
x17_1 = 1
x20_1 = 1
x24_1 = 1
x30_1 = 1
w1 = 1
