Tiempo de corrida total: 0.120627
Tiempo de corrida recorrer el arbol: 0.117478
Valor de la funcion objetivo: 1
x6_5 = 1
x32_5 = 1
x35_5 = 1
x46_5 = 1
x49_5 = 1
w5 = 1
