Tiempo de corrida total: 4.19072
Tiempo de corrida recorrer el arbol: 3.53999
Valor de la funcion objetivo: 4
x13_2 = 1
x21_2 = 1
x35_2 = 1
x18_6 = 1
x33_6 = 1
x27_9 = 1
x34_9 = 1
x4_10 = 1
x29_10 = 1
x40_10 = 1
w2 = 1
w6 = 1
w9 = 1
w10 = 1
