Tiempo de corrida total: 0.024369
Tiempo de corrida recorrer el arbol: 0.00856209
Valor de la funcion objetivo: 1
x2_5 = 1
x12_5 = 1
x13_5 = 1
x17_5 = 1
x22_5 = 1
w5 = 1
