Tiempo de corrida total: 0.034575
Tiempo de corrida recorrer el arbol: 0.007092
Valor de la funcion objetivo: 1
x15_4 = 1
x32_4 = 1
x35_4 = 1
x37_4 = 1
x39_4 = 1
w4 = 1
