Tiempo de corrida total: 0.051074
Tiempo de corrida recorrer el arbol: 0.00885606
Valor de la funcion objetivo: 1
x1_5 = 1
x5_5 = 1
x11_5 = 1
x16_5 = 1
x18_5 = 1
w5 = 1
