Tiempo de corrida total: 0.498473
Tiempo de corrida recorrer el arbol: 0.472404
Valor de la funcion objetivo: 2
x2_16 = 1
x9_16 = 1
x12_16 = 1
x19_16 = 1
x24_16 = 1
x25_16 = 1
x27_16 = 1
x30_16 = 1
x1_17 = 1
x3_17 = 1
x4_17 = 1
x7_17 = 1
x8_17 = 1
x10_17 = 1
x16_17 = 1
x17_17 = 1
x18_17 = 1
x21_17 = 1
x23_17 = 1
x26_17 = 1
w16 = 1
w17 = 1
