Tiempo de corrida total: 0.507126
Tiempo de corrida recorrer el arbol: 0.480895
Valor de la funcion objetivo: 3
x4_2 = 1
x13_2 = 1
x17_2 = 1
x1_5 = 1
x5_5 = 1
x8_5 = 1
x12_5 = 1
x14_5 = 1
x20_5 = 1
x3_11 = 1
x7_11 = 1
x16_11 = 1
x23_11 = 1
x25_11 = 1
x30_11 = 1
w2 = 1
w5 = 1
w11 = 1
