Tiempo de corrida total: 0.281767
Tiempo de corrida recorrer el arbol: 0.277745
Valor de la funcion objetivo: 2
x1_1 = 1
x17_1 = 1
x23_1 = 1
x2_2 = 1
x20_2 = 1
w1 = 1
w2 = 1
