Tiempo de corrida total: 0.056221
Tiempo de corrida recorrer el arbol: 0.01406
Valor de la funcion objetivo: 1
x7_5 = 1
x11_5 = 1
x15_5 = 1
x25_5 = 1
x27_5 = 1
w5 = 1
