Tiempo de corrida total: 0.0720441
Tiempo de corrida recorrer el arbol: 0.0314739
Valor de la funcion objetivo: 1
x39_5 = 1
x47_5 = 1
x48_5 = 1
x49_5 = 1
x50_5 = 1
w5 = 1
