Tiempo de corrida total: 0.199454
Tiempo de corrida recorrer el arbol: 0.0262771
Valor de la funcion objetivo: 2
x8_6 = 1
x11_6 = 1
x17_6 = 1
x20_6 = 1
x27_6 = 1
x30_6 = 1
x3_7 = 1
x7_7 = 1
x23_7 = 1
x25_7 = 1
w6 = 1
w7 = 1
