Tiempo de corrida total: 0.183977
Tiempo de corrida recorrer el arbol: 0.025387
Valor de la funcion objetivo: 1
x11_1 = 1
x30_1 = 1
x37_1 = 1
x39_1 = 1
x40_1 = 1
w1 = 1
