Tiempo de corrida total: 0.556188
Tiempo de corrida recorrer el arbol: 0.537484
Valor de la funcion objetivo: 3
x5_5 = 1
x8_5 = 1
x10_5 = 1
x27_5 = 1
x29_5 = 1
x12_9 = 1
x30_9 = 1
x14_10 = 1
x17_10 = 1
x26_10 = 1
w5 = 1
w9 = 1
w10 = 1
