Tiempo de corrida total: 0.0774651
Tiempo de corrida recorrer el arbol: 0.023838
Valor de la funcion objetivo: 2
x1_7 = 1
x8_7 = 1
x13_7 = 1
x18_7 = 1
x21_7 = 1
x30_7 = 1
x3_8 = 1
x7_8 = 1
x15_8 = 1
x16_8 = 1
x19_8 = 1
x23_8 = 1
x24_8 = 1
x25_8 = 1
x27_8 = 1
w7 = 1
w8 = 1
