Tiempo de corrida total: 0.23567
Tiempo de corrida recorrer el arbol: 0.0919929
Valor de la funcion objetivo: 1
x6_2 = 1
x10_2 = 1
x11_2 = 1
x13_2 = 1
x15_2 = 1
x17_2 = 1
x22_2 = 1
x25_2 = 1
x44_2 = 1
x45_2 = 1
w2 = 1
