Tiempo de corrida total: 1.02079
Tiempo de corrida recorrer el arbol: 0.512448
Valor de la funcion objetivo: 2
x6_3 = 1
x9_3 = 1
x26_3 = 1
x29_3 = 1
x2_9 = 1
x11_9 = 1
x18_9 = 1
x23_9 = 1
x31_9 = 1
x38_9 = 1
w3 = 1
w9 = 1
