Tiempo de corrida total: 0.0826709
Tiempo de corrida recorrer el arbol: 0.0376151
Valor de la funcion objetivo: 2
x5_9 = 1
x9_9 = 1
x11_9 = 1
x25_9 = 1
x1_10 = 1
x6_10 = 1
x7_10 = 1
x17_10 = 1
x27_10 = 1
x30_10 = 1
w9 = 1
w10 = 1
