Tiempo de corrida total: 0.56155
Tiempo de corrida recorrer el arbol: 0.534133
Valor de la funcion objetivo: 2
x6_3 = 1
x32_3 = 1
x5_5 = 1
x7_5 = 1
x37_5 = 1
w3 = 1
w5 = 1
