Tiempo de corrida total: 3.56611
Tiempo de corrida recorrer el arbol: 3.32768
Valor de la funcion objetivo: 1
x7_7 = 1
x12_7 = 1
x13_7 = 1
x16_7 = 1
x27_7 = 1
x35_7 = 1
x36_7 = 1
x41_7 = 1
x42_7 = 1
x43_7 = 1
w7 = 1
