Tiempo de corrida total: 0.754922
Tiempo de corrida recorrer el arbol: 0.327994
Valor de la funcion objetivo: 2
x1_1 = 1
x18_1 = 1
x19_1 = 1
x27_1 = 1
x35_1 = 1
x3_7 = 1
x5_7 = 1
x6_7 = 1
x17_7 = 1
x24_7 = 1
w1 = 1
w7 = 1
