Tiempo de corrida total: 0.50165
Tiempo de corrida recorrer el arbol: 0.461824
Valor de la funcion objetivo: 2
x1_15 = 1
x5_15 = 1
x15_15 = 1
x21_15 = 1
x23_15 = 1
x27_15 = 1
x35_15 = 1
x3_17 = 1
x8_17 = 1
x11_17 = 1
x12_17 = 1
x16_17 = 1
x17_17 = 1
x20_17 = 1
x24_17 = 1
x25_17 = 1
x26_17 = 1
x29_17 = 1
x34_17 = 1
x38_17 = 1
w15 = 1
w17 = 1
