Tiempo de corrida total: 0.878504
Tiempo de corrida recorrer el arbol: 0.721225
Valor de la funcion objetivo: 5
x12_2 = 1
x30_4 = 1
x1_7 = 1
x3_7 = 1
x21_7 = 1
x2_9 = 1
x28_9 = 1
x29_9 = 1
x16_10 = 1
x23_10 = 1
w2 = 1
w4 = 1
w7 = 1
w9 = 1
w10 = 1
