Tiempo de corrida total: 0.154786
Tiempo de corrida recorrer el arbol: 0.0532391
Valor de la funcion objetivo: 1
x2_2 = 1
x3_2 = 1
x4_2 = 1
x8_2 = 1
x15_2 = 1
x18_2 = 1
x19_2 = 1
x21_2 = 1
x28_2 = 1
x29_2 = 1
x32_2 = 1
x34_2 = 1
x38_2 = 1
x39_2 = 1
x45_2 = 1
w2 = 1
