Tiempo de corrida total: 0.646683
Tiempo de corrida recorrer el arbol: 0.268911
Valor de la funcion objetivo: 2
x4_5 = 1
x13_5 = 1
x21_5 = 1
x36_5 = 1
x6_7 = 1
x16_7 = 1
x28_7 = 1
x30_7 = 1
x32_7 = 1
x39_7 = 1
w5 = 1
w7 = 1
