Tiempo de corrida total: 0.489054
Tiempo de corrida recorrer el arbol: 0.0664172
Valor de la funcion objetivo: 3
x5_1 = 1
x12_1 = 1
x18_1 = 1
x36_1 = 1
x3_14 = 1
x11_14 = 1
x15_14 = 1
x16_14 = 1
x19_14 = 1
x20_14 = 1
x22_14 = 1
x27_14 = 1
x35_14 = 1
x10_17 = 1
x23_17 = 1
x24_17 = 1
x26_17 = 1
x32_17 = 1
x33_17 = 1
x34_17 = 1
w1 = 1
w14 = 1
w17 = 1
