Tiempo de corrida total: 0.0624321
Tiempo de corrida recorrer el arbol: 0.0277722
Valor de la funcion objetivo: 1
x10_4 = 1
x11_4 = 1
x25_4 = 1
x28_4 = 1
x30_4 = 1
w4 = 1
