Tiempo de corrida total: 1.78078
Tiempo de corrida recorrer el arbol: 1.58849
Valor de la funcion objetivo: 5
x13_3 = 1
x15_3 = 1
x2_4 = 1
x22_4 = 1
x5_6 = 1
x10_6 = 1
x17_7 = 1
x23_7 = 1
x18_9 = 1
x19_9 = 1
w3 = 1
w4 = 1
w6 = 1
w7 = 1
w9 = 1
