Tiempo de corrida total: 0.334405
Tiempo de corrida recorrer el arbol: 0.327539
Valor de la funcion objetivo: 2
x1_2 = 1
x3_2 = 1
x5_2 = 1
x16_2 = 1
x25_2 = 1
x32_2 = 1
x34_2 = 1
x36_2 = 1
x7_4 = 1
x12_4 = 1
x15_4 = 1
x21_4 = 1
x23_4 = 1
x26_4 = 1
x40_4 = 1
w2 = 1
w4 = 1
