Tiempo de corrida total: 0.0510809
Tiempo de corrida recorrer el arbol: 0.00897884
Valor de la funcion objetivo: 1
x9_5 = 1
x10_5 = 1
x14_5 = 1
x18_5 = 1
x19_5 = 1
w5 = 1
