Tiempo de corrida total: 0.544289
Tiempo de corrida recorrer el arbol: 0.534954
Valor de la funcion objetivo: 2
x2_1 = 1
x3_1 = 1
x15_1 = 1
x16_1 = 1
x19_1 = 1
x20_1 = 1
x23_1 = 1
x24_1 = 1
x25_1 = 1
x27_1 = 1
x29_1 = 1
x4_18 = 1
x9_18 = 1
x10_18 = 1
x12_18 = 1
x14_18 = 1
x18_18 = 1
x22_18 = 1
x26_18 = 1
x30_18 = 1
w1 = 1
w18 = 1
