Tiempo de corrida total: 2.71874
Tiempo de corrida recorrer el arbol: 2.50121
Valor de la funcion objetivo: 2
x5_5 = 1
x7_5 = 1
x10_5 = 1
x26_5 = 1
x35_5 = 1
x37_5 = 1
x39_5 = 1
x25_10 = 1
x32_10 = 1
x36_10 = 1
w5 = 1
w10 = 1
