Tiempo de corrida total: 0.0113471
Tiempo de corrida recorrer el arbol: 0.00971603
Valor de la funcion objetivo: 1
x1_1 = 1
x2_1 = 1
x4_1 = 1
x5_1 = 1
x6_1 = 1
x9_1 = 1
x17_1 = 1
x25_1 = 1
x27_1 = 1
x37_1 = 1
w1 = 1
