Tiempo de corrida total: 0.00840902
Tiempo de corrida recorrer el arbol: 0.0074172
Valor de la funcion objetivo: 1
x1_1 = 1
x2_1 = 1
x5_1 = 1
x7_1 = 1
x10_1 = 1
x12_1 = 1
x13_1 = 1
x14_1 = 1
x16_1 = 1
x18_1 = 1
w1 = 1
