Tiempo de corrida total: 0.727263
Tiempo de corrida recorrer el arbol: 0.687917
Valor de la funcion objetivo: 2
x11_2 = 1
x34_2 = 1
x4_7 = 1
x6_7 = 1
x7_7 = 1
x13_7 = 1
x18_7 = 1
x27_7 = 1
x32_7 = 1
x40_7 = 1
w2 = 1
w7 = 1
