Tiempo de corrida total: 0.422886
Tiempo de corrida recorrer el arbol: 0.420486
Valor de la funcion objetivo: 2
x5_2 = 1
x27_2 = 1
x29_2 = 1
x7_3 = 1
x13_3 = 1
w2 = 1
w3 = 1
