Tiempo de corrida total: 0.408252
Tiempo de corrida recorrer el arbol: 0.394337
Valor de la funcion objetivo: 2
x4_3 = 1
x5_3 = 1
x12_3 = 1
x17_3 = 1
x19_3 = 1
x20_3 = 1
x27_3 = 1
x1_14 = 1
x9_14 = 1
x10_14 = 1
x14_14 = 1
x16_14 = 1
x22_14 = 1
x24_14 = 1
x26_14 = 1
w3 = 1
w14 = 1
