Tiempo de corrida total: 0.243006
Tiempo de corrida recorrer el arbol: 0.020227
Valor de la funcion objetivo: 3
x10_3 = 1
x15_3 = 1
x16_3 = 1
x18_3 = 1
x29_3 = 1
x3_10 = 1
x4_10 = 1
x20_10 = 1
x21_10 = 1
x27_10 = 1
x28_10 = 1
x5_15 = 1
x9_15 = 1
x26_15 = 1
x30_15 = 1
w3 = 1
w10 = 1
w15 = 1
