Tiempo de corrida total: 0.093658
Tiempo de corrida recorrer el arbol: 0.0260899
Valor de la funcion objetivo: 3
x8_9 = 1
x12_9 = 1
x18_9 = 1
x19_9 = 1
x27_9 = 1
x30_9 = 1
x14_10 = 1
x15_10 = 1
x25_10 = 1
x28_10 = 1
x13_12 = 1
x16_12 = 1
x24_12 = 1
x26_12 = 1
x29_12 = 1
w9 = 1
w10 = 1
w12 = 1
