Tiempo de corrida total: 0.0821469
Tiempo de corrida recorrer el arbol: 0.016216
Valor de la funcion objetivo: 2
x2_3 = 1
x3_3 = 1
x5_3 = 1
x11_3 = 1
x20_3 = 1
x23_3 = 1
x26_3 = 1
x28_3 = 1
x8_17 = 1
x10_17 = 1
x13_17 = 1
x14_17 = 1
x16_17 = 1
x18_17 = 1
x19_17 = 1
x24_17 = 1
x25_17 = 1
x27_17 = 1
x29_17 = 1
x30_17 = 1
w3 = 1
w17 = 1
