Tiempo de corrida total: 0.305758
Tiempo de corrida recorrer el arbol: 0.146344
Valor de la funcion objetivo: 2
x5_2 = 1
x16_2 = 1
x25_2 = 1
x27_2 = 1
x29_2 = 1
x1_13 = 1
x6_13 = 1
x10_13 = 1
x12_13 = 1
x13_13 = 1
x18_13 = 1
x30_13 = 1
x35_13 = 1
x36_13 = 1
x40_13 = 1
w2 = 1
w13 = 1
