Tiempo de corrida total: 3.86428
Tiempo de corrida recorrer el arbol: 1.61833
Valor de la funcion objetivo: 2
x9_5 = 1
x22_5 = 1
x27_5 = 1
x32_5 = 1
x34_5 = 1
x1_6 = 1
x5_6 = 1
x28_6 = 1
x29_6 = 1
x41_6 = 1
w5 = 1
w6 = 1
