Tiempo de corrida total: 0.0609281
Tiempo de corrida recorrer el arbol: 0.0296638
Valor de la funcion objetivo: 2
x2_1 = 1
x17_1 = 1
x6_3 = 1
x14_3 = 1
x27_3 = 1
w1 = 1
w3 = 1
