Tiempo de corrida total: 0.51213
Tiempo de corrida recorrer el arbol: 0.161021
Valor de la funcion objetivo: 4
x6_1 = 1
x27_1 = 1
x2_2 = 1
x17_2 = 1
x18_2 = 1
x5_4 = 1
x15_4 = 1
x21_4 = 1
x12_10 = 1
x13_10 = 1
w1 = 1
w2 = 1
w4 = 1
w10 = 1
