Tiempo de corrida total: 0.112583
Tiempo de corrida recorrer el arbol: 0.049993
Valor de la funcion objetivo: 1
x8_3 = 1
x13_3 = 1
x14_3 = 1
x24_3 = 1
x27_3 = 1
w3 = 1
