Tiempo de corrida total: 0.0699201
Tiempo de corrida recorrer el arbol: 0.0328028
Valor de la funcion objetivo: 1
x13_1 = 1
x14_1 = 1
x16_1 = 1
x19_1 = 1
x25_1 = 1
w1 = 1
