Tiempo de corrida total: 1.19733
Tiempo de corrida recorrer el arbol: 1.10153
Valor de la funcion objetivo: 2
x5_3 = 1
x11_3 = 1
x18_3 = 1
x25_3 = 1
x27_3 = 1
x2_8 = 1
x9_8 = 1
x10_8 = 1
x17_8 = 1
x26_8 = 1
w3 = 1
w8 = 1
