Tiempo de corrida total: 1.07293
Tiempo de corrida recorrer el arbol: 0.214156
Valor de la funcion objetivo: 2
x3_6 = 1
x5_6 = 1
x7_6 = 1
x9_6 = 1
x11_6 = 1
x21_6 = 1
x25_6 = 1
x31_6 = 1
x1_15 = 1
x6_15 = 1
x12_15 = 1
x13_15 = 1
x18_15 = 1
x29_15 = 1
x35_15 = 1
w6 = 1
w15 = 1
