Tiempo de corrida total: 1.26707
Tiempo de corrida recorrer el arbol: 0.298119
Valor de la funcion objetivo: 2
x2_1 = 1
x30_1 = 1
x39_1 = 1
x40_1 = 1
x49_1 = 1
x14_8 = 1
x28_8 = 1
x34_8 = 1
x36_8 = 1
x38_8 = 1
w1 = 1
w8 = 1
