Tiempo de corrida total: 3.03407
Tiempo de corrida recorrer el arbol: 2.81943
Valor de la funcion objetivo: 5
x3_3 = 1
x28_3 = 1
x18_6 = 1
x25_6 = 1
x14_7 = 1
x23_7 = 1
x1_9 = 1
x5_10 = 1
x7_10 = 1
x10_10 = 1
w3 = 1
w6 = 1
w7 = 1
w9 = 1
w10 = 1
