Tiempo de corrida total: 0.621718
Tiempo de corrida recorrer el arbol: 0.222918
Valor de la funcion objetivo: 2
x20_1 = 1
x22_1 = 1
x26_1 = 1
x28_1 = 1
x30_1 = 1
x3_10 = 1
x7_10 = 1
x10_10 = 1
x14_10 = 1
x25_10 = 1
w1 = 1
w10 = 1
