Tiempo de corrida total: 1.86974
Tiempo de corrida recorrer el arbol: 1.02232
Valor de la funcion objetivo: 3
x2_3 = 1
x6_3 = 1
x19_3 = 1
x4_6 = 1
x29_6 = 1
x31_6 = 1
x7_7 = 1
x21_7 = 1
x22_7 = 1
x32_7 = 1
w3 = 1
w6 = 1
w7 = 1
