Tiempo de corrida total: 0.147205
Tiempo de corrida recorrer el arbol: 0.026912
Valor de la funcion objetivo: 1
x3_1 = 1
x26_1 = 1
x31_1 = 1
x34_1 = 1
x40_1 = 1
w1 = 1
