Tiempo de corrida total: 1.19116
Tiempo de corrida recorrer el arbol: 0.310735
Valor de la funcion objetivo: 2
x5_8 = 1
x12_8 = 1
x14_8 = 1
x16_8 = 1
x29_8 = 1
x37_8 = 1
x39_8 = 1
x4_9 = 1
x9_9 = 1
x28_9 = 1
w8 = 1
w9 = 1
