Tiempo de corrida total: 0.554728
Tiempo de corrida recorrer el arbol: 0.483925
Valor de la funcion objetivo: 2
x12_5 = 1
x14_5 = 1
x16_5 = 1
x19_5 = 1
x20_5 = 1
x27_5 = 1
x29_5 = 1
x30_5 = 1
x31_5 = 1
x34_5 = 1
x35_5 = 1
x36_5 = 1
x38_5 = 1
x48_5 = 1
x18_10 = 1
x37_10 = 1
x40_10 = 1
x41_10 = 1
x43_10 = 1
x49_10 = 1
w5 = 1
w10 = 1
