Tiempo de corrida total: 0.0722251
Tiempo de corrida recorrer el arbol: 0.0168641
Valor de la funcion objetivo: 2
x8_1 = 1
x9_1 = 1
x14_1 = 1
x16_1 = 1
x19_4 = 1
w1 = 1
w4 = 1
