Tiempo de corrida total: 0.15108
Tiempo de corrida recorrer el arbol: 0.0339859
Valor de la funcion objetivo: 2
x2_9 = 1
x6_9 = 1
x10_9 = 1
x17_9 = 1
x25_9 = 1
x4_10 = 1
x7_10 = 1
x22_10 = 1
x29_10 = 1
x30_10 = 1
w9 = 1
w10 = 1
