Tiempo de corrida total: 8.69177
Tiempo de corrida recorrer el arbol: 6.48955
Valor de la funcion objetivo: 2
x12_4 = 1
x22_4 = 1
x27_4 = 1
x38_4 = 1
x49_4 = 1
x9_9 = 1
x14_9 = 1
x25_9 = 1
x44_9 = 1
x46_9 = 1
w4 = 1
w9 = 1
