Tiempo de corrida total: 1.05476
Tiempo de corrida recorrer el arbol: 0.926639
Valor de la funcion objetivo: 3
x3_4 = 1
x24_4 = 1
x27_4 = 1
x28_4 = 1
x29_4 = 1
x4_5 = 1
x10_5 = 1
x23_5 = 1
x1_15 = 1
x5_15 = 1
x7_15 = 1
x9_15 = 1
x16_15 = 1
x17_15 = 1
x21_15 = 1
w4 = 1
w5 = 1
w15 = 1
