Tiempo de corrida total: 0.221811
Tiempo de corrida recorrer el arbol: 0.148173
Valor de la funcion objetivo: 2
x19_1 = 1
x32_1 = 1
x40_1 = 1
x7_5 = 1
x21_5 = 1
w1 = 1
w5 = 1
