Tiempo de corrida total: 2.43652
Tiempo de corrida recorrer el arbol: 0.57462
Valor de la funcion objetivo: 2
x8_4 = 1
x9_4 = 1
x21_4 = 1
x24_4 = 1
x32_4 = 1
x40_4 = 1
x45_4 = 1
x46_4 = 1
x3_12 = 1
x5_12 = 1
x13_12 = 1
x16_12 = 1
x26_12 = 1
x42_12 = 1
x48_12 = 1
w4 = 1
w12 = 1
