Tiempo de corrida total: 0.0458238
Tiempo de corrida recorrer el arbol: 0.0138769
Valor de la funcion objetivo: 1
x2_4 = 1
x6_4 = 1
x12_4 = 1
x14_4 = 1
x21_4 = 1
w4 = 1
