Tiempo de corrida total: 0.175804
Tiempo de corrida recorrer el arbol: 0.053478
Valor de la funcion objetivo: 2
x22_1 = 1
x34_1 = 1
x3_5 = 1
x15_5 = 1
x28_5 = 1
w1 = 1
w5 = 1
