Tiempo de corrida total: 0.00742793
Tiempo de corrida recorrer el arbol: 0.00429797
Valor de la funcion objetivo: 1
x4_2 = 1
x6_2 = 1
x8_2 = 1
x12_2 = 1
x16_2 = 1
w2 = 1
