Tiempo de corrida total: 1.17782
Tiempo de corrida recorrer el arbol: 0.541139
Valor de la funcion objetivo: 2
x7_7 = 1
x11_7 = 1
x16_7 = 1
x26_7 = 1
x29_7 = 1
x30_7 = 1
x31_7 = 1
x45_7 = 1
x46_7 = 1
x47_7 = 1
x48_7 = 1
x5_20 = 1
x6_20 = 1
x14_20 = 1
x20_20 = 1
x21_20 = 1
x32_20 = 1
x39_20 = 1
x49_20 = 1
x50_20 = 1
w7 = 1
w20 = 1
