Tiempo de corrida total: 0.760736
Tiempo de corrida recorrer el arbol: 0.709559
Valor de la funcion objetivo: 2
x2_5 = 1
x15_5 = 1
x29_5 = 1
x30_5 = 1
x32_5 = 1
x1_7 = 1
x12_7 = 1
x13_7 = 1
x25_7 = 1
x36_7 = 1
w5 = 1
w7 = 1
