Tiempo de corrida total: 0.00914598
Tiempo de corrida recorrer el arbol: 0.00773215
Valor de la funcion objetivo: 1
x1_1 = 1
x2_1 = 1
x3_1 = 1
x4_1 = 1
x6_1 = 1
x9_1 = 1
x13_1 = 1
x20_1 = 1
x27_1 = 1
x38_1 = 1
w1 = 1
