Tiempo de corrida total: 0.552834
Tiempo de corrida recorrer el arbol: 0.545331
Valor de la funcion objetivo: 2
x9_9 = 1
x13_9 = 1
x17_9 = 1
x22_9 = 1
x27_9 = 1
x4_10 = 1
x7_10 = 1
x8_10 = 1
x11_10 = 1
x23_10 = 1
w9 = 1
w10 = 1
