Tiempo de corrida total: 0.022208
Tiempo de corrida recorrer el arbol: 0.0107472
Valor de la funcion objetivo: 1
x2_10 = 1
x4_10 = 1
x5_10 = 1
x11_10 = 1
x20_10 = 1
x21_10 = 1
x24_10 = 1
x25_10 = 1
x32_10 = 1
x37_10 = 1
w10 = 1
