Tiempo de corrida total: 0.320677
Tiempo de corrida recorrer el arbol: 0.020226
Valor de la funcion objetivo: 2
x3_18 = 1
x8_18 = 1
x14_18 = 1
x18_18 = 1
x19_18 = 1
x20_18 = 1
x28_18 = 1
x31_18 = 1
x33_18 = 1
x34_18 = 1
x46_18 = 1
x5_20 = 1
x15_20 = 1
x22_20 = 1
x26_20 = 1
x29_20 = 1
x36_20 = 1
x44_20 = 1
x49_20 = 1
x50_20 = 1
w18 = 1
w20 = 1
