Tiempo de corrida total: 0.153473
Tiempo de corrida recorrer el arbol: 0.0177681
Valor de la funcion objetivo: 1
x1_5 = 1
x24_5 = 1
x28_5 = 1
x32_5 = 1
x34_5 = 1
w5 = 1
