Tiempo de corrida total: 0.0161059
Tiempo de corrida recorrer el arbol: 0.00720596
Valor de la funcion objetivo: 1
x3_5 = 1
x4_5 = 1
x8_5 = 1
x9_5 = 1
x12_5 = 1
w5 = 1
