Tiempo de corrida total: 0.131115
Tiempo de corrida recorrer el arbol: 0.018724
Valor de la funcion objetivo: 1
x4_5 = 1
x11_5 = 1
x12_5 = 1
x13_5 = 1
x29_5 = 1
w5 = 1
