Tiempo de corrida total: 0.03282
Tiempo de corrida recorrer el arbol: 0.00882792
Valor de la funcion objetivo: 1
x32_5 = 1
x33_5 = 1
x38_5 = 1
x39_5 = 1
x40_5 = 1
w5 = 1
