Tiempo de corrida total: 0.248363
Tiempo de corrida recorrer el arbol: 0.102579
Valor de la funcion objetivo: 1
x1_7 = 1
x8_7 = 1
x10_7 = 1
x16_7 = 1
x25_7 = 1
x31_7 = 1
x32_7 = 1
x42_7 = 1
x45_7 = 1
x47_7 = 1
w7 = 1
