Tiempo de corrida total: 0.072134
Tiempo de corrida recorrer el arbol: 0.024163
Valor de la funcion objetivo: 1
x1_2 = 1
x3_2 = 1
x4_2 = 1
x7_2 = 1
x8_2 = 1
w2 = 1
