Tiempo de corrida total: 0.013958
Tiempo de corrida recorrer el arbol: 0.0121799
Valor de la funcion objetivo: 1
x1_1 = 1
x5_1 = 1
x12_1 = 1
x14_1 = 1
x18_1 = 1
w1 = 1
