Tiempo de corrida total: 1.58226
Tiempo de corrida recorrer el arbol: 1.14465
Valor de la funcion objetivo: 2
x5_3 = 1
x7_3 = 1
x12_3 = 1
x16_3 = 1
x17_3 = 1
x19_3 = 1
x22_3 = 1
x26_3 = 1
x27_3 = 1
x28_3 = 1
x33_3 = 1
x36_3 = 1
x45_3 = 1
x48_3 = 1
x49_3 = 1
x21_9 = 1
x25_9 = 1
x30_9 = 1
x37_9 = 1
x43_9 = 1
w3 = 1
w9 = 1
