Tiempo de corrida total: 0.687723
Tiempo de corrida recorrer el arbol: 0.056113
Valor de la funcion objetivo: 2
x1_2 = 1
x3_2 = 1
x16_2 = 1
x34_2 = 1
x35_2 = 1
x37_2 = 1
x40_2 = 1
x2_6 = 1
x5_6 = 1
x9_6 = 1
x12_6 = 1
x19_6 = 1
x25_6 = 1
x30_6 = 1
x39_6 = 1
w2 = 1
w6 = 1
