Tiempo de corrida total: 0.183203
Tiempo de corrida recorrer el arbol: 0.0533061
Valor de la funcion objetivo: 2
x2_1 = 1
x22_1 = 1
x21_4 = 1
x24_4 = 1
x31_4 = 1
w1 = 1
w4 = 1
