Tiempo de corrida total: 0.19561
Tiempo de corrida recorrer el arbol: 0.071986
Valor de la funcion objetivo: 2
x1_3 = 1
x20_3 = 1
x9_5 = 1
x19_5 = 1
x30_5 = 1
w3 = 1
w5 = 1
