Tiempo de corrida total: 0.234329
Tiempo de corrida recorrer el arbol: 0.0391309
Valor de la funcion objetivo: 4
x3_4 = 1
x5_4 = 1
x10_4 = 1
x14_4 = 1
x19_4 = 1
x20_4 = 1
x4_12 = 1
x16_12 = 1
x29_12 = 1
x11_14 = 1
x18_14 = 1
x21_14 = 1
x23_14 = 1
x24_14 = 1
x7_17 = 1
x9_17 = 1
x12_17 = 1
x25_17 = 1
x26_17 = 1
x30_17 = 1
w4 = 1
w12 = 1
w14 = 1
w17 = 1
