Tiempo de corrida total: 0.0209332
Tiempo de corrida recorrer el arbol: 0.01053
Valor de la funcion objetivo: 1
x1_4 = 1
x3_4 = 1
x5_4 = 1
x8_4 = 1
x13_4 = 1
w4 = 1
