Tiempo de corrida total: 0.499847
Tiempo de corrida recorrer el arbol: 0.473987
Valor de la funcion objetivo: 2
x4_2 = 1
x7_2 = 1
x8_2 = 1
x9_2 = 1
x10_2 = 1
x12_2 = 1
x16_2 = 1
x18_2 = 1
x29_2 = 1
x30_2 = 1
x1_4 = 1
x3_4 = 1
x13_4 = 1
x19_4 = 1
x22_4 = 1
x23_4 = 1
x24_4 = 1
x25_4 = 1
x26_4 = 1
x27_4 = 1
w2 = 1
w4 = 1
