Tiempo de corrida total: 0.416221
Tiempo de corrida recorrer el arbol: 0.0864441
Valor de la funcion objetivo: 2
x11_7 = 1
x12_7 = 1
x32_7 = 1
x46_7 = 1
x48_7 = 1
x9_12 = 1
x14_12 = 1
x16_12 = 1
x18_12 = 1
x21_12 = 1
x27_12 = 1
x34_12 = 1
x36_12 = 1
x37_12 = 1
x45_12 = 1
w7 = 1
w12 = 1
