Tiempo de corrida total: 0.100962
Tiempo de corrida recorrer el arbol: 0.030226
Valor de la funcion objetivo: 1
x2_3 = 1
x3_3 = 1
x7_3 = 1
x14_3 = 1
x15_3 = 1
x18_3 = 1
x25_3 = 1
x29_3 = 1
x30_3 = 1
x47_3 = 1
w3 = 1
