Tiempo de corrida total: 0.116819
Tiempo de corrida recorrer el arbol: 0.0319719
Valor de la funcion objetivo: 2
x1_14 = 1
x3_14 = 1
x16_14 = 1
x23_14 = 1
x26_14 = 1
x30_14 = 1
x33_14 = 1
x35_14 = 1
x10_15 = 1
x12_15 = 1
x13_15 = 1
x15_15 = 1
x17_15 = 1
x21_15 = 1
x24_15 = 1
x25_15 = 1
x27_15 = 1
x29_15 = 1
x34_15 = 1
x36_15 = 1
w14 = 1
w15 = 1
