Tiempo de corrida total: 1.24832
Tiempo de corrida recorrer el arbol: 1.04429
Valor de la funcion objetivo: 2
x12_4 = 1
x15_4 = 1
x18_4 = 1
x20_4 = 1
x23_4 = 1
x8_9 = 1
x14_9 = 1
x27_9 = 1
x31_9 = 1
x32_9 = 1
w4 = 1
w9 = 1
