Tiempo de corrida total: 2.22041
Tiempo de corrida recorrer el arbol: 2.21682
Valor de la funcion objetivo: 2
x1_1 = 1
x2_1 = 1
x3_1 = 1
x5_1 = 1
x8_1 = 1
x19_1 = 1
x21_1 = 1
x28_1 = 1
x6_2 = 1
x29_2 = 1
w1 = 1
w2 = 1
