Tiempo de corrida total: 2.86499
Tiempo de corrida recorrer el arbol: 2.81371
Valor de la funcion objetivo: 2
x5_1 = 1
x7_1 = 1
x15_1 = 1
x17_1 = 1
x18_1 = 1
x22_1 = 1
x42_1 = 1
x45_1 = 1
x8_15 = 1
x9_15 = 1
x20_15 = 1
x24_15 = 1
x27_15 = 1
x28_15 = 1
x36_15 = 1
w1 = 1
w15 = 1
