Tiempo de corrida total: 3.72026
Tiempo de corrida recorrer el arbol: 2.65864
Valor de la funcion objetivo: 3
x2_3 = 1
x3_3 = 1
x45_3 = 1
x46_3 = 1
x48_3 = 1
x50_3 = 1
x18_12 = 1
x26_12 = 1
x38_12 = 1
x40_12 = 1
x49_12 = 1
x10_14 = 1
x36_14 = 1
x37_14 = 1
x47_14 = 1
w3 = 1
w12 = 1
w14 = 1
