Tiempo de corrida total: 0.0349748
Tiempo de corrida recorrer el arbol: 0.0308552
Valor de la funcion objetivo: 1
x18_4 = 1
x23_4 = 1
x25_4 = 1
x30_4 = 1
x31_4 = 1
w4 = 1
