Tiempo de corrida total: 0.476376
Tiempo de corrida recorrer el arbol: 0.443163
Valor de la funcion objetivo: 2
x11_3 = 1
x24_3 = 1
x21_5 = 1
x32_5 = 1
x33_5 = 1
w3 = 1
w5 = 1
