Tiempo de corrida total: 1.95703
Tiempo de corrida recorrer el arbol: 0.561052
Valor de la funcion objetivo: 2
x3_8 = 1
x16_8 = 1
x25_8 = 1
x48_8 = 1
x49_8 = 1
x50_8 = 1
x6_10 = 1
x8_10 = 1
x9_10 = 1
x12_10 = 1
x15_10 = 1
x22_10 = 1
x24_10 = 1
x33_10 = 1
x42_10 = 1
w8 = 1
w10 = 1
