Tiempo de corrida total: 0.0216272
Tiempo de corrida recorrer el arbol: 0.00925684
Valor de la funcion objetivo: 1
x1_4 = 1
x4_4 = 1
x6_4 = 1
x8_4 = 1
x18_4 = 1
w4 = 1
