Tiempo de corrida total: 0.127776
Tiempo de corrida recorrer el arbol: 0.052278
Valor de la funcion objetivo: 1
x14_4 = 1
x23_4 = 1
x29_4 = 1
x34_4 = 1
x37_4 = 1
w4 = 1
