Tiempo de corrida total: 0.143097
Tiempo de corrida recorrer el arbol: 0.0676112
Valor de la funcion objetivo: 1
x1_3 = 1
x3_3 = 1
x12_3 = 1
x29_3 = 1
x40_3 = 1
w3 = 1
