Tiempo de corrida total: 1.78402
Tiempo de corrida recorrer el arbol: 0.626636
Valor de la funcion objetivo: 2
x9_3 = 1
x12_3 = 1
x27_3 = 1
x31_3 = 1
x32_3 = 1
x39_3 = 1
x3_5 = 1
x10_5 = 1
x19_5 = 1
x20_5 = 1
w3 = 1
w5 = 1
