Tiempo de corrida total: 0.0616798
Tiempo de corrida recorrer el arbol: 0.015125
Valor de la funcion objetivo: 1
x1_2 = 1
x2_2 = 1
x14_2 = 1
x30_2 = 1
x36_2 = 1
w2 = 1
