Tiempo de corrida total: 5.11752
Tiempo de corrida recorrer el arbol: 5.09755
Valor de la funcion objetivo: 2
x4_3 = 1
x20_3 = 1
x23_3 = 1
x28_3 = 1
x44_3 = 1
x5_14 = 1
x9_14 = 1
x14_14 = 1
x15_14 = 1
x24_14 = 1
x26_14 = 1
x34_14 = 1
x38_14 = 1
x39_14 = 1
x40_14 = 1
w3 = 1
w14 = 1
