Tiempo de corrida total: 0.194423
Tiempo de corrida recorrer el arbol: 0.027792
Valor de la funcion objetivo: 2
x18_3 = 1
x20_3 = 1
x30_3 = 1
x15_4 = 1
x23_4 = 1
w3 = 1
w4 = 1
