Tiempo de corrida total: 0.0893381
Tiempo de corrida recorrer el arbol: 0.0540259
Valor de la funcion objetivo: 2
x13_7 = 1
x18_7 = 1
x19_7 = 1
x28_7 = 1
x1_8 = 1
x15_8 = 1
x17_8 = 1
x20_8 = 1
x21_8 = 1
x29_8 = 1
w7 = 1
w8 = 1
