Tiempo de corrida total: 0.354335
Tiempo de corrida recorrer el arbol: 0.156904
Valor de la funcion objetivo: 2
x2_4 = 1
x16_4 = 1
x28_4 = 1
x30_4 = 1
x3_8 = 1
x7_8 = 1
x11_8 = 1
x17_8 = 1
x20_8 = 1
x29_8 = 1
w4 = 1
w8 = 1
