Tiempo de corrida total: 0.0946059
Tiempo de corrida recorrer el arbol: 0.0145822
Valor de la funcion objetivo: 2
x5_1 = 1
x8_1 = 1
x15_1 = 1
x24_3 = 1
x26_3 = 1
w1 = 1
w3 = 1
