Tiempo de corrida total: 0.254949
Tiempo de corrida recorrer el arbol: 0.0337069
Valor de la funcion objetivo: 1
x32_5 = 1
x34_5 = 1
x37_5 = 1
x42_5 = 1
x44_5 = 1
w5 = 1
