Tiempo de corrida total: 0.25866
Tiempo de corrida recorrer el arbol: 0.232273
Valor de la funcion objetivo: 2
x3_10 = 1
x5_10 = 1
x7_10 = 1
x8_10 = 1
x12_10 = 1
x17_10 = 1
x18_10 = 1
x24_10 = 1
x28_10 = 1
x2_11 = 1
x10_11 = 1
x11_11 = 1
x16_11 = 1
x22_11 = 1
x23_11 = 1
w10 = 1
w11 = 1
