Tiempo de corrida total: 0.162608
Tiempo de corrida recorrer el arbol: 0.145876
Valor de la funcion objetivo: 2
x12_2 = 1
x26_2 = 1
x6_5 = 1
x13_5 = 1
x20_5 = 1
w2 = 1
w5 = 1
