Tiempo de corrida total: 0.165988
Tiempo de corrida recorrer el arbol: 0.146222
Valor de la funcion objetivo: 2
x13_2 = 1
x9_3 = 1
x19_3 = 1
x23_3 = 1
x29_3 = 1
w2 = 1
w3 = 1
