Tiempo de corrida total: 0.0382469
Tiempo de corrida recorrer el arbol: 0.012682
Valor de la funcion objetivo: 1
x1_1 = 1
x2_1 = 1
x7_1 = 1
x8_1 = 1
x9_1 = 1
x10_1 = 1
x25_1 = 1
x34_1 = 1
x43_1 = 1
x45_1 = 1
w1 = 1
