Tiempo de corrida total: 2.91209
Tiempo de corrida recorrer el arbol: 2.84743
Valor de la funcion objetivo: 2
x4_8 = 1
x6_8 = 1
x7_8 = 1
x8_8 = 1
x21_8 = 1
x35_8 = 1
x38_8 = 1
x46_8 = 1
x5_14 = 1
x12_14 = 1
x13_14 = 1
x19_14 = 1
x23_14 = 1
x25_14 = 1
x50_14 = 1
w8 = 1
w14 = 1
