Tiempo de corrida total: 0.140959
Tiempo de corrida recorrer el arbol: 0.0636201
Valor de la funcion objetivo: 1
x1_10 = 1
x4_10 = 1
x5_10 = 1
x12_10 = 1
x19_10 = 1
x21_10 = 1
x27_10 = 1
x30_10 = 1
x31_10 = 1
x39_10 = 1
w10 = 1
