Tiempo de corrida total: 0.197357
Tiempo de corrida recorrer el arbol: 0.191715
Valor de la funcion objetivo: 2
x15_1 = 1
x36_1 = 1
x37_1 = 1
x39_1 = 1
x3_10 = 1
x5_10 = 1
x12_10 = 1
x25_10 = 1
x29_10 = 1
x32_10 = 1
w1 = 1
w10 = 1
