Tiempo de corrida total: 0.0385659
Tiempo de corrida recorrer el arbol: 0.0278869
Valor de la funcion objetivo: 1
x1_3 = 1
x3_3 = 1
x6_3 = 1
x10_3 = 1
x11_3 = 1
w3 = 1
