Tiempo de corrida total: 0.0246429
Tiempo de corrida recorrer el arbol: 0.00630593
Valor de la funcion objetivo: 1
x20_5 = 1
x23_5 = 1
x27_5 = 1
x32_5 = 1
x39_5 = 1
w5 = 1
