Tiempo de corrida total: 0.351323
Tiempo de corrida recorrer el arbol: 0.100809
Valor de la funcion objetivo: 1
x5_1 = 1
x11_1 = 1
x12_1 = 1
x16_1 = 1
x18_1 = 1
w1 = 1
