Tiempo de corrida total: 4.00161
Tiempo de corrida recorrer el arbol: 3.86674
Valor de la funcion objetivo: 4
x14_2 = 1
x23_2 = 1
x25_3 = 1
x29_3 = 1
x15_6 = 1
x16_6 = 1
x18_6 = 1
x11_9 = 1
x19_9 = 1
x28_9 = 1
w2 = 1
w3 = 1
w6 = 1
w9 = 1
