Tiempo de corrida total: 0.223424
Tiempo de corrida recorrer el arbol: 0.219069
Valor de la funcion objetivo: 2
x1_1 = 1
x2_1 = 1
x4_1 = 1
x5_1 = 1
x11_1 = 1
x14_1 = 1
x15_1 = 1
x16_1 = 1
x18_1 = 1
x20_1 = 1
x25_1 = 1
x7_2 = 1
x12_2 = 1
x21_2 = 1
x26_2 = 1
w1 = 1
w2 = 1
