Tiempo de corrida total: 2.61266
Tiempo de corrida recorrer el arbol: 0.657218
Valor de la funcion objetivo: 2
x2_6 = 1
x10_6 = 1
x31_6 = 1
x39_6 = 1
x41_6 = 1
x5_10 = 1
x9_10 = 1
x12_10 = 1
x15_10 = 1
x19_10 = 1
x20_10 = 1
x24_10 = 1
x26_10 = 1
x36_10 = 1
x43_10 = 1
w6 = 1
w10 = 1
