Tiempo de corrida total: 0.094269
Tiempo de corrida recorrer el arbol: 0.0178339
Valor de la funcion objetivo: 2
x6_3 = 1
x8_3 = 1
x9_3 = 1
x20_3 = 1
x24_3 = 1
x25_3 = 1
x27_3 = 1
x1_19 = 1
x2_19 = 1
x3_19 = 1
x7_19 = 1
x12_19 = 1
x13_19 = 1
x14_19 = 1
x18_19 = 1
x19_19 = 1
x23_19 = 1
x26_19 = 1
x28_19 = 1
x30_19 = 1
w3 = 1
w19 = 1
