Tiempo de corrida total: 1.34104
Tiempo de corrida recorrer el arbol: 1.29927
Valor de la funcion objetivo: 1
x1_1 = 1
x2_1 = 1
x14_1 = 1
x16_1 = 1
x21_1 = 1
x26_1 = 1
x32_1 = 1
x36_1 = 1
x46_1 = 1
x47_1 = 1
w1 = 1
