Tiempo de corrida total: 0.488671
Tiempo de corrida recorrer el arbol: 0.453037
Valor de la funcion objetivo: 2
x23_2 = 1
x5_4 = 1
x7_4 = 1
x8_4 = 1
x18_4 = 1
w2 = 1
w4 = 1
