Tiempo de corrida total: 0.124398
Tiempo de corrida recorrer el arbol: 0.033746
Valor de la funcion objetivo: 2
x16_1 = 1
x24_1 = 1
x28_1 = 1
x2_4 = 1
x3_4 = 1
w1 = 1
w4 = 1
