Tiempo de corrida total: 1.20549
Tiempo de corrida recorrer el arbol: 0.937775
Valor de la funcion objetivo: 3
x3_12 = 1
x5_12 = 1
x17_12 = 1
x20_12 = 1
x27_12 = 1
x28_12 = 1
x6_18 = 1
x7_18 = 1
x12_18 = 1
x15_18 = 1
x19_18 = 1
x26_18 = 1
x4_19 = 1
x9_19 = 1
x13_19 = 1
x16_19 = 1
x18_19 = 1
x25_19 = 1
x29_19 = 1
x30_19 = 1
w12 = 1
w18 = 1
w19 = 1
