Tiempo de corrida total: 4.22263
Tiempo de corrida recorrer el arbol: 4.09093
Valor de la funcion objetivo: 3
x2_4 = 1
x13_4 = 1
x17_4 = 1
x3_7 = 1
x14_7 = 1
x15_7 = 1
x25_7 = 1
x11_9 = 1
x18_9 = 1
x22_9 = 1
w4 = 1
w7 = 1
w9 = 1
