Tiempo de corrida total: 0.106331
Tiempo de corrida recorrer el arbol: 0.035238
Valor de la funcion objetivo: 2
x5_17 = 1
x9_17 = 1
x10_17 = 1
x12_17 = 1
x16_17 = 1
x17_17 = 1
x28_17 = 1
x29_17 = 1
x1_20 = 1
x2_20 = 1
x3_20 = 1
x4_20 = 1
x7_20 = 1
x14_20 = 1
x19_20 = 1
x20_20 = 1
x23_20 = 1
x24_20 = 1
x25_20 = 1
x27_20 = 1
w17 = 1
w20 = 1
