Tiempo de corrida total: 0.185187
Tiempo de corrida recorrer el arbol: 0.0734482
Valor de la funcion objetivo: 2
x1_10 = 1
x12_10 = 1
x14_10 = 1
x17_10 = 1
x22_10 = 1
x4_15 = 1
x9_15 = 1
x10_15 = 1
x16_15 = 1
x20_15 = 1
x23_15 = 1
x24_15 = 1
x25_15 = 1
x28_15 = 1
x30_15 = 1
w10 = 1
w15 = 1
