Tiempo de corrida total: 0.768902
Tiempo de corrida recorrer el arbol: 0.324432
Valor de la funcion objetivo: 5
x3_2 = 1
x28_2 = 1
x12_3 = 1
x23_4 = 1
x27_4 = 1
x18_5 = 1
x25_5 = 1
x5_9 = 1
x7_9 = 1
x10_9 = 1
w2 = 1
w3 = 1
w4 = 1
w5 = 1
w9 = 1
