Tiempo de corrida total: 1.10427
Tiempo de corrida recorrer el arbol: 0.983452
Valor de la funcion objetivo: 2
x2_1 = 1
x5_1 = 1
x7_1 = 1
x8_1 = 1
x30_1 = 1
x36_1 = 1
x4_4 = 1
x6_4 = 1
x24_4 = 1
x25_4 = 1
w1 = 1
w4 = 1
