Tiempo de corrida total: 9.29031
Tiempo de corrida recorrer el arbol: 9.13161
Valor de la funcion objetivo: 5
x16_1 = 1
x22_1 = 1
x8_4 = 1
x9_4 = 1
x1_7 = 1
x18_7 = 1
x21_9 = 1
x26_9 = 1
x5_10 = 1
x6_10 = 1
w1 = 1
w4 = 1
w7 = 1
w9 = 1
w10 = 1
