Tiempo de corrida total: 0.023989
Tiempo de corrida recorrer el arbol: 0.00636816
Valor de la funcion objetivo: 1
x1_5 = 1
x4_5 = 1
x6_5 = 1
x10_5 = 1
x13_5 = 1
w5 = 1
