Tiempo de corrida total: 0.978019
Tiempo de corrida recorrer el arbol: 0.368799
Valor de la funcion objetivo: 3
x2_2 = 1
x18_2 = 1
x34_2 = 1
x16_3 = 1
x17_3 = 1
x20_3 = 1
x4_8 = 1
x13_8 = 1
x32_8 = 1
x37_8 = 1
w2 = 1
w3 = 1
w8 = 1
