Tiempo de corrida total: 0.578387
Tiempo de corrida recorrer el arbol: 0.475771
Valor de la funcion objetivo: 2
x14_1 = 1
x19_1 = 1
x3_3 = 1
x9_3 = 1
x20_3 = 1
w1 = 1
w3 = 1
