Tiempo de corrida total: 1.42796
Tiempo de corrida recorrer el arbol: 0.115042
Valor de la funcion objetivo: 4
x5_9 = 1
x9_9 = 1
x20_9 = 1
x30_9 = 1
x3_10 = 1
x19_10 = 1
x24_10 = 1
x31_10 = 1
x16_12 = 1
x32_12 = 1
x33_12 = 1
x38_12 = 1
x15_15 = 1
x29_15 = 1
x37_15 = 1
w9 = 1
w10 = 1
w12 = 1
w15 = 1
