Tiempo de corrida total: 1.29584
Tiempo de corrida recorrer el arbol: 1.28458
Valor de la funcion objetivo: 2
x4_15 = 1
x6_15 = 1
x13_15 = 1
x17_15 = 1
x30_15 = 1
x33_15 = 1
x40_15 = 1
x3_20 = 1
x5_20 = 1
x7_20 = 1
x8_20 = 1
x12_20 = 1
x15_20 = 1
x18_20 = 1
x19_20 = 1
x21_20 = 1
x22_20 = 1
x24_20 = 1
x26_20 = 1
x31_20 = 1
w15 = 1
w20 = 1
