Tiempo de corrida total: 5.50121
Tiempo de corrida recorrer el arbol: 5.12095
Valor de la funcion objetivo: 1
x2_4 = 1
x7_4 = 1
x12_4 = 1
x16_4 = 1
x23_4 = 1
x24_4 = 1
x42_4 = 1
x44_4 = 1
x45_4 = 1
x50_4 = 1
w4 = 1
