Tiempo de corrida total: 0.042937
Tiempo de corrida recorrer el arbol: 0.0336089
Valor de la funcion objetivo: 1
x9_3 = 1
x18_3 = 1
x19_3 = 1
x20_3 = 1
x29_3 = 1
w3 = 1
