Tiempo de corrida total: 0.051367
Tiempo de corrida recorrer el arbol: 0.0209579
Valor de la funcion objetivo: 1
x1_2 = 1
x3_2 = 1
x5_2 = 1
x6_2 = 1
x7_2 = 1
w2 = 1
