Tiempo de corrida total: 0.797828
Tiempo de corrida recorrer el arbol: 0.789201
Valor de la funcion objetivo: 2
x1_1 = 1
x2_1 = 1
x3_1 = 1
x7_1 = 1
x8_1 = 1
x9_1 = 1
x12_1 = 1
x14_1 = 1
x18_1 = 1
x20_1 = 1
x22_1 = 1
x26_1 = 1
x31_1 = 1
x32_1 = 1
x4_2 = 1
x5_2 = 1
x11_2 = 1
x27_2 = 1
x28_2 = 1
x34_2 = 1
w1 = 1
w2 = 1
