Tiempo de corrida total: 0.0634048
Tiempo de corrida recorrer el arbol: 0.0410559
Valor de la funcion objetivo: 1
x5_10 = 1
x12_10 = 1
x20_10 = 1
x25_10 = 1
x27_10 = 1
x28_10 = 1
x29_10 = 1
x32_10 = 1
x36_10 = 1
x38_10 = 1
w10 = 1
