Tiempo de corrida total: 0.045074
Tiempo de corrida recorrer el arbol: 0.029999
Valor de la funcion objetivo: 1
x9_5 = 1
x17_5 = 1
x20_5 = 1
x24_5 = 1
x25_5 = 1
w5 = 1
