Tiempo de corrida total: 0.455446
Tiempo de corrida recorrer el arbol: 0.0699122
Valor de la funcion objetivo: 3
x4_1 = 1
x14_1 = 1
x16_1 = 1
x18_1 = 1
x19_1 = 1
x21_1 = 1
x24_1 = 1
x30_1 = 1
x2_3 = 1
x3_3 = 1
x7_3 = 1
x9_3 = 1
x25_3 = 1
x28_3 = 1
x1_5 = 1
x6_5 = 1
x17_5 = 1
x20_5 = 1
x26_5 = 1
x27_5 = 1
w1 = 1
w3 = 1
w5 = 1
