Tiempo de corrida total: 0.036931
Tiempo de corrida recorrer el arbol: 0.0324309
Valor de la funcion objetivo: 1
x10_4 = 1
x14_4 = 1
x18_4 = 1
x22_4 = 1
x29_4 = 1
w4 = 1
