Tiempo de corrida total: 0.222235
Tiempo de corrida recorrer el arbol: 0.07322
Valor de la funcion objetivo: 1
x2_2 = 1
x10_2 = 1
x14_2 = 1
x24_2 = 1
x27_2 = 1
w2 = 1
