Tiempo de corrida total: 0.00710201
Tiempo de corrida recorrer el arbol: 0.00390291
Valor de la funcion objetivo: 1
x1_1 = 1
x4_1 = 1
x14_1 = 1
x15_1 = 1
x20_1 = 1
w1 = 1
