Tiempo de corrida total: 0.535067
Tiempo de corrida recorrer el arbol: 0.347099
Valor de la funcion objetivo: 4
x2_2 = 1
x5_2 = 1
x10_2 = 1
x19_2 = 1
x4_3 = 1
x6_3 = 1
x17_3 = 1
x23_3 = 1
x1_10 = 1
x18_10 = 1
x29_10 = 1
x30_10 = 1
x12_15 = 1
x20_15 = 1
x27_15 = 1
w2 = 1
w3 = 1
w10 = 1
w15 = 1
