Tiempo de corrida total: 0.0733879
Tiempo de corrida recorrer el arbol: 0.0368609
Valor de la funcion objetivo: 2
x3_3 = 1
x28_3 = 1
x8_5 = 1
x15_5 = 1
x30_5 = 1
w3 = 1
w5 = 1
