Tiempo de corrida total: 0.0306499
Tiempo de corrida recorrer el arbol: 0.01476
Valor de la funcion objetivo: 1
x4_4 = 1
x12_4 = 1
x17_4 = 1
x19_4 = 1
x26_4 = 1
w4 = 1
