Tiempo de corrida total: 0.282482
Tiempo de corrida recorrer el arbol: 0.249874
Valor de la funcion objetivo: 2
x3_10 = 1
x13_10 = 1
x15_10 = 1
x18_10 = 1
x20_10 = 1
x27_10 = 1
x29_10 = 1
x2_12 = 1
x4_12 = 1
x6_12 = 1
x9_12 = 1
x11_12 = 1
x22_12 = 1
x25_12 = 1
x28_12 = 1
w10 = 1
w12 = 1
