Tiempo de corrida total: 0.841182
Tiempo de corrida recorrer el arbol: 0.575468
Valor de la funcion objetivo: 3
x1_7 = 1
x3_7 = 1
x4_7 = 1
x10_7 = 1
x11_7 = 1
x29_7 = 1
x7_14 = 1
x14_14 = 1
x17_14 = 1
x21_14 = 1
x24_14 = 1
x28_14 = 1
x5_15 = 1
x22_15 = 1
x27_15 = 1
w7 = 1
w14 = 1
w15 = 1
