Tiempo de corrida total: 0.013242
Tiempo de corrida recorrer el arbol: 0.0112138
Valor de la funcion objetivo: 1
x1_1 = 1
x2_1 = 1
x4_1 = 1
x29_1 = 1
x31_1 = 1
w1 = 1
