Tiempo de corrida total: 0.337487
Tiempo de corrida recorrer el arbol: 0.0538819
Valor de la funcion objetivo: 1
x1_3 = 1
x11_3 = 1
x13_3 = 1
x36_3 = 1
x47_3 = 1
w3 = 1
