Tiempo de corrida total: 0.0717831
Tiempo de corrida recorrer el arbol: 0.027518
Valor de la funcion objetivo: 2
x3_6 = 1
x14_6 = 1
x16_6 = 1
x20_6 = 1
x22_6 = 1
x25_6 = 1
x27_6 = 1
x28_6 = 1
x30_6 = 1
x4_11 = 1
x7_11 = 1
x10_11 = 1
x18_11 = 1
x21_11 = 1
x26_11 = 1
w6 = 1
w11 = 1
