Tiempo de corrida total: 0.715888
Tiempo de corrida recorrer el arbol: 0.343744
Valor de la funcion objetivo: 2
x2_8 = 1
x8_8 = 1
x13_8 = 1
x17_8 = 1
x26_8 = 1
x29_8 = 1
x40_8 = 1
x3_12 = 1
x19_12 = 1
x24_12 = 1
x32_12 = 1
x34_12 = 1
x36_12 = 1
x37_12 = 1
x38_12 = 1
w8 = 1
w12 = 1
