Tiempo de corrida total: 8.59781
Tiempo de corrida recorrer el arbol: 8.56565
Valor de la funcion objetivo: 3
x13_10 = 1
x18_10 = 1
x24_10 = 1
x27_10 = 1
x28_10 = 1
x1_14 = 1
x7_14 = 1
x14_14 = 1
x21_14 = 1
x8_15 = 1
x10_15 = 1
x19_15 = 1
x22_15 = 1
x23_15 = 1
x30_15 = 1
w10 = 1
w14 = 1
w15 = 1
