Tiempo de corrida total: 1.02557
Tiempo de corrida recorrer el arbol: 0.934451
Valor de la funcion objetivo: 2
x1_4 = 1
x7_4 = 1
x12_4 = 1
x18_4 = 1
x20_4 = 1
x22_4 = 1
x3_6 = 1
x16_6 = 1
x21_6 = 1
x29_6 = 1
w4 = 1
w6 = 1
