Tiempo de corrida total: 0.148189
Tiempo de corrida recorrer el arbol: 0.0473258
Valor de la funcion objetivo: 2
x3_12 = 1
x6_12 = 1
x7_12 = 1
x12_12 = 1
x15_12 = 1
x21_12 = 1
x24_12 = 1
x34_12 = 1
x35_12 = 1
x36_12 = 1
x1_16 = 1
x17_16 = 1
x20_16 = 1
x22_16 = 1
x25_16 = 1
x27_16 = 1
x28_16 = 1
x32_16 = 1
x37_16 = 1
x40_16 = 1
w12 = 1
w16 = 1
