Tiempo de corrida total: 0.252478
Tiempo de corrida recorrer el arbol: 0.0606811
Valor de la funcion objetivo: 2
x3_12 = 1
x5_12 = 1
x18_12 = 1
x19_12 = 1
x24_12 = 1
x33_12 = 1
x36_12 = 1
x40_12 = 1
x1_18 = 1
x7_18 = 1
x9_18 = 1
x15_18 = 1
x16_18 = 1
x20_18 = 1
x21_18 = 1
x30_18 = 1
x32_18 = 1
x35_18 = 1
x37_18 = 1
x39_18 = 1
w12 = 1
w18 = 1
