Tiempo de corrida total: 0.493942
Tiempo de corrida recorrer el arbol: 0.422514
Valor de la funcion objetivo: 2
x3_1 = 1
x4_1 = 1
x13_1 = 1
x15_1 = 1
x16_1 = 1
x17_1 = 1
x19_1 = 1
x21_1 = 1
x23_1 = 1
x24_1 = 1
x27_1 = 1
x1_6 = 1
x7_6 = 1
x22_6 = 1
x25_6 = 1
w1 = 1
w6 = 1
