Tiempo de corrida total: 0.754108
Tiempo de corrida recorrer el arbol: 0.648784
Valor de la funcion objetivo: 2
x2_1 = 1
x4_1 = 1
x5_1 = 1
x12_1 = 1
x40_3 = 1
w1 = 1
w3 = 1
