Tiempo de corrida total: 0.343895
Tiempo de corrida recorrer el arbol: 0.314865
Valor de la funcion objetivo: 2
x21_2 = 1
x32_2 = 1
x33_2 = 1
x7_4 = 1
x36_4 = 1
w2 = 1
w4 = 1
