Tiempo de corrida total: 0.139657
Tiempo de corrida recorrer el arbol: 0.060812
Valor de la funcion objetivo: 1
x2_1 = 1
x17_1 = 1
x28_1 = 1
x35_1 = 1
x40_1 = 1
w1 = 1
