Tiempo de corrida total: 0.949198
Tiempo de corrida recorrer el arbol: 0.923083
Valor de la funcion objetivo: 2
x12_2 = 1
x23_2 = 1
x26_2 = 1
x32_2 = 1
x40_2 = 1
x3_4 = 1
x4_4 = 1
x6_4 = 1
x18_4 = 1
x20_4 = 1
x25_4 = 1
x27_4 = 1
x29_4 = 1
x30_4 = 1
x34_4 = 1
w2 = 1
w4 = 1
