Tiempo de corrida total: 0.699284
Tiempo de corrida recorrer el arbol: 0.172093
Valor de la funcion objetivo: 3
x1_3 = 1
x20_3 = 1
x25_3 = 1
x29_3 = 1
x30_3 = 1
x35_3 = 1
x37_3 = 1
x47_3 = 1
x16_12 = 1
x27_12 = 1
x43_12 = 1
x49_12 = 1
x2_13 = 1
x5_13 = 1
x15_13 = 1
x17_13 = 1
x18_13 = 1
x26_13 = 1
x39_13 = 1
x40_13 = 1
w3 = 1
w12 = 1
w13 = 1
