Tiempo de corrida total: 8.25328
Tiempo de corrida recorrer el arbol: 8.22833
Valor de la funcion objetivo: 3
x7_2 = 1
x13_2 = 1
x20_2 = 1
x25_2 = 1
x49_2 = 1
x3_10 = 1
x4_10 = 1
x16_10 = 1
x21_10 = 1
x37_10 = 1
x14_12 = 1
x32_12 = 1
x33_12 = 1
x39_12 = 1
x48_12 = 1
w2 = 1
w10 = 1
w12 = 1
