Tiempo de corrida total: 0.463584
Tiempo de corrida recorrer el arbol: 0.0609181
Valor de la funcion objetivo: 2
x19_3 = 1
x20_3 = 1
x18_5 = 1
x24_5 = 1
x29_5 = 1
w3 = 1
w5 = 1
