Tiempo de corrida total: 1.07776
Tiempo de corrida recorrer el arbol: 0.947111
Valor de la funcion objetivo: 2
x3_4 = 1
x15_4 = 1
x28_4 = 1
x7_5 = 1
x34_5 = 1
w4 = 1
w5 = 1
