Tiempo de corrida total: 0.014096
Tiempo de corrida recorrer el arbol: 0.00487804
Valor de la funcion objetivo: 1
x1_10 = 1
x10_10 = 1
x12_10 = 1
x13_10 = 1
x14_10 = 1
x16_10 = 1
x18_10 = 1
x24_10 = 1
x25_10 = 1
x30_10 = 1
w10 = 1
