Tiempo de corrida total: 0.218457
Tiempo de corrida recorrer el arbol: 0.0567901
Valor de la funcion objetivo: 2
x32_1 = 1
x33_1 = 1
x37_1 = 1
x22_5 = 1
x34_5 = 1
w1 = 1
w5 = 1
