Tiempo de corrida total: 0.228151
Tiempo de corrida recorrer el arbol: 0.100482
Valor de la funcion objetivo: 3
x1_1 = 1
x3_1 = 1
x4_1 = 1
x10_1 = 1
x11_1 = 1
x20_1 = 1
x21_1 = 1
x6_3 = 1
x9_3 = 1
x12_3 = 1
x19_3 = 1
x25_3 = 1
x26_3 = 1
x30_3 = 1
x5_12 = 1
x7_12 = 1
x17_12 = 1
x23_12 = 1
x27_12 = 1
x29_12 = 1
w1 = 1
w3 = 1
w12 = 1
