Tiempo de corrida total: 7.01898
Tiempo de corrida recorrer el arbol: 6.74838
Valor de la funcion objetivo: 2
x34_1 = 1
x43_1 = 1
x14_2 = 1
x16_2 = 1
x22_2 = 1
x24_2 = 1
x26_2 = 1
x30_2 = 1
x32_2 = 1
x48_2 = 1
w1 = 1
w2 = 1
