Tiempo de corrida total: 0.50711
Tiempo de corrida recorrer el arbol: 0.494248
Valor de la funcion objetivo: 2
x1_1 = 1
x3_1 = 1
x9_1 = 1
x12_2 = 1
x17_2 = 1
w1 = 1
w2 = 1
