Tiempo de corrida total: 0.09478
Tiempo de corrida recorrer el arbol: 0.0182018
Valor de la funcion objetivo: 1
x1_1 = 1
x12_1 = 1
x13_1 = 1
x14_1 = 1
x34_1 = 1
w1 = 1
