Tiempo de corrida total: 6.37655
Tiempo de corrida recorrer el arbol: 6.29433
Valor de la funcion objetivo: 3
x7_2 = 1
x14_2 = 1
x20_2 = 1
x22_2 = 1
x6_12 = 1
x15_12 = 1
x37_12 = 1
x40_12 = 1
x1_14 = 1
x9_14 = 1
x19_14 = 1
x24_14 = 1
x29_14 = 1
x32_14 = 1
x36_14 = 1
w2 = 1
w12 = 1
w14 = 1
