Tiempo de corrida total: 4.34111
Tiempo de corrida recorrer el arbol: 4.33002
Valor de la funcion objetivo: 2
x14_7 = 1
x19_7 = 1
x34_7 = 1
x44_7 = 1
x47_7 = 1
x16_8 = 1
x24_8 = 1
x29_8 = 1
x36_8 = 1
x49_8 = 1
w7 = 1
w8 = 1
