Tiempo de corrida total: 0.117726
Tiempo de corrida recorrer el arbol: 0.0386059
Valor de la funcion objetivo: 2
x1_4 = 1
x5_4 = 1
x8_4 = 1
x12_4 = 1
x16_4 = 1
x24_4 = 1
x25_4 = 1
x27_4 = 1
x29_4 = 1
x2_19 = 1
x3_19 = 1
x6_19 = 1
x9_19 = 1
x11_19 = 1
x14_19 = 1
x19_19 = 1
x23_19 = 1
x26_19 = 1
x28_19 = 1
x30_19 = 1
w4 = 1
w19 = 1
