Tiempo de corrida total: 2.21766
Tiempo de corrida recorrer el arbol: 2.20295
Valor de la funcion objetivo: 3
x8_5 = 1
x10_5 = 1
x11_5 = 1
x25_5 = 1
x7_7 = 1
x14_7 = 1
x17_7 = 1
x24_7 = 1
x29_7 = 1
x27_9 = 1
w5 = 1
w7 = 1
w9 = 1
