Tiempo de corrida total: 0.0760999
Tiempo de corrida recorrer el arbol: 0.0126541
Valor de la funcion objetivo: 1
x8_1 = 1
x12_1 = 1
x19_1 = 1
x38_1 = 1
x44_1 = 1
w1 = 1
