Tiempo de corrida total: 0.686319
Tiempo de corrida recorrer el arbol: 0.653661
Valor de la funcion objetivo: 2
x4_1 = 1
x30_1 = 1
x2_4 = 1
x27_4 = 1
x40_4 = 1
w1 = 1
w4 = 1
