Tiempo de corrida total: 0.0863709
Tiempo de corrida recorrer el arbol: 0.0389941
Valor de la funcion objetivo: 2
x3_3 = 1
x17_3 = 1
x16_5 = 1
x20_5 = 1
x21_5 = 1
w3 = 1
w5 = 1
