Tiempo de corrida total: 0.330435
Tiempo de corrida recorrer el arbol: 0.290384
Valor de la funcion objetivo: 2
x1_2 = 1
x3_2 = 1
x6_2 = 1
x14_2 = 1
x22_2 = 1
x32_2 = 1
x35_2 = 1
x40_2 = 1
x5_4 = 1
x10_4 = 1
x13_4 = 1
x16_4 = 1
x29_4 = 1
x36_4 = 1
x39_4 = 1
w2 = 1
w4 = 1
