Tiempo de corrida total: 1.10341
Tiempo de corrida recorrer el arbol: 1.01273
Valor de la funcion objetivo: 2
x1_7 = 1
x3_7 = 1
x8_7 = 1
x39_7 = 1
x2_13 = 1
x4_13 = 1
x9_13 = 1
x12_13 = 1
x13_13 = 1
x14_13 = 1
x15_13 = 1
x27_13 = 1
x29_13 = 1
x31_13 = 1
x35_13 = 1
w7 = 1
w13 = 1
