Tiempo de corrida total: 0.0230989
Tiempo de corrida recorrer el arbol: 0.00673413
Valor de la funcion objetivo: 1
x1_3 = 1
x3_3 = 1
x8_3 = 1
x11_3 = 1
x13_3 = 1
w3 = 1
