Tiempo de corrida total: 0.0601559
Tiempo de corrida recorrer el arbol: 0.0580568
Valor de la funcion objetivo: 1
x7_1 = 1
x9_1 = 1
x10_1 = 1
x11_1 = 1
x22_1 = 1
w1 = 1
