Tiempo de corrida total: 0.043381
Tiempo de corrida recorrer el arbol: 0.00954413
Valor de la funcion objetivo: 1
x1_5 = 1
x3_5 = 1
x8_5 = 1
x15_5 = 1
x17_5 = 1
w5 = 1
