Tiempo de corrida total: 0.40235
Tiempo de corrida recorrer el arbol: 0.391802
Valor de la funcion objetivo: 2
x3_2 = 1
x6_2 = 1
x16_2 = 1
x19_2 = 1
x21_2 = 1
x11_15 = 1
x14_15 = 1
x23_15 = 1
x25_15 = 1
x30_15 = 1
x31_15 = 1
x34_15 = 1
x35_15 = 1
x42_15 = 1
x48_15 = 1
w2 = 1
w15 = 1
