Tiempo de corrida total: 2.48984
Tiempo de corrida recorrer el arbol: 2.40456
Valor de la funcion objetivo: 2
x1_4 = 1
x8_4 = 1
x32_4 = 1
x37_4 = 1
x47_4 = 1
x16_9 = 1
x24_9 = 1
x27_9 = 1
x35_9 = 1
x49_9 = 1
w4 = 1
w9 = 1
