Tiempo de corrida total: 1.65015
Tiempo de corrida recorrer el arbol: 1.36998
Valor de la funcion objetivo: 2
x2_7 = 1
x9_7 = 1
x10_7 = 1
x17_7 = 1
x25_7 = 1
x1_9 = 1
x6_9 = 1
x11_9 = 1
x24_9 = 1
x28_9 = 1
w7 = 1
w9 = 1
