Tiempo de corrida total: 0.277754
Tiempo de corrida recorrer el arbol: 0.0804572
Valor de la funcion objetivo: 2
x2_2 = 1
x10_2 = 1
x11_2 = 1
x16_2 = 1
x18_2 = 1
x22_2 = 1
x23_2 = 1
x3_7 = 1
x7_7 = 1
x8_7 = 1
x12_7 = 1
x13_7 = 1
x17_7 = 1
x24_7 = 1
x28_7 = 1
w2 = 1
w7 = 1
