Tiempo de corrida total: 0.0257251
Tiempo de corrida recorrer el arbol: 0.0210371
Valor de la funcion objetivo: 1
x1_1 = 1
x6_1 = 1
x24_1 = 1
x30_1 = 1
x34_1 = 1
w1 = 1
