Tiempo de corrida total: 0.110358
Tiempo de corrida recorrer el arbol: 0.0339081
Valor de la funcion objetivo: 1
x8_4 = 1
x16_4 = 1
x30_4 = 1
x32_4 = 1
x38_4 = 1
w4 = 1
