Tiempo de corrida total: 0.0206718
Tiempo de corrida recorrer el arbol: 0.0187058
Valor de la funcion objetivo: 1
x1_1 = 1
x2_1 = 1
x3_1 = 1
x5_1 = 1
x27_1 = 1
w1 = 1
