Tiempo de corrida total: 0.017905
Tiempo de corrida recorrer el arbol: 0.0158119
Valor de la funcion objetivo: 1
x1_3 = 1
x3_3 = 1
x5_3 = 1
x22_3 = 1
x28_3 = 1
x34_3 = 1
x36_3 = 1
x41_3 = 1
x43_3 = 1
x45_3 = 1
w3 = 1
