Tiempo de corrida total: 0.027143
Tiempo de corrida recorrer el arbol: 0.0143201
Valor de la funcion objetivo: 1
x10_3 = 1
x14_3 = 1
x24_3 = 1
x27_3 = 1
x29_3 = 1
w3 = 1
