Tiempo de corrida total: 0.133517
Tiempo de corrida recorrer el arbol: 0.060775
Valor de la funcion objetivo: 2
x1_4 = 1
x15_4 = 1
x17_4 = 1
x20_4 = 1
x21_4 = 1
x29_4 = 1
x2_10 = 1
x13_10 = 1
x18_10 = 1
x19_10 = 1
w4 = 1
w10 = 1
