Tiempo de corrida total: 0.0508511
Tiempo de corrida recorrer el arbol: 0.0177422
Valor de la funcion objetivo: 2
x5_8 = 1
x25_8 = 1
x28_8 = 1
x2_9 = 1
x12_9 = 1
x14_9 = 1
x16_9 = 1
x17_9 = 1
x21_9 = 1
x29_9 = 1
w8 = 1
w9 = 1
