Tiempo de corrida total: 1.14824
Tiempo de corrida recorrer el arbol: 0.986739
Valor de la funcion objetivo: 2
x6_8 = 1
x21_8 = 1
x23_8 = 1
x29_8 = 1
x31_8 = 1
x35_8 = 1
x36_8 = 1
x3_10 = 1
x15_10 = 1
x18_10 = 1
x20_10 = 1
x25_10 = 1
x37_10 = 1
x39_10 = 1
x40_10 = 1
w8 = 1
w10 = 1
