Tiempo de corrida total: 0.699949
Tiempo de corrida recorrer el arbol: 0.171351
Valor de la funcion objetivo: 5
x9_2 = 1
x16_2 = 1
x27_4 = 1
x30_4 = 1
x1_5 = 1
x25_5 = 1
x10_6 = 1
x26_6 = 1
x3_7 = 1
x8_7 = 1
w2 = 1
w4 = 1
w5 = 1
w6 = 1
w7 = 1
