Tiempo de corrida total: 0.072324
Tiempo de corrida recorrer el arbol: 0.0186241
Valor de la funcion objetivo: 1
x7_4 = 1
x8_4 = 1
x13_4 = 1
x14_4 = 1
x18_4 = 1
x23_4 = 1
x28_4 = 1
x32_4 = 1
x45_4 = 1
x48_4 = 1
w4 = 1
