Tiempo de corrida total: 0.207927
Tiempo de corrida recorrer el arbol: 0.102142
Valor de la funcion objetivo: 4
x2_1 = 1
x11_1 = 1
x12_1 = 1
x15_1 = 1
x23_1 = 1
x30_1 = 1
x16_2 = 1
x18_2 = 1
x19_2 = 1
x25_2 = 1
x29_2 = 1
x6_3 = 1
x9_3 = 1
x24_3 = 1
x1_16 = 1
x3_16 = 1
x4_16 = 1
x5_16 = 1
x10_16 = 1
x27_16 = 1
w1 = 1
w2 = 1
w3 = 1
w16 = 1
