Tiempo de corrida total: 0.122732
Tiempo de corrida recorrer el arbol: 0.115688
Valor de la funcion objetivo: 1
x3_9 = 1
x12_9 = 1
x14_9 = 1
x31_9 = 1
x33_9 = 1
x34_9 = 1
x37_9 = 1
x39_9 = 1
x44_9 = 1
x48_9 = 1
w9 = 1
