Tiempo de corrida total: 0.496892
Tiempo de corrida recorrer el arbol: 0.474502
Valor de la funcion objetivo: 2
x1_3 = 1
x2_3 = 1
x5_3 = 1
x9_3 = 1
x10_3 = 1
x22_3 = 1
x23_3 = 1
x24_3 = 1
x27_3 = 1
x4_18 = 1
x6_18 = 1
x7_18 = 1
x8_18 = 1
x12_18 = 1
x18_18 = 1
x19_18 = 1
x25_18 = 1
x26_18 = 1
x29_18 = 1
x30_18 = 1
w3 = 1
w18 = 1
