Tiempo de corrida total: 1.57266
Tiempo de corrida recorrer el arbol: 1.01614
Valor de la funcion objetivo: 4
x4_1 = 1
x5_1 = 1
x28_1 = 1
x7_2 = 1
x15_2 = 1
x18_2 = 1
x6_3 = 1
x13_3 = 1
x9_10 = 1
x29_10 = 1
w1 = 1
w2 = 1
w3 = 1
w10 = 1
