Tiempo de corrida total: 0.134102
Tiempo de corrida recorrer el arbol: 0.0608859
Valor de la funcion objetivo: 1
x4_1 = 1
x8_1 = 1
x24_1 = 1
x32_1 = 1
x38_1 = 1
w1 = 1
