Tiempo de corrida total: 0.137268
Tiempo de corrida recorrer el arbol: 0.130276
Valor de la funcion objetivo: 2
x1_1 = 1
x2_1 = 1
x3_1 = 1
x4_1 = 1
x5_1 = 1
x7_1 = 1
x12_1 = 1
x16_1 = 1
x17_1 = 1
x20_1 = 1
x25_1 = 1
x28_1 = 1
x8_2 = 1
x10_2 = 1
x23_2 = 1
w1 = 1
w2 = 1
