Tiempo de corrida total: 2.41324
Tiempo de corrida recorrer el arbol: 0.491614
Valor de la funcion objetivo: 2
x3_9 = 1
x10_9 = 1
x21_9 = 1
x30_9 = 1
x9_10 = 1
x18_10 = 1
x19_10 = 1
x29_10 = 1
x38_10 = 1
x39_10 = 1
w9 = 1
w10 = 1
