Tiempo de corrida total: 0.0666389
Tiempo de corrida recorrer el arbol: 0.013736
Valor de la funcion objetivo: 1
x3_5 = 1
x11_5 = 1
x23_5 = 1
x27_5 = 1
x42_5 = 1
w5 = 1
