Tiempo de corrida total: 0.0244429
Tiempo de corrida recorrer el arbol: 0.0071888
Valor de la funcion objetivo: 1
x2_4 = 1
x6_4 = 1
x10_4 = 1
x11_4 = 1
x18_4 = 1
w4 = 1
