Tiempo de corrida total: 0.181896
Tiempo de corrida recorrer el arbol: 0.06915
Valor de la funcion objetivo: 2
x2_2 = 1
x28_2 = 1
x29_5 = 1
x34_5 = 1
x37_5 = 1
w2 = 1
w5 = 1
