Tiempo de corrida total: 0.223017
Tiempo de corrida recorrer el arbol: 0.055454
Valor de la funcion objetivo: 1
x7_3 = 1
x22_3 = 1
x37_3 = 1
x47_3 = 1
x50_3 = 1
w3 = 1
