Tiempo de corrida total: 0.616082
Tiempo de corrida recorrer el arbol: 0.520217
Valor de la funcion objetivo: 2
x3_2 = 1
x13_2 = 1
x15_2 = 1
x18_2 = 1
x20_2 = 1
x27_2 = 1
x29_2 = 1
x2_12 = 1
x4_12 = 1
x6_12 = 1
x9_12 = 1
x11_12 = 1
x22_12 = 1
x25_12 = 1
x28_12 = 1
w2 = 1
w12 = 1
