Tiempo de corrida total: 7.33944
Tiempo de corrida recorrer el arbol: 7.19812
Valor de la funcion objetivo: 3
x7_2 = 1
x18_2 = 1
x22_2 = 1
x32_2 = 1
x40_2 = 1
x45_2 = 1
x47_2 = 1
x5_7 = 1
x8_7 = 1
x16_7 = 1
x26_7 = 1
x35_7 = 1
x38_7 = 1
x49_7 = 1
x15_17 = 1
x17_17 = 1
x19_17 = 1
x20_17 = 1
x23_17 = 1
x34_17 = 1
w2 = 1
w7 = 1
w17 = 1
