Tiempo de corrida total: 0.124035
Tiempo de corrida recorrer el arbol: 0.0277081
Valor de la funcion objetivo: 1
x15_4 = 1
x20_4 = 1
x30_4 = 1
x36_4 = 1
x40_4 = 1
w4 = 1
