Tiempo de corrida total: 0.0612881
Tiempo de corrida recorrer el arbol: 0.0196249
Valor de la funcion objetivo: 2
x4_8 = 1
x8_8 = 1
x12_8 = 1
x16_8 = 1
x17_8 = 1
x20_8 = 1
x22_8 = 1
x29_8 = 1
x2_13 = 1
x10_13 = 1
x13_13 = 1
x23_13 = 1
x26_13 = 1
x27_13 = 1
x28_13 = 1
w8 = 1
w13 = 1
