Tiempo de corrida total: 0.0577068
Tiempo de corrida recorrer el arbol: 0.0399849
Valor de la funcion objetivo: 1
x2_9 = 1
x3_9 = 1
x5_9 = 1
x6_9 = 1
x8_9 = 1
x10_9 = 1
x13_9 = 1
x19_9 = 1
x21_9 = 1
x37_9 = 1
w9 = 1
