Tiempo de corrida total: 0.385097
Tiempo de corrida recorrer el arbol: 0.097398
Valor de la funcion objetivo: 2
x5_1 = 1
x23_1 = 1
x37_1 = 1
x1_2 = 1
x25_2 = 1
w1 = 1
w2 = 1
