Tiempo de corrida total: 0.689229
Tiempo de corrida recorrer el arbol: 0.682757
Valor de la funcion objetivo: 2
x7_4 = 1
x14_4 = 1
x37_4 = 1
x10_5 = 1
x27_5 = 1
w4 = 1
w5 = 1
