Tiempo de corrida total: 0.764194
Tiempo de corrida recorrer el arbol: 0.195008
Valor de la funcion objetivo: 4
x3_1 = 1
x17_1 = 1
x14_2 = 1
x25_2 = 1
x29_2 = 1
x2_6 = 1
x12_6 = 1
x7_7 = 1
x18_7 = 1
x27_7 = 1
w1 = 1
w2 = 1
w6 = 1
w7 = 1
