Tiempo de corrida total: 0.474377
Tiempo de corrida recorrer el arbol: 0.0902648
Valor de la funcion objetivo: 2
x19_3 = 1
x25_3 = 1
x32_4 = 1
x33_4 = 1
x37_4 = 1
w3 = 1
w4 = 1
