Tiempo de corrida total: 0.754419
Tiempo de corrida recorrer el arbol: 0.708836
Valor de la funcion objetivo: 2
x2_8 = 1
x3_8 = 1
x11_8 = 1
x17_8 = 1
x20_8 = 1
x21_8 = 1
x31_8 = 1
x34_8 = 1
x6_11 = 1
x10_11 = 1
x12_11 = 1
x19_11 = 1
x25_11 = 1
x27_11 = 1
x36_11 = 1
w8 = 1
w11 = 1
