Tiempo de corrida total: 1.24467
Tiempo de corrida recorrer el arbol: 0.753255
Valor de la funcion objetivo: 3
x3_1 = 1
x24_1 = 1
x27_1 = 1
x32_1 = 1
x12_2 = 1
x20_2 = 1
x38_2 = 1
x6_3 = 1
x9_3 = 1
x25_3 = 1
w1 = 1
w2 = 1
w3 = 1
