Tiempo de corrida total: 0.0641322
Tiempo de corrida recorrer el arbol: 0.0202191
Valor de la funcion objetivo: 2
x2_8 = 1
x6_8 = 1
x10_8 = 1
x24_8 = 1
x5_9 = 1
x9_9 = 1
x18_9 = 1
x22_9 = 1
x28_9 = 1
x30_9 = 1
w8 = 1
w9 = 1
