Tiempo de corrida total: 0.398663
Tiempo de corrida recorrer el arbol: 0.379589
Valor de la funcion objetivo: 3
x7_4 = 1
x14_4 = 1
x17_4 = 1
x29_4 = 1
x10_6 = 1
x16_6 = 1
x27_6 = 1
x4_9 = 1
x8_9 = 1
x26_9 = 1
w4 = 1
w6 = 1
w9 = 1
