Tiempo de corrida total: 2.24406
Tiempo de corrida recorrer el arbol: 2.23733
Valor de la funcion objetivo: 3
x1_1 = 1
x3_1 = 1
x2_2 = 1
x10_2 = 1
x5_3 = 1
w1 = 1
w2 = 1
w3 = 1
