Tiempo de corrida total: 0.0429871
Tiempo de corrida recorrer el arbol: 0.0137019
Valor de la funcion objetivo: 1
x3_3 = 1
x4_3 = 1
x5_3 = 1
x10_3 = 1
x14_3 = 1
w3 = 1
