Tiempo de corrida total: 0.652588
Tiempo de corrida recorrer el arbol: 0.431399
Valor de la funcion objetivo: 2
x1_1 = 1
x11_1 = 1
x27_1 = 1
x36_1 = 1
x12_6 = 1
x14_6 = 1
x22_6 = 1
x29_6 = 1
x37_6 = 1
x39_6 = 1
w1 = 1
w6 = 1
