Tiempo de corrida total: 2.42892
Tiempo de corrida recorrer el arbol: 2.41885
Valor de la funcion objetivo: 2
x7_5 = 1
x8_5 = 1
x10_5 = 1
x14_5 = 1
x5_6 = 1
x11_6 = 1
x15_6 = 1
x18_6 = 1
x19_6 = 1
x22_6 = 1
w5 = 1
w6 = 1
