Tiempo de corrida total: 0.20284
Tiempo de corrida recorrer el arbol: 0.0389409
Valor de la funcion objetivo: 2
x1_13 = 1
x3_13 = 1
x4_13 = 1
x6_13 = 1
x16_13 = 1
x19_13 = 1
x25_13 = 1
x26_13 = 1
x27_13 = 1
x9_19 = 1
x10_19 = 1
x12_19 = 1
x14_19 = 1
x17_19 = 1
x18_19 = 1
x22_19 = 1
x23_19 = 1
x24_19 = 1
x29_19 = 1
x30_19 = 1
w13 = 1
w19 = 1
