Tiempo de corrida total: 2.01548
Tiempo de corrida recorrer el arbol: 2.00713
Valor de la funcion objetivo: 2
x5_2 = 1
x7_2 = 1
x8_2 = 1
x9_2 = 1
x21_2 = 1
x25_2 = 1
x28_2 = 1
x45_2 = 1
x47_2 = 1
x48_2 = 1
x3_7 = 1
x10_7 = 1
x20_7 = 1
x39_7 = 1
x42_7 = 1
w2 = 1
w7 = 1
