Tiempo de corrida total: 0.132654
Tiempo de corrida recorrer el arbol: 0.127214
Valor de la funcion objetivo: 2
x1_1 = 1
x3_1 = 1
x4_1 = 1
x6_1 = 1
x7_1 = 1
x8_1 = 1
x9_1 = 1
x15_1 = 1
x21_1 = 1
x26_1 = 1
x10_2 = 1
x11_2 = 1
x20_2 = 1
x27_2 = 1
x28_2 = 1
w1 = 1
w2 = 1
