Tiempo de corrida total: 0.01755
Tiempo de corrida recorrer el arbol: 0.00408006
Valor de la funcion objetivo: 1
x2_1 = 1
x9_1 = 1
x15_1 = 1
x19_1 = 1
x22_1 = 1
w1 = 1
