Tiempo de corrida total: 0.879558
Tiempo de corrida recorrer el arbol: 0.721249
Valor de la funcion objetivo: 2
x1_1 = 1
x5_1 = 1
x12_1 = 1
x13_1 = 1
x29_1 = 1
x4_7 = 1
x9_7 = 1
x10_7 = 1
x16_7 = 1
x20_7 = 1
x23_7 = 1
x24_7 = 1
x25_7 = 1
x28_7 = 1
x30_7 = 1
w1 = 1
w7 = 1
