Tiempo de corrida total: 0.17577
Tiempo de corrida recorrer el arbol: 0.158381
Valor de la funcion objetivo: 2
x1_1 = 1
x14_1 = 1
x10_3 = 1
x24_3 = 1
x30_3 = 1
w1 = 1
w3 = 1
