Tiempo de corrida total: 0.304744
Tiempo de corrida recorrer el arbol: 0.299369
Valor de la funcion objetivo: 2
x1_1 = 1
x2_1 = 1
x3_1 = 1
x4_1 = 1
x5_1 = 1
x6_1 = 1
x15_1 = 1
x18_1 = 1
x23_1 = 1
x28_1 = 1
x29_1 = 1
x9_2 = 1
x10_2 = 1
x14_2 = 1
x30_2 = 1
w1 = 1
w2 = 1
