Tiempo de corrida total: 0.252085
Tiempo de corrida recorrer el arbol: 0.06915
Valor de la funcion objetivo: 2
x7_2 = 1
x19_2 = 1
x21_2 = 1
x1_4 = 1
x22_4 = 1
w2 = 1
w4 = 1
