Tiempo de corrida total: 1.47674
Tiempo de corrida recorrer el arbol: 0.418676
Valor de la funcion objetivo: 2
x2_1 = 1
x16_1 = 1
x19_1 = 1
x29_1 = 1
x18_7 = 1
x20_7 = 1
x25_7 = 1
x28_7 = 1
x43_7 = 1
x45_7 = 1
w1 = 1
w7 = 1
