Tiempo de corrida total: 0.0165579
Tiempo de corrida recorrer el arbol: 0.0131371
Valor de la funcion objetivo: 1
x1_1 = 1
x2_1 = 1
x8_1 = 1
x20_1 = 1
x23_1 = 1
w1 = 1
