Tiempo de corrida total: 0.907375
Tiempo de corrida recorrer el arbol: 0.893403
Valor de la funcion objetivo: 2
x2_1 = 1
x5_1 = 1
x9_1 = 1
x14_1 = 1
x17_1 = 1
x18_1 = 1
x22_1 = 1
x25_1 = 1
x28_1 = 1
x29_1 = 1
x37_1 = 1
x38_1 = 1
x44_1 = 1
x48_1 = 1
x1_10 = 1
x4_10 = 1
x15_10 = 1
x26_10 = 1
x33_10 = 1
x41_10 = 1
w1 = 1
w10 = 1
