Tiempo de corrida total: 0.418434
Tiempo de corrida recorrer el arbol: 0.112852
Valor de la funcion objetivo: 1
x12_3 = 1
x18_3 = 1
x21_3 = 1
x25_3 = 1
x31_3 = 1
w3 = 1
