Tiempo de corrida total: 2.46962
Tiempo de corrida recorrer el arbol: 2.39815
Valor de la funcion objetivo: 2
x14_2 = 1
x21_2 = 1
x31_2 = 1
x35_2 = 1
x5_5 = 1
x6_5 = 1
x15_5 = 1
x18_5 = 1
x19_5 = 1
x23_5 = 1
x27_5 = 1
x32_5 = 1
x34_5 = 1
x37_5 = 1
x41_5 = 1
x45_5 = 1
x46_5 = 1
x48_5 = 1
x49_5 = 1
x50_5 = 1
w2 = 1
w5 = 1
