Tiempo de corrida total: 0.021749
Tiempo de corrida recorrer el arbol: 0.00638008
Valor de la funcion objetivo: 1
x13_2 = 1
x16_2 = 1
x17_2 = 1
x18_2 = 1
x20_2 = 1
x25_2 = 1
x26_2 = 1
x27_2 = 1
x28_2 = 1
x30_2 = 1
w2 = 1
