Tiempo de corrida total: 0.235179
Tiempo de corrida recorrer el arbol: 0.11801
Valor de la funcion objetivo: 1
x3_15 = 1
x5_15 = 1
x6_15 = 1
x9_15 = 1
x18_15 = 1
x21_15 = 1
x26_15 = 1
x29_15 = 1
x32_15 = 1
x34_15 = 1
x35_15 = 1
x36_15 = 1
x45_15 = 1
x46_15 = 1
x47_15 = 1
w15 = 1
