Tiempo de corrida total: 0.056155
Tiempo de corrida recorrer el arbol: 0.0352869
Valor de la funcion objetivo: 1
x9_4 = 1
x11_4 = 1
x26_4 = 1
x31_4 = 1
x45_4 = 1
w4 = 1
