Tiempo de corrida total: 0.0144191
Tiempo de corrida recorrer el arbol: 0.0124979
Valor de la funcion objetivo: 1
x2_1 = 1
x4_1 = 1
x8_1 = 1
x17_1 = 1
x21_1 = 1
w1 = 1
