Tiempo de corrida total: 0.084677
Tiempo de corrida recorrer el arbol: 0.0167289
Valor de la funcion objetivo: 1
x10_3 = 1
x14_3 = 1
x19_3 = 1
x20_3 = 1
x27_3 = 1
w3 = 1
