Tiempo de corrida total: 0.249169
Tiempo de corrida recorrer el arbol: 0.102659
Valor de la funcion objetivo: 1
x1_5 = 1
x3_5 = 1
x8_5 = 1
x12_5 = 1
x39_5 = 1
w5 = 1
