Tiempo de corrida total: 2.38365
Tiempo de corrida recorrer el arbol: 2.30807
Valor de la funcion objetivo: 2
x7_17 = 1
x8_17 = 1
x10_17 = 1
x15_17 = 1
x18_17 = 1
x20_17 = 1
x21_17 = 1
x25_17 = 1
x38_17 = 1
x45_17 = 1
x3_18 = 1
x12_18 = 1
x14_18 = 1
x29_18 = 1
x32_18 = 1
x34_18 = 1
x35_18 = 1
x41_18 = 1
x42_18 = 1
x48_18 = 1
w17 = 1
w18 = 1
