Tiempo de corrida total: 0.228936
Tiempo de corrida recorrer el arbol: 0.0263319
Valor de la funcion objetivo: 4
x3_7 = 1
x4_7 = 1
x10_7 = 1
x29_7 = 1
x14_10 = 1
x16_10 = 1
x19_10 = 1
x25_10 = 1
x11_15 = 1
x12_15 = 1
x17_15 = 1
x21_15 = 1
x23_15 = 1
x30_15 = 1
x1_16 = 1
x5_16 = 1
x18_16 = 1
x20_16 = 1
x24_16 = 1
x27_16 = 1
w7 = 1
w10 = 1
w15 = 1
w16 = 1
