Tiempo de corrida total: 0.204631
Tiempo de corrida recorrer el arbol: 0.095542
Valor de la funcion objetivo: 2
x1_2 = 1
x5_2 = 1
x7_2 = 1
x18_2 = 1
x30_2 = 1
x2_10 = 1
x4_10 = 1
x10_10 = 1
x15_10 = 1
x27_10 = 1
w2 = 1
w10 = 1
