Tiempo de corrida total: 1.27149
Tiempo de corrida recorrer el arbol: 1.19581
Valor de la funcion objetivo: 2
x31_8 = 1
x2_15 = 1
x3_15 = 1
x16_15 = 1
x18_15 = 1
x24_15 = 1
x25_15 = 1
x26_15 = 1
x28_15 = 1
x29_15 = 1
x30_15 = 1
x32_15 = 1
x36_15 = 1
x37_15 = 1
x38_15 = 1
w8 = 1
w15 = 1
