Tiempo de corrida total: 0.0449188
Tiempo de corrida recorrer el arbol: 0.0142391
Valor de la funcion objetivo: 1
x2_15 = 1
x3_15 = 1
x6_15 = 1
x8_15 = 1
x9_15 = 1
x11_15 = 1
x15_15 = 1
x17_15 = 1
x19_15 = 1
x21_15 = 1
x29_15 = 1
x30_15 = 1
x33_15 = 1
x35_15 = 1
x38_15 = 1
w15 = 1
