Tiempo de corrida total: 0.139828
Tiempo de corrida recorrer el arbol: 0.125672
Valor de la funcion objetivo: 2
x2_3 = 1
x4_3 = 1
x9_3 = 1
x16_3 = 1
x17_3 = 1
x19_3 = 1
x23_3 = 1
x30_3 = 1
x5_6 = 1
x11_6 = 1
x12_6 = 1
x18_6 = 1
x20_6 = 1
x26_6 = 1
x29_6 = 1
w3 = 1
w6 = 1
