Tiempo de corrida total: 8.74991
Tiempo de corrida recorrer el arbol: 8.74334
Valor de la funcion objetivo: 3
x1_8 = 1
x8_14 = 1
x11_14 = 1
x14_14 = 1
x21_14 = 1
x24_14 = 1
x30_14 = 1
x6_15 = 1
x10_15 = 1
x12_15 = 1
x19_15 = 1
x20_15 = 1
x23_15 = 1
x25_15 = 1
x29_15 = 1
w8 = 1
w14 = 1
w15 = 1
