Tiempo de corrida total: 2.00102
Tiempo de corrida recorrer el arbol: 1.72789
Valor de la funcion objetivo: 2
x3_7 = 1
x13_7 = 1
x15_7 = 1
x22_7 = 1
x33_7 = 1
x38_7 = 1
x5_10 = 1
x11_10 = 1
x12_10 = 1
x16_10 = 1
x20_10 = 1
x26_10 = 1
x27_10 = 1
x36_10 = 1
x46_10 = 1
w7 = 1
w10 = 1
