Tiempo de corrida total: 0.0802591
Tiempo de corrida recorrer el arbol: 0.060415
Valor de la funcion objetivo: 1
x2_2 = 1
x5_2 = 1
x7_2 = 1
x10_2 = 1
x24_2 = 1
w2 = 1
