Tiempo de corrida total: 1.18979
Tiempo de corrida recorrer el arbol: 0.829857
Valor de la funcion objetivo: 3
x1_1 = 1
x6_1 = 1
x8_1 = 1
x24_1 = 1
x26_1 = 1
x30_1 = 1
x5_3 = 1
x16_3 = 1
x18_3 = 1
x25_3 = 1
x2_10 = 1
x3_10 = 1
x4_10 = 1
x11_10 = 1
x27_10 = 1
w1 = 1
w3 = 1
w10 = 1
