Tiempo de corrida total: 0.128444
Tiempo de corrida recorrer el arbol: 0.031868
Valor de la funcion objetivo: 2
x3_12 = 1
x9_12 = 1
x14_12 = 1
x17_12 = 1
x19_12 = 1
x21_12 = 1
x26_12 = 1
x27_12 = 1
x28_12 = 1
x29_12 = 1
x2_18 = 1
x4_18 = 1
x5_18 = 1
x8_18 = 1
x10_18 = 1
x13_18 = 1
x18_18 = 1
x22_18 = 1
x23_18 = 1
x25_18 = 1
w12 = 1
w18 = 1
