Tiempo de corrida total: 0.293719
Tiempo de corrida recorrer el arbol: 0.242817
Valor de la funcion objetivo: 2
x6_7 = 1
x12_7 = 1
x20_7 = 1
x25_7 = 1
x31_7 = 1
x32_7 = 1
x36_7 = 1
x40_7 = 1
x1_13 = 1
x3_13 = 1
x4_13 = 1
x7_13 = 1
x8_13 = 1
x18_13 = 1
x23_13 = 1
w7 = 1
w13 = 1
