Tiempo de corrida total: 0.472284
Tiempo de corrida recorrer el arbol: 0.176153
Valor de la funcion objetivo: 3
x2_9 = 1
x3_9 = 1
x4_9 = 1
x5_9 = 1
x7_9 = 1
x8_9 = 1
x19_9 = 1
x20_9 = 1
x1_10 = 1
x9_10 = 1
x10_10 = 1
x16_10 = 1
x18_10 = 1
x12_19 = 1
x13_19 = 1
x14_19 = 1
x17_19 = 1
x23_19 = 1
x24_19 = 1
x29_19 = 1
w9 = 1
w10 = 1
w19 = 1
