Tiempo de corrida total: 0.590504
Tiempo de corrida recorrer el arbol: 0.11682
Valor de la funcion objetivo: 3
x3_9 = 1
x5_9 = 1
x17_9 = 1
x20_9 = 1
x32_9 = 1
x10_16 = 1
x13_16 = 1
x19_16 = 1
x26_16 = 1
x29_16 = 1
x35_16 = 1
x39_16 = 1
x1_20 = 1
x4_20 = 1
x9_20 = 1
x24_20 = 1
x25_20 = 1
x28_20 = 1
x33_20 = 1
x34_20 = 1
w9 = 1
w16 = 1
w20 = 1
