Tiempo de corrida total: 0.200312
Tiempo de corrida recorrer el arbol: 0.0586901
Valor de la funcion objetivo: 2
x19_4 = 1
x21_4 = 1
x40_4 = 1
x25_5 = 1
x32_5 = 1
w4 = 1
w5 = 1
