Tiempo de corrida total: 0.526803
Tiempo de corrida recorrer el arbol: 0.346488
Valor de la funcion objetivo: 2
x8_5 = 1
x11_5 = 1
x13_5 = 1
x16_5 = 1
x18_5 = 1
x23_5 = 1
x29_5 = 1
x4_9 = 1
x6_9 = 1
x7_9 = 1
w5 = 1
w9 = 1
