Tiempo de corrida total: 0.0185919
Tiempo de corrida recorrer el arbol: 0.0101399
Valor de la funcion objetivo: 1
x27_4 = 1
x28_4 = 1
x32_4 = 1
x35_4 = 1
x39_4 = 1
w4 = 1
