Tiempo de corrida total: 0.716015
Tiempo de corrida recorrer el arbol: 0.525033
Valor de la funcion objetivo: 1
x7_3 = 1
x9_3 = 1
x10_3 = 1
x17_3 = 1
x23_3 = 1
x26_3 = 1
x29_3 = 1
x33_3 = 1
x35_3 = 1
x39_3 = 1
w3 = 1
