Tiempo de corrida total: 0.0162461
Tiempo de corrida recorrer el arbol: 0.0112338
Valor de la funcion objetivo: 1
x1_1 = 1
x2_1 = 1
x17_1 = 1
x23_1 = 1
x28_1 = 1
w1 = 1
