Tiempo de corrida total: 4.41909
Tiempo de corrida recorrer el arbol: 4.32361
Valor de la funcion objetivo: 2
x2_3 = 1
x10_3 = 1
x17_3 = 1
x43_3 = 1
x5_9 = 1
x13_9 = 1
x15_9 = 1
x32_9 = 1
x40_9 = 1
x47_9 = 1
w3 = 1
w9 = 1
