Tiempo de corrida total: 0.154259
Tiempo de corrida recorrer el arbol: 0.059114
Valor de la funcion objetivo: 1
x3_7 = 1
x5_7 = 1
x6_7 = 1
x8_7 = 1
x10_7 = 1
x12_7 = 1
x18_7 = 1
x24_7 = 1
x28_7 = 1
x29_7 = 1
x37_7 = 1
x40_7 = 1
x41_7 = 1
x46_7 = 1
x49_7 = 1
w7 = 1
