Tiempo de corrida total: 2.61312
Tiempo de corrida recorrer el arbol: 2.06377
Valor de la funcion objetivo: 4
x7_1 = 1
x28_1 = 1
x30_1 = 1
x10_8 = 1
x16_8 = 1
x2_9 = 1
x17_9 = 1
x6_10 = 1
x18_10 = 1
x25_10 = 1
w1 = 1
w8 = 1
w9 = 1
w10 = 1
