Tiempo de corrida total: 0.120356
Tiempo de corrida recorrer el arbol: 0.0402131
Valor de la funcion objetivo: 2
x3_1 = 1
x18_1 = 1
x8_3 = 1
x10_3 = 1
x11_3 = 1
w1 = 1
w3 = 1
