Tiempo de corrida total: 0.00802398
Tiempo de corrida recorrer el arbol: 0.00566196
Valor de la funcion objetivo: 1
x1_1 = 1
x5_1 = 1
x7_1 = 1
x24_1 = 1
x26_1 = 1
w1 = 1
