Tiempo de corrida total: 0.021693
Tiempo de corrida recorrer el arbol: 0.0182838
Valor de la funcion objetivo: 1
x1_1 = 1
x2_1 = 1
x3_1 = 1
x4_1 = 1
x6_1 = 1
x8_1 = 1
x16_1 = 1
x26_1 = 1
x35_1 = 1
x37_1 = 1
w1 = 1
