Tiempo de corrida total: 0.306225
Tiempo de corrida recorrer el arbol: 0.103632
Valor de la funcion objetivo: 2
x16_1 = 1
x19_1 = 1
x22_1 = 1
x26_1 = 1
x28_1 = 1
x30_1 = 1
x5_10 = 1
x6_10 = 1
x18_10 = 1
x27_10 = 1
w1 = 1
w10 = 1
