Tiempo de corrida total: 0.0298822
Tiempo de corrida recorrer el arbol: 0.00564599
Valor de la funcion objetivo: 1
x1_1 = 1
x3_1 = 1
x12_1 = 1
x30_1 = 1
x33_1 = 1
w1 = 1
