Tiempo de corrida total: 2.51575
Tiempo de corrida recorrer el arbol: 2.45751
Valor de la funcion objetivo: 2
x2_4 = 1
x20_4 = 1
x23_4 = 1
x27_4 = 1
x36_4 = 1
x38_4 = 1
x3_8 = 1
x4_8 = 1
x9_8 = 1
x24_8 = 1
w4 = 1
w8 = 1
