Tiempo de corrida total: 0.275228
Tiempo de corrida recorrer el arbol: 0.267449
Valor de la funcion objetivo: 2
x2_3 = 1
x4_3 = 1
x5_3 = 1
x13_3 = 1
x14_3 = 1
x16_3 = 1
x22_3 = 1
x23_3 = 1
x24_3 = 1
x25_7 = 1
w3 = 1
w7 = 1
