Tiempo de corrida total: 0.13606
Tiempo de corrida recorrer el arbol: 0.0344312
Valor de la funcion objetivo: 2
x1_4 = 1
x8_4 = 1
x15_4 = 1
x16_4 = 1
x18_4 = 1
x19_4 = 1
x20_4 = 1
x22_4 = 1
x25_4 = 1
x2_13 = 1
x3_13 = 1
x4_13 = 1
x6_13 = 1
x10_13 = 1
x12_13 = 1
x14_13 = 1
x23_13 = 1
x26_13 = 1
x29_13 = 1
x30_13 = 1
w4 = 1
w13 = 1
