Tiempo de corrida total: 0.154796
Tiempo de corrida recorrer el arbol: 0.0191841
Valor de la funcion objetivo: 1
x3_3 = 1
x4_3 = 1
x10_3 = 1
x11_3 = 1
x16_3 = 1
x19_3 = 1
x21_3 = 1
x23_3 = 1
x33_3 = 1
x37_3 = 1
w3 = 1
