Tiempo de corrida total: 0.390233
Tiempo de corrida recorrer el arbol: 0.0930979
Valor de la funcion objetivo: 2
x3_8 = 1
x8_8 = 1
x19_8 = 1
x22_8 = 1
x23_8 = 1
x32_8 = 1
x34_8 = 1
x35_8 = 1
x36_8 = 1
x37_8 = 1
x41_8 = 1
x42_8 = 1
x47_8 = 1
x48_8 = 1
x2_11 = 1
x5_11 = 1
x6_11 = 1
x7_11 = 1
x16_11 = 1
x43_11 = 1
w8 = 1
w11 = 1
