Tiempo de corrida total: 6.62643
Tiempo de corrida recorrer el arbol: 1.25999
Valor de la funcion objetivo: 3
x8_6 = 1
x17_6 = 1
x21_6 = 1
x25_6 = 1
x32_6 = 1
x41_6 = 1
x10_11 = 1
x30_11 = 1
x31_11 = 1
x48_11 = 1
x12_13 = 1
x13_13 = 1
x24_13 = 1
x29_13 = 1
x49_13 = 1
w6 = 1
w11 = 1
w13 = 1
