Tiempo de corrida total: 5.45083
Tiempo de corrida recorrer el arbol: 4.34695
Valor de la funcion objetivo: 2
x16_2 = 1
x17_2 = 1
x31_2 = 1
x32_2 = 1
x37_2 = 1
x12_8 = 1
x18_8 = 1
x27_8 = 1
x35_8 = 1
x39_8 = 1
w2 = 1
w8 = 1
