Tiempo de corrida total: 3.44162
Tiempo de corrida recorrer el arbol: 3.39831
Valor de la funcion objetivo: 3
x2_3 = 1
x6_3 = 1
x16_3 = 1
x20_3 = 1
x23_3 = 1
x24_3 = 1
x3_4 = 1
x10_4 = 1
x27_4 = 1
x29_4 = 1
x1_11 = 1
x4_11 = 1
x9_11 = 1
x19_11 = 1
x25_11 = 1
w3 = 1
w4 = 1
w11 = 1
