Tiempo de corrida total: 4.69708
Tiempo de corrida recorrer el arbol: 4.68087
Valor de la funcion objetivo: 4
x12_1 = 1
x29_1 = 1
x2_2 = 1
x7_2 = 1
x20_2 = 1
x4_3 = 1
x24_3 = 1
x27_3 = 1
x5_7 = 1
x16_7 = 1
w1 = 1
w2 = 1
w3 = 1
w7 = 1
