Tiempo de corrida total: 0.540616
Tiempo de corrida recorrer el arbol: 0.536372
Valor de la funcion objetivo: 2
x1_1 = 1
x4_1 = 1
x5_1 = 1
x6_1 = 1
x7_1 = 1
x8_1 = 1
x11_1 = 1
x15_1 = 1
x17_1 = 1
x27_1 = 1
x3_20 = 1
x9_20 = 1
x10_20 = 1
x12_20 = 1
x14_20 = 1
x16_20 = 1
x19_20 = 1
x20_20 = 1
x25_20 = 1
x26_20 = 1
w1 = 1
w20 = 1
