Tiempo de corrida total: 5.91969
Tiempo de corrida recorrer el arbol: 5.42745
Valor de la funcion objetivo: 3
x3_4 = 1
x15_4 = 1
x18_4 = 1
x20_4 = 1
x22_4 = 1
x10_8 = 1
x17_8 = 1
x24_8 = 1
x27_8 = 1
x30_8 = 1
x1_13 = 1
x4_13 = 1
x9_13 = 1
x12_13 = 1
x19_13 = 1
w4 = 1
w8 = 1
w13 = 1
