Tiempo de corrida total: 0.082305
Tiempo de corrida recorrer el arbol: 0.03126
Valor de la funcion objetivo: 1
x1_4 = 1
x2_4 = 1
x9_4 = 1
x13_4 = 1
x26_4 = 1
w4 = 1
