Tiempo de corrida total: 0.065506
Tiempo de corrida recorrer el arbol: 0.0112078
Valor de la funcion objetivo: 1
x3_4 = 1
x28_4 = 1
x44_4 = 1
x45_4 = 1
x50_4 = 1
w4 = 1
