Tiempo de corrida total: 2.13796
Tiempo de corrida recorrer el arbol: 0.500126
Valor de la funcion objetivo: 3
x14_3 = 1
x21_3 = 1
x23_3 = 1
x25_3 = 1
x11_4 = 1
x22_4 = 1
x27_4 = 1
x40_4 = 1
x24_6 = 1
x38_6 = 1
w3 = 1
w4 = 1
w6 = 1
