Tiempo de corrida total: 0.380938
Tiempo de corrida recorrer el arbol: 0.134067
Valor de la funcion objetivo: 1
x2_2 = 1
x17_2 = 1
x30_2 = 1
x35_2 = 1
x49_2 = 1
w2 = 1
