Tiempo de corrida total: 0.0483382
Tiempo de corrida recorrer el arbol: 0.00893283
Valor de la funcion objetivo: 1
x12_5 = 1
x21_5 = 1
x37_5 = 1
x43_5 = 1
x44_5 = 1
w5 = 1
