Tiempo de corrida total: 0.301024
Tiempo de corrida recorrer el arbol: 0.294727
Valor de la funcion objetivo: 2
x1_1 = 1
x7_1 = 1
x20_1 = 1
x2_2 = 1
x11_2 = 1
w1 = 1
w2 = 1
