Tiempo de corrida total: 0.057698
Tiempo de corrida recorrer el arbol: 0.0140691
Valor de la funcion objetivo: 1
x2_2 = 1
x10_2 = 1
x20_2 = 1
x21_2 = 1
x34_2 = 1
w2 = 1
