Tiempo de corrida total: 0.919931
Tiempo de corrida recorrer el arbol: 0.898258
Valor de la funcion objetivo: 2
x1_3 = 1
x11_3 = 1
x25_3 = 1
x40_3 = 1
x2_8 = 1
x3_8 = 1
x5_8 = 1
x10_8 = 1
x18_8 = 1
x19_8 = 1
x20_8 = 1
x24_8 = 1
x32_8 = 1
x34_8 = 1
x37_8 = 1
w3 = 1
w8 = 1
