Tiempo de corrida total: 0.236399
Tiempo de corrida recorrer el arbol: 0.234701
Valor de la funcion objetivo: 2
x1_1 = 1
x2_1 = 1
x3_1 = 1
x4_1 = 1
x5_1 = 1
x6_1 = 1
x15_1 = 1
x16_1 = 1
x19_1 = 1
x23_1 = 1
x29_1 = 1
x10_2 = 1
x11_2 = 1
x12_2 = 1
x30_2 = 1
w1 = 1
w2 = 1
