Tiempo de corrida total: 0.152956
Tiempo de corrida recorrer el arbol: 0.0349851
Valor de la funcion objetivo: 2
x4_2 = 1
x32_2 = 1
x33_2 = 1
x23_5 = 1
x36_5 = 1
w2 = 1
w5 = 1
