Tiempo de corrida total: 0.115151
Tiempo de corrida recorrer el arbol: 0.043638
Valor de la funcion objetivo: 1
x23_5 = 1
x25_5 = 1
x28_5 = 1
x39_5 = 1
x40_5 = 1
w5 = 1
