Tiempo de corrida total: 5.03243
Tiempo de corrida recorrer el arbol: 4.79481
Valor de la funcion objetivo: 2
x5_7 = 1
x9_7 = 1
x15_7 = 1
x28_7 = 1
x29_7 = 1
x39_7 = 1
x6_10 = 1
x21_10 = 1
x24_10 = 1
x32_10 = 1
w7 = 1
w10 = 1
