Tiempo de corrida total: 0.118113
Tiempo de corrida recorrer el arbol: 0.084847
Valor de la funcion objetivo: 1
x5_9 = 1
x6_9 = 1
x7_9 = 1
x11_9 = 1
x31_9 = 1
x33_9 = 1
x35_9 = 1
x37_9 = 1
x44_9 = 1
x47_9 = 1
w9 = 1
