Tiempo de corrida total: 0.728847
Tiempo de corrida recorrer el arbol: 0.141906
Valor de la funcion objetivo: 2
x2_3 = 1
x6_3 = 1
x7_3 = 1
x10_3 = 1
x20_3 = 1
x27_3 = 1
x34_3 = 1
x35_3 = 1
x14_15 = 1
x23_15 = 1
x32_15 = 1
x40_15 = 1
x43_15 = 1
x49_15 = 1
x50_15 = 1
w3 = 1
w15 = 1
