Tiempo de corrida total: 1.42513
Tiempo de corrida recorrer el arbol: 1.38739
Valor de la funcion objetivo: 2
x3_1 = 1
x5_1 = 1
x15_1 = 1
x19_1 = 1
x21_1 = 1
x23_1 = 1
x27_1 = 1
x36_1 = 1
x7_14 = 1
x18_14 = 1
x24_14 = 1
x25_14 = 1
x26_14 = 1
x30_14 = 1
x34_14 = 1
w1 = 1
w14 = 1
