Tiempo de corrida total: 0.371369
Tiempo de corrida recorrer el arbol: 0.311967
Valor de la funcion objetivo: 3
x8_1 = 1
x16_2 = 1
x27_2 = 1
x13_3 = 1
x28_3 = 1
w1 = 1
w2 = 1
w3 = 1
