Tiempo de corrida total: 0.0922031
Tiempo de corrida recorrer el arbol: 0.0374839
Valor de la funcion objetivo: 2
x12_2 = 1
x29_2 = 1
x30_2 = 1
x1_10 = 1
x2_10 = 1
x4_10 = 1
x6_10 = 1
x7_10 = 1
x10_10 = 1
x13_10 = 1
x15_10 = 1
x19_10 = 1
x21_10 = 1
x24_10 = 1
x26_10 = 1
w2 = 1
w10 = 1
