Tiempo de corrida total: 0.648348
Tiempo de corrida recorrer el arbol: 0.45576
Valor de la funcion objetivo: 3
x2_9 = 1
x3_9 = 1
x17_9 = 1
x18_9 = 1
x26_9 = 1
x32_9 = 1
x5_10 = 1
x6_10 = 1
x12_10 = 1
x20_10 = 1
x29_10 = 1
x33_10 = 1
x9_11 = 1
x14_11 = 1
x19_11 = 1
x24_11 = 1
x25_11 = 1
x34_11 = 1
x37_11 = 1
x40_11 = 1
w9 = 1
w10 = 1
w11 = 1
