Tiempo de corrida total: 3.34765
Tiempo de corrida recorrer el arbol: 0.770901
Valor de la funcion objetivo: 2
x1_1 = 1
x11_1 = 1
x17_1 = 1
x20_1 = 1
x43_1 = 1
x2_3 = 1
x10_3 = 1
x34_3 = 1
x46_3 = 1
x48_3 = 1
w1 = 1
w3 = 1
