Tiempo de corrida total: 0.089036
Tiempo de corrida recorrer el arbol: 0.0333221
Valor de la funcion objetivo: 2
x19_1 = 1
x25_1 = 1
x1_3 = 1
x12_3 = 1
x29_3 = 1
w1 = 1
w3 = 1
