Tiempo de corrida total: 0.0118229
Tiempo de corrida recorrer el arbol: 0.0108781
Valor de la funcion objetivo: 1
x1_1 = 1
x2_1 = 1
x4_1 = 1
x11_1 = 1
x22_1 = 1
w1 = 1
