Tiempo de corrida total: 0.336639
Tiempo de corrida recorrer el arbol: 0.0515261
Valor de la funcion objetivo: 2
x8_2 = 1
x21_2 = 1
x5_4 = 1
x16_4 = 1
x38_4 = 1
w2 = 1
w4 = 1
