Tiempo de corrida total: 0.323374
Tiempo de corrida recorrer el arbol: 0.0679181
Valor de la funcion objetivo: 2
x1_11 = 1
x2_11 = 1
x8_11 = 1
x11_11 = 1
x15_11 = 1
x32_11 = 1
x33_11 = 1
x49_11 = 1
x5_16 = 1
x9_16 = 1
x16_16 = 1
x18_16 = 1
x22_16 = 1
x26_16 = 1
x31_16 = 1
x35_16 = 1
x38_16 = 1
x41_16 = 1
x47_16 = 1
x48_16 = 1
w11 = 1
w16 = 1
