Tiempo de corrida total: 0.576935
Tiempo de corrida recorrer el arbol: 0.24571
Valor de la funcion objetivo: 2
x1_5 = 1
x6_5 = 1
x20_5 = 1
x26_5 = 1
x29_5 = 1
x2_6 = 1
x18_6 = 1
x27_6 = 1
x31_6 = 1
x38_6 = 1
w5 = 1
w6 = 1
