Tiempo de corrida total: 0.317834
Tiempo de corrida recorrer el arbol: 0.103962
Valor de la funcion objetivo: 1
x3_3 = 1
x5_3 = 1
x33_3 = 1
x36_3 = 1
x42_3 = 1
w3 = 1
