Tiempo de corrida total: 0.170432
Tiempo de corrida recorrer el arbol: 0.026211
Valor de la funcion objetivo: 2
x8_1 = 1
x14_1 = 1
x3_5 = 1
x10_5 = 1
x11_5 = 1
w1 = 1
w5 = 1
