Tiempo de corrida total: 0.257911
Tiempo de corrida recorrer el arbol: 0.252458
Valor de la funcion objetivo: 2
x1_3 = 1
x12_3 = 1
x29_3 = 1
x15_5 = 1
x21_5 = 1
w3 = 1
w5 = 1
