Tiempo de corrida total: 0.0416481
Tiempo de corrida recorrer el arbol: 0.00657415
Valor de la funcion objetivo: 1
x2_1 = 1
x5_1 = 1
x6_1 = 1
x14_1 = 1
x22_1 = 1
w1 = 1
