Tiempo de corrida total: 0.098114
Tiempo de corrida recorrer el arbol: 0.0175741
Valor de la funcion objetivo: 1
x11_2 = 1
x16_2 = 1
x24_2 = 1
x32_2 = 1
x40_2 = 1
w2 = 1
