Tiempo de corrida total: 0.191259
Tiempo de corrida recorrer el arbol: 0.0760698
Valor de la funcion objetivo: 2
x2_2 = 1
x38_2 = 1
x3_3 = 1
x16_3 = 1
x32_3 = 1
w2 = 1
w3 = 1
