Tiempo de corrida total: 0.104242
Tiempo de corrida recorrer el arbol: 0.083328
Valor de la funcion objetivo: 1
x4_8 = 1
x8_8 = 1
x9_8 = 1
x10_8 = 1
x12_8 = 1
x13_8 = 1
x20_8 = 1
x21_8 = 1
x34_8 = 1
x38_8 = 1
w8 = 1
