Tiempo de corrida total: 3.96729
Tiempo de corrida recorrer el arbol: 3.79148
Valor de la funcion objetivo: 2
x3_2 = 1
x9_2 = 1
x4_3 = 1
x12_3 = 1
x18_3 = 1
x21_3 = 1
x27_3 = 1
x30_3 = 1
x41_3 = 1
x42_3 = 1
w2 = 1
w3 = 1
