Tiempo de corrida total: 0.056818
Tiempo de corrida recorrer el arbol: 0.015018
Valor de la funcion objetivo: 2
x5_1 = 1
x9_1 = 1
x14_1 = 1
x26_1 = 1
x35_1 = 1
x36_1 = 1
x37_1 = 1
x1_11 = 1
x3_11 = 1
x4_11 = 1
x11_11 = 1
x19_11 = 1
x21_11 = 1
x34_11 = 1
x38_11 = 1
w1 = 1
w11 = 1
