Tiempo de corrida total: 1.04645
Tiempo de corrida recorrer el arbol: 1.02769
Valor de la funcion objetivo: 3
x5_2 = 1
x12_2 = 1
x23_2 = 1
x15_5 = 1
x16_5 = 1
x30_5 = 1
x14_10 = 1
x17_10 = 1
x25_10 = 1
x27_10 = 1
w2 = 1
w5 = 1
w10 = 1
