Tiempo de corrida total: 0.122809
Tiempo de corrida recorrer el arbol: 0.0856581
Valor de la funcion objetivo: 1
x1_4 = 1
x7_4 = 1
x12_4 = 1
x16_4 = 1
x31_4 = 1
w4 = 1
