Tiempo de corrida total: 0.0219409
Tiempo de corrida recorrer el arbol: 0.00932598
Valor de la funcion objetivo: 1
x3_1 = 1
x18_1 = 1
x21_1 = 1
x29_1 = 1
x46_1 = 1
w1 = 1
