Tiempo de corrida total: 0.507243
Tiempo de corrida recorrer el arbol: 0.13316
Valor de la funcion objetivo: 2
x12_1 = 1
x22_1 = 1
x24_1 = 1
x26_1 = 1
x37_1 = 1
x2_5 = 1
x7_5 = 1
x20_5 = 1
x36_5 = 1
x39_5 = 1
w1 = 1
w5 = 1
