Tiempo de corrida total: 0.498026
Tiempo de corrida recorrer el arbol: 0.101642
Valor de la funcion objetivo: 4
x4_3 = 1
x10_3 = 1
x15_3 = 1
x20_3 = 1
x23_3 = 1
x12_8 = 1
x17_8 = 1
x19_8 = 1
x1_14 = 1
x18_14 = 1
x21_14 = 1
x29_14 = 1
x5_15 = 1
x6_15 = 1
x27_15 = 1
w3 = 1
w8 = 1
w14 = 1
w15 = 1
