Tiempo de corrida total: 0.466331
Tiempo de corrida recorrer el arbol: 0.136173
Valor de la funcion objetivo: 2
x19_4 = 1
x29_4 = 1
x4_5 = 1
x16_5 = 1
x39_5 = 1
w4 = 1
w5 = 1
