Tiempo de corrida total: 3.09623
Tiempo de corrida recorrer el arbol: 3.05165
Valor de la funcion objetivo: 3
x11_3 = 1
x17_3 = 1
x18_3 = 1
x30_3 = 1
x2_10 = 1
x6_10 = 1
x16_10 = 1
x20_10 = 1
x23_10 = 1
x24_10 = 1
x3_14 = 1
x10_14 = 1
x13_14 = 1
x28_14 = 1
x29_14 = 1
w3 = 1
w10 = 1
w14 = 1
