Tiempo de corrida total: 0.463261
Tiempo de corrida recorrer el arbol: 0.455127
Valor de la funcion objetivo: 2
x1_1 = 1
x2_1 = 1
x3_1 = 1
x5_1 = 1
x7_1 = 1
x12_1 = 1
x14_1 = 1
x18_1 = 1
x19_1 = 1
x22_1 = 1
x23_1 = 1
x26_1 = 1
x28_1 = 1
x30_1 = 1
x9_20 = 1
x10_20 = 1
x20_20 = 1
x24_20 = 1
x25_20 = 1
x27_20 = 1
w1 = 1
w20 = 1
