Tiempo de corrida total: 0.995165
Tiempo de corrida recorrer el arbol: 0.986775
Valor de la funcion objetivo: 2
x1_2 = 1
x9_2 = 1
x13_2 = 1
x25_2 = 1
x30_2 = 1
x46_2 = 1
x48_2 = 1
x49_2 = 1
x2_15 = 1
x5_15 = 1
x18_15 = 1
x26_15 = 1
x28_15 = 1
x36_15 = 1
x42_15 = 1
w2 = 1
w15 = 1
