Tiempo de corrida total: 0.095577
Tiempo de corrida recorrer el arbol: 0.0416238
Valor de la funcion objetivo: 1
x13_3 = 1
x18_3 = 1
x22_3 = 1
x29_3 = 1
x30_3 = 1
w3 = 1
