Tiempo de corrida total: 0.178987
Tiempo de corrida recorrer el arbol: 0.0481172
Valor de la funcion objetivo: 2
x1_5 = 1
x6_5 = 1
x9_5 = 1
x11_5 = 1
x17_5 = 1
x20_5 = 1
x25_5 = 1
x33_5 = 1
x36_5 = 1
x2_11 = 1
x3_11 = 1
x14_11 = 1
x16_11 = 1
x18_11 = 1
x19_11 = 1
x24_11 = 1
x26_11 = 1
x29_11 = 1
x32_11 = 1
x37_11 = 1
w5 = 1
w11 = 1
