Tiempo de corrida total: 0.0434339
Tiempo de corrida recorrer el arbol: 0.00841594
Valor de la funcion objetivo: 1
x3_3 = 1
x16_3 = 1
x20_3 = 1
x22_3 = 1
x24_3 = 1
w3 = 1
