Tiempo de corrida total: 0.15257
Tiempo de corrida recorrer el arbol: 0.0200601
Valor de la funcion objetivo: 1
x12_2 = 1
x16_2 = 1
x17_2 = 1
x22_2 = 1
x40_2 = 1
w2 = 1
