Tiempo de corrida total: 0.139363
Tiempo de corrida recorrer el arbol: 0.0199311
Valor de la funcion objetivo: 1
x12_2 = 1
x17_2 = 1
x22_2 = 1
x25_2 = 1
x36_2 = 1
w2 = 1
