Tiempo de corrida total: 0.00613999
Tiempo de corrida recorrer el arbol: 0.00296402
Valor de la funcion objetivo: 1
x1_1 = 1
x2_1 = 1
x4_1 = 1
x17_1 = 1
x22_1 = 1
w1 = 1
