Tiempo de corrida total: 0.021852
Tiempo de corrida recorrer el arbol: 0.017808
Valor de la funcion objetivo: 1
x2_1 = 1
x3_1 = 1
x5_1 = 1
x8_1 = 1
x31_1 = 1
w1 = 1
