Tiempo de corrida total: 8.35057
Tiempo de corrida recorrer el arbol: 6.65483
Valor de la funcion objetivo: 2
x6_1 = 1
x8_1 = 1
x27_1 = 1
x37_1 = 1
x40_1 = 1
x49_1 = 1
x1_10 = 1
x17_10 = 1
x24_10 = 1
x50_10 = 1
w1 = 1
w10 = 1
