Tiempo de corrida total: 0.227531
Tiempo de corrida recorrer el arbol: 0.059186
Valor de la funcion objetivo: 2
x4_1 = 1
x22_1 = 1
x5_5 = 1
x17_5 = 1
x33_5 = 1
w1 = 1
w5 = 1
