Tiempo de corrida total: 2.06347
Tiempo de corrida recorrer el arbol: 1.82778
Valor de la funcion objetivo: 2
x15_5 = 1
x17_5 = 1
x23_5 = 1
x29_5 = 1
x2_8 = 1
x6_8 = 1
x9_8 = 1
x14_8 = 1
x22_8 = 1
x30_8 = 1
w5 = 1
w8 = 1
