Tiempo de corrida total: 0.415854
Tiempo de corrida recorrer el arbol: 0.368444
Valor de la funcion objetivo: 2
x12_9 = 1
x15_9 = 1
x19_9 = 1
x29_9 = 1
x32_9 = 1
x36_9 = 1
x38_9 = 1
x40_9 = 1
x8_10 = 1
x21_10 = 1
w9 = 1
w10 = 1
