Tiempo de corrida total: 0.252254
Tiempo de corrida recorrer el arbol: 0.242909
Valor de la funcion objetivo: 2
x2_1 = 1
x7_1 = 1
x11_1 = 1
x28_5 = 1
x29_5 = 1
w1 = 1
w5 = 1
