Tiempo de corrida total: 8.37094
Tiempo de corrida recorrer el arbol: 7.78583
Valor de la funcion objetivo: 4
x9_5 = 1
x10_5 = 1
x15_5 = 1
x1_7 = 1
x19_7 = 1
x20_7 = 1
x25_7 = 1
x8_9 = 1
x11_9 = 1
x16_10 = 1
w5 = 1
w7 = 1
w9 = 1
w10 = 1
