Tiempo de corrida total: 0.590091
Tiempo de corrida recorrer el arbol: 0.583633
Valor de la funcion objetivo: 2
x1_1 = 1
x3_1 = 1
x7_1 = 1
x23_1 = 1
x5_2 = 1
w1 = 1
w2 = 1
