Tiempo de corrida total: 0.00608897
Tiempo de corrida recorrer el arbol: 0.00523901
Valor de la funcion objetivo: 1
x1_1 = 1
x2_1 = 1
x4_1 = 1
x8_1 = 1
x9_1 = 1
w1 = 1
