Tiempo de corrida total: 8.16066
Tiempo de corrida recorrer el arbol: 7.85149
Valor de la funcion objetivo: 3
x1_1 = 1
x5_1 = 1
x11_1 = 1
x23_1 = 1
x34_1 = 1
x3_16 = 1
x8_16 = 1
x14_16 = 1
x18_16 = 1
x20_16 = 1
x27_16 = 1
x38_16 = 1
x2_19 = 1
x6_19 = 1
x10_19 = 1
x17_19 = 1
x24_19 = 1
x25_19 = 1
x33_19 = 1
x35_19 = 1
w1 = 1
w16 = 1
w19 = 1
