Tiempo de corrida total: 0.0499611
Tiempo de corrida recorrer el arbol: 0.0247109
Valor de la funcion objetivo: 1
x11_5 = 1
x12_5 = 1
x20_5 = 1
x23_5 = 1
x24_5 = 1
w5 = 1
