Tiempo de corrida total: 0.0783219
Tiempo de corrida recorrer el arbol: 0.0350459
Valor de la funcion objetivo: 2
x12_1 = 1
x26_1 = 1
x29_1 = 1
x5_3 = 1
x11_3 = 1
w1 = 1
w3 = 1
