Tiempo de corrida total: 0.00879002
Tiempo de corrida recorrer el arbol: 0.00794888
Valor de la funcion objetivo: 1
x1_1 = 1
x2_1 = 1
x8_1 = 1
x20_1 = 1
x23_1 = 1
w1 = 1
