Tiempo de corrida total: 0.21534
Tiempo de corrida recorrer el arbol: 0.081419
Valor de la funcion objetivo: 2
x13_3 = 1
x19_3 = 1
x25_3 = 1
x33_5 = 1
x39_5 = 1
w3 = 1
w5 = 1
