Tiempo de corrida total: 0.097492
Tiempo de corrida recorrer el arbol: 0.0202699
Valor de la funcion objetivo: 2
x9_2 = 1
x23_2 = 1
x26_2 = 1
x6_4 = 1
x29_4 = 1
w2 = 1
w4 = 1
