Tiempo de corrida total: 0.346684
Tiempo de corrida recorrer el arbol: 0.264773
Valor de la funcion objetivo: 2
x3_8 = 1
x10_8 = 1
x16_8 = 1
x18_8 = 1
x20_8 = 1
x24_8 = 1
x37_8 = 1
x39_8 = 1
x43_8 = 1
x48_8 = 1
x5_15 = 1
x6_15 = 1
x35_15 = 1
x47_15 = 1
x49_15 = 1
w8 = 1
w15 = 1
