Tiempo de corrida total: 0.0144742
Tiempo de corrida recorrer el arbol: 0.00672507
Valor de la funcion objetivo: 1
x1_3 = 1
x4_3 = 1
x8_3 = 1
x15_3 = 1
x16_3 = 1
w3 = 1
