Tiempo de corrida total: 0.015166
Tiempo de corrida recorrer el arbol: 0.00759482
Valor de la funcion objetivo: 1
x24_5 = 1
x31_5 = 1
x35_5 = 1
x38_5 = 1
x39_5 = 1
w5 = 1
