Tiempo de corrida total: 4.01969
Tiempo de corrida recorrer el arbol: 3.50646
Valor de la funcion objetivo: 4
x12_3 = 1
x21_3 = 1
x26_3 = 1
x30_5 = 1
x13_8 = 1
x15_8 = 1
x18_8 = 1
x10_10 = 1
x14_10 = 1
x19_10 = 1
w3 = 1
w5 = 1
w8 = 1
w10 = 1
