Tiempo de corrida total: 0.350721
Tiempo de corrida recorrer el arbol: 0.349186
Valor de la funcion objetivo: 2
x7_5 = 1
x11_5 = 1
x18_5 = 1
x2_15 = 1
x4_15 = 1
x6_15 = 1
x10_15 = 1
x12_15 = 1
x14_15 = 1
x16_15 = 1
x23_15 = 1
x26_15 = 1
x27_15 = 1
x29_15 = 1
x30_15 = 1
w5 = 1
w15 = 1
