Tiempo de corrida total: 3.33391
Tiempo de corrida recorrer el arbol: 3.25925
Valor de la funcion objetivo: 2
x4_13 = 1
x20_13 = 1
x24_13 = 1
x27_13 = 1
x36_13 = 1
x48_13 = 1
x3_15 = 1
x8_15 = 1
x12_15 = 1
x22_15 = 1
x23_15 = 1
x38_15 = 1
x39_15 = 1
x42_15 = 1
x46_15 = 1
w13 = 1
w15 = 1
