Tiempo de corrida total: 0.671799
Tiempo de corrida recorrer el arbol: 0.629116
Valor de la funcion objetivo: 2
x3_16 = 1
x7_16 = 1
x15_16 = 1
x17_16 = 1
x28_16 = 1
x33_16 = 1
x35_16 = 1
x39_16 = 1
x40_16 = 1
x11_17 = 1
x16_17 = 1
x18_17 = 1
x19_17 = 1
x25_17 = 1
x29_17 = 1
x30_17 = 1
x31_17 = 1
x34_17 = 1
x36_17 = 1
x37_17 = 1
w16 = 1
w17 = 1
