Tiempo de corrida total: 8.50097
Tiempo de corrida recorrer el arbol: 7.88137
Valor de la funcion objetivo: 3
x20_1 = 1
x28_1 = 1
x37_1 = 1
x38_1 = 1
x2_4 = 1
x12_4 = 1
x13_4 = 1
x6_7 = 1
x32_7 = 1
x35_7 = 1
w1 = 1
w4 = 1
w7 = 1
