Tiempo de corrida total: 0.770633
Tiempo de corrida recorrer el arbol: 0.760548
Valor de la funcion objetivo: 2
x9_3 = 1
x14_3 = 1
x24_3 = 1
x26_3 = 1
x29_3 = 1
x31_3 = 1
x35_3 = 1
x43_3 = 1
x50_3 = 1
x7_15 = 1
x34_15 = 1
x37_15 = 1
x40_15 = 1
x47_15 = 1
x48_15 = 1
w3 = 1
w15 = 1
