Tiempo de corrida total: 0.49236
Tiempo de corrida recorrer el arbol: 0.442556
Valor de la funcion objetivo: 2
x8_1 = 1
x18_1 = 1
x22_1 = 1
x27_1 = 1
x25_4 = 1
w1 = 1
w4 = 1
