Tiempo de corrida total: 1.55194
Tiempo de corrida recorrer el arbol: 1.23454
Valor de la funcion objetivo: 2
x1_2 = 1
x31_2 = 1
x33_2 = 1
x12_3 = 1
x15_3 = 1
x16_3 = 1
x23_3 = 1
x26_3 = 1
x30_3 = 1
x36_3 = 1
w2 = 1
w3 = 1
