Tiempo de corrida total: 0.432545
Tiempo de corrida recorrer el arbol: 0.38792
Valor de la funcion objetivo: 2
x16_4 = 1
x22_4 = 1
x25_4 = 1
x26_4 = 1
x27_4 = 1
x32_4 = 1
x1_6 = 1
x6_6 = 1
x10_6 = 1
x12_6 = 1
x18_6 = 1
x29_6 = 1
x35_6 = 1
x36_6 = 1
x40_6 = 1
w4 = 1
w6 = 1
