Tiempo de corrida total: 0.123998
Tiempo de corrida recorrer el arbol: 0.0573499
Valor de la funcion objetivo: 1
x1_15 = 1
x2_15 = 1
x10_15 = 1
x14_15 = 1
x17_15 = 1
x18_15 = 1
x23_15 = 1
x24_15 = 1
x25_15 = 1
x27_15 = 1
x34_15 = 1
x36_15 = 1
x41_15 = 1
x44_15 = 1
x49_15 = 1
w15 = 1
