Tiempo de corrida total: 0.059947
Tiempo de corrida recorrer el arbol: 0.056659
Valor de la funcion objetivo: 1
x13_5 = 1
x17_5 = 1
x21_5 = 1
x30_5 = 1
x36_5 = 1
w5 = 1
