Tiempo de corrida total: 0.975413
Tiempo de corrida recorrer el arbol: 0.943735
Valor de la funcion objetivo: 2
x9_1 = 1
x11_1 = 1
x28_1 = 1
x31_1 = 1
x37_1 = 1
x10_2 = 1
x16_2 = 1
x18_2 = 1
x26_2 = 1
x35_2 = 1
w1 = 1
w2 = 1
