Tiempo de corrida total: 0.423221
Tiempo de corrida recorrer el arbol: 0.417736
Valor de la funcion objetivo: 2
x1_1 = 1
x5_1 = 1
x9_1 = 1
x10_1 = 1
x12_1 = 1
x18_1 = 1
x20_1 = 1
x24_1 = 1
x25_1 = 1
x27_1 = 1
x30_1 = 1
x3_11 = 1
x4_11 = 1
x6_11 = 1
x7_11 = 1
x11_11 = 1
x14_11 = 1
x16_11 = 1
x19_11 = 1
x26_11 = 1
w1 = 1
w11 = 1
