Tiempo de corrida total: 0.183136
Tiempo de corrida recorrer el arbol: 0.0485609
Valor de la funcion objetivo: 2
x14_7 = 1
x15_7 = 1
x18_7 = 1
x26_7 = 1
x29_7 = 1
x31_7 = 1
x34_7 = 1
x37_7 = 1
x1_11 = 1
x3_11 = 1
x5_11 = 1
x11_11 = 1
x12_11 = 1
x19_11 = 1
x28_11 = 1
x32_11 = 1
x33_11 = 1
x35_11 = 1
x36_11 = 1
x40_11 = 1
w7 = 1
w11 = 1
