Tiempo de corrida total: 0.236207
Tiempo de corrida recorrer el arbol: 0.231226
Valor de la funcion objetivo: 2
x16_1 = 1
x19_1 = 1
x26_1 = 1
x4_2 = 1
x6_2 = 1
w1 = 1
w2 = 1
