Tiempo de corrida total: 1.18783
Tiempo de corrida recorrer el arbol: 0.313481
Valor de la funcion objetivo: 1
x4_4 = 1
x12_4 = 1
x16_4 = 1
x20_4 = 1
x24_4 = 1
x33_4 = 1
x38_4 = 1
x39_4 = 1
x47_4 = 1
x50_4 = 1
w4 = 1
