Tiempo de corrida total: 0.868803
Tiempo de corrida recorrer el arbol: 0.528412
Valor de la funcion objetivo: 2
x12_2 = 1
x33_2 = 1
x35_2 = 1
x4_5 = 1
x36_5 = 1
w2 = 1
w5 = 1
