Tiempo de corrida total: 0.353842
Tiempo de corrida recorrer el arbol: 0.335806
Valor de la funcion objetivo: 2
x5_1 = 1
x18_1 = 1
x22_1 = 1
x29_1 = 1
x33_1 = 1
x34_1 = 1
x10_10 = 1
x12_10 = 1
x25_10 = 1
x28_10 = 1
w1 = 1
w10 = 1
