Tiempo de corrida total: 0.0926149
Tiempo de corrida recorrer el arbol: 0.0751441
Valor de la funcion objetivo: 1
x14_2 = 1
x23_2 = 1
x29_2 = 1
x34_2 = 1
x37_2 = 1
w2 = 1
