Tiempo de corrida total: 0.401711
Tiempo de corrida recorrer el arbol: 0.359161
Valor de la funcion objetivo: 2
x7_15 = 1
x11_15 = 1
x15_15 = 1
x16_15 = 1
x20_15 = 1
x28_15 = 1
x31_15 = 1
x35_15 = 1
x37_15 = 1
x3_19 = 1
x5_19 = 1
x9_19 = 1
x10_19 = 1
x13_19 = 1
x18_19 = 1
x29_19 = 1
x30_19 = 1
x33_19 = 1
x34_19 = 1
x36_19 = 1
w15 = 1
w19 = 1
