Tiempo de corrida total: 0.402526
Tiempo de corrida recorrer el arbol: 0.375147
Valor de la funcion objetivo: 2
x1_8 = 1
x9_8 = 1
x11_8 = 1
x16_8 = 1
x24_8 = 1
x25_8 = 1
x27_8 = 1
x29_8 = 1
x30_8 = 1
x2_9 = 1
x3_9 = 1
x4_9 = 1
x5_9 = 1
x6_9 = 1
x12_9 = 1
x13_9 = 1
x14_9 = 1
x19_9 = 1
x23_9 = 1
x28_9 = 1
w8 = 1
w9 = 1
