Tiempo de corrida total: 0.219316
Tiempo de corrida recorrer el arbol: 0.0296879
Valor de la funcion objetivo: 2
x5_5 = 1
x12_5 = 1
x27_5 = 1
x32_5 = 1
x37_5 = 1
x40_5 = 1
x41_5 = 1
x43_5 = 1
x8_14 = 1
x9_14 = 1
x11_14 = 1
x20_14 = 1
x21_14 = 1
x22_14 = 1
x23_14 = 1
x28_14 = 1
x29_14 = 1
x42_14 = 1
x47_14 = 1
x48_14 = 1
w5 = 1
w14 = 1
