Tiempo de corrida total: 0.0324919
Tiempo de corrida recorrer el arbol: 0.0220702
Valor de la funcion objetivo: 1
x7_3 = 1
x23_3 = 1
x24_3 = 1
x26_3 = 1
x36_3 = 1
w3 = 1
