Tiempo de corrida total: 1.11544
Tiempo de corrida recorrer el arbol: 0.268345
Valor de la funcion objetivo: 2
x3_2 = 1
x6_2 = 1
x13_2 = 1
x14_2 = 1
x16_2 = 1
x23_2 = 1
x29_2 = 1
x40_2 = 1
x1_7 = 1
x4_7 = 1
x7_7 = 1
x12_7 = 1
x17_7 = 1
x25_7 = 1
x36_7 = 1
w2 = 1
w7 = 1
