Tiempo de corrida total: 0.11313
Tiempo de corrida recorrer el arbol: 0.040081
Valor de la funcion objetivo: 2
x3_8 = 1
x5_8 = 1
x7_8 = 1
x8_8 = 1
x16_8 = 1
x18_8 = 1
x19_8 = 1
x22_8 = 1
x24_8 = 1
x1_20 = 1
x13_20 = 1
x14_20 = 1
x15_20 = 1
x17_20 = 1
x20_20 = 1
x23_20 = 1
x26_20 = 1
x28_20 = 1
x29_20 = 1
x30_20 = 1
w8 = 1
w20 = 1
