Tiempo de corrida total: 0.831336
Tiempo de corrida recorrer el arbol: 0.805882
Valor de la funcion objetivo: 2
x4_6 = 1
x7_6 = 1
x24_6 = 1
x33_6 = 1
x2_7 = 1
x11_7 = 1
x21_7 = 1
x23_7 = 1
x36_7 = 1
x38_7 = 1
w6 = 1
w7 = 1
