Tiempo de corrida total: 0.0277698
Tiempo de corrida recorrer el arbol: 0.02545
Valor de la funcion objetivo: 1
x6_10 = 1
x11_10 = 1
x12_10 = 1
x21_10 = 1
x23_10 = 1
x24_10 = 1
x27_10 = 1
x31_10 = 1
x40_10 = 1
x47_10 = 1
w10 = 1
