Tiempo de corrida total: 0.0251999
Tiempo de corrida recorrer el arbol: 0.0239589
Valor de la funcion objetivo: 1
x2_1 = 1
x6_1 = 1
x8_1 = 1
x12_1 = 1
x23_1 = 1
w1 = 1
