Tiempo de corrida total: 5.78068
Tiempo de corrida recorrer el arbol: 4.73456
Valor de la funcion objetivo: 3
x8_2 = 1
x18_2 = 1
x23_2 = 1
x24_2 = 1
x26_2 = 1
x33_2 = 1
x3_12 = 1
x4_12 = 1
x10_12 = 1
x15_12 = 1
x20_12 = 1
x27_12 = 1
x34_12 = 1
x37_12 = 1
x1_17 = 1
x5_17 = 1
x25_17 = 1
x35_17 = 1
x36_17 = 1
x39_17 = 1
w2 = 1
w12 = 1
w17 = 1
