Tiempo de corrida total: 1.52323
Tiempo de corrida recorrer el arbol: 1.29145
Valor de la funcion objetivo: 2
x21_4 = 1
x26_4 = 1
x30_4 = 1
x34_4 = 1
x40_4 = 1
x10_14 = 1
x14_14 = 1
x16_14 = 1
x19_14 = 1
x31_14 = 1
x36_14 = 1
x37_14 = 1
x38_14 = 1
x45_14 = 1
x47_14 = 1
w4 = 1
w14 = 1
