Tiempo de corrida total: 2.32897
Tiempo de corrida recorrer el arbol: 1.98914
Valor de la funcion objetivo: 2
x2_7 = 1
x20_7 = 1
x25_7 = 1
x39_7 = 1
x43_7 = 1
x50_7 = 1
x5_14 = 1
x6_14 = 1
x7_14 = 1
x11_14 = 1
x16_14 = 1
x21_14 = 1
x28_14 = 1
x34_14 = 1
x47_14 = 1
w7 = 1
w14 = 1
