Tiempo de corrida total: 0.319543
Tiempo de corrida recorrer el arbol: 0.0340991
Valor de la funcion objetivo: 1
x4_2 = 1
x15_2 = 1
x19_2 = 1
x48_2 = 1
x50_2 = 1
w2 = 1
