Tiempo de corrida total: 5.97459
Tiempo de corrida recorrer el arbol: 5.93017
Valor de la funcion objetivo: 3
x2_8 = 1
x6_8 = 1
x10_8 = 1
x14_8 = 1
x16_8 = 1
x25_8 = 1
x29_8 = 1
x1_10 = 1
x4_10 = 1
x5_10 = 1
x11_10 = 1
x18_10 = 1
x30_10 = 1
x3_14 = 1
x9_14 = 1
x12_14 = 1
x17_14 = 1
x21_14 = 1
x24_14 = 1
x26_14 = 1
w8 = 1
w10 = 1
w14 = 1
