Tiempo de corrida total: 0.21755
Tiempo de corrida recorrer el arbol: 0.197411
Valor de la funcion objetivo: 1
x14_3 = 1
x25_3 = 1
x31_3 = 1
x38_3 = 1
x39_3 = 1
w3 = 1
