Tiempo de corrida total: 4.10375
Tiempo de corrida recorrer el arbol: 1.97385
Valor de la funcion objetivo: 2
x14_8 = 1
x16_8 = 1
x23_8 = 1
x24_8 = 1
x31_8 = 1
x36_8 = 1
x21_10 = 1
x32_10 = 1
x35_10 = 1
x48_10 = 1
w8 = 1
w10 = 1
