Tiempo de corrida total: 0.00712705
Tiempo de corrida recorrer el arbol: 0.00620604
Valor de la funcion objetivo: 1
x1_1 = 1
x3_1 = 1
x4_1 = 1
x5_1 = 1
x6_1 = 1
w1 = 1
