Tiempo de corrida total: 0.299979
Tiempo de corrida recorrer el arbol: 0.091629
Valor de la funcion objetivo: 1
x12_4 = 1
x15_4 = 1
x25_4 = 1
x36_4 = 1
x37_4 = 1
w4 = 1
