Tiempo de corrida total: 0.0240788
Tiempo de corrida recorrer el arbol: 0.00784588
Valor de la funcion objetivo: 1
x9_1 = 1
x11_1 = 1
x12_1 = 1
x28_1 = 1
x38_1 = 1
w1 = 1
