Tiempo de corrida total: 0.398925
Tiempo de corrida recorrer el arbol: 0.382033
Valor de la funcion objetivo: 2
x3_5 = 1
x5_5 = 1
x12_5 = 1
x15_5 = 1
x25_5 = 1
x29_5 = 1
x32_5 = 1
x19_8 = 1
x36_8 = 1
x39_8 = 1
w5 = 1
w8 = 1
