Tiempo de corrida total: 0.342759
Tiempo de corrida recorrer el arbol: 0.185448
Valor de la funcion objetivo: 2
x7_3 = 1
x18_3 = 1
x24_3 = 1
x25_3 = 1
x26_3 = 1
x30_3 = 1
x34_3 = 1
x3_9 = 1
x5_9 = 1
x6_9 = 1
x15_9 = 1
x19_9 = 1
x23_9 = 1
x27_9 = 1
x36_9 = 1
w3 = 1
w9 = 1
