Tiempo de corrida total: 0.0466399
Tiempo de corrida recorrer el arbol: 0.0247869
Valor de la funcion objetivo: 1
x4_4 = 1
x5_4 = 1
x17_4 = 1
x25_4 = 1
x31_4 = 1
w4 = 1
