Tiempo de corrida total: 0.207496
Tiempo de corrida recorrer el arbol: 0.173764
Valor de la funcion objetivo: 1
x3_7 = 1
x6_7 = 1
x7_7 = 1
x9_7 = 1
x13_7 = 1
x14_7 = 1
x19_7 = 1
x22_7 = 1
x25_7 = 1
x29_7 = 1
x31_7 = 1
x45_7 = 1
x46_7 = 1
x47_7 = 1
x48_7 = 1
w7 = 1
