Tiempo de corrida total: 0.416258
Tiempo de corrida recorrer el arbol: 0.0878119
Valor de la funcion objetivo: 2
x3_1 = 1
x15_1 = 1
x28_1 = 1
x7_3 = 1
x20_3 = 1
w1 = 1
w3 = 1
