Tiempo de corrida total: 0.0754552
Tiempo de corrida recorrer el arbol: 0.031085
Valor de la funcion objetivo: 1
x6_4 = 1
x13_4 = 1
x14_4 = 1
x18_4 = 1
x28_4 = 1
w4 = 1
