Tiempo de corrida total: 0.889856
Tiempo de corrida recorrer el arbol: 0.210987
Valor de la funcion objetivo: 3
x1_2 = 1
x6_2 = 1
x22_2 = 1
x26_2 = 1
x27_2 = 1
x33_2 = 1
x48_2 = 1
x11_3 = 1
x12_3 = 1
x14_3 = 1
x17_3 = 1
x19_3 = 1
x3_7 = 1
x5_7 = 1
x7_7 = 1
x15_7 = 1
x34_7 = 1
x37_7 = 1
x40_7 = 1
x45_7 = 1
w2 = 1
w3 = 1
w7 = 1
