Tiempo de corrida total: 0.013586
Tiempo de corrida recorrer el arbol: 0.012063
Valor de la funcion objetivo: 1
x1_1 = 1
x2_1 = 1
x9_1 = 1
x13_1 = 1
x26_1 = 1
w1 = 1
