Tiempo de corrida total: 0.0114219
Tiempo de corrida recorrer el arbol: 0.00679183
Valor de la funcion objetivo: 1
x2_1 = 1
x6_1 = 1
x12_1 = 1
x14_1 = 1
x16_1 = 1
x17_1 = 1
x21_1 = 1
x25_1 = 1
x27_1 = 1
x29_1 = 1
w1 = 1
