Tiempo de corrida total: 0.153886
Tiempo de corrida recorrer el arbol: 0.0672309
Valor de la funcion objetivo: 2
x1_2 = 1
x5_2 = 1
x6_2 = 1
x14_2 = 1
x25_2 = 1
x26_2 = 1
x27_2 = 1
x29_2 = 1
x18_7 = 1
x20_7 = 1
x23_7 = 1
x31_7 = 1
x32_7 = 1
x37_7 = 1
x40_7 = 1
w2 = 1
w7 = 1
