Tiempo de corrida total: 2.60254
Tiempo de corrida recorrer el arbol: 2.59643
Valor de la funcion objetivo: 3
x1_1 = 1
x3_1 = 1
x2_2 = 1
x28_2 = 1
x7_3 = 1
w1 = 1
w2 = 1
w3 = 1
