Tiempo de corrida total: 0.976283
Tiempo de corrida recorrer el arbol: 0.970561
Valor de la funcion objetivo: 2
x9_1 = 1
x11_1 = 1
x12_1 = 1
x14_1 = 1
x17_1 = 1
x25_1 = 1
x29_1 = 1
x37_1 = 1
x49_1 = 1
x1_19 = 1
x6_19 = 1
x15_19 = 1
x18_19 = 1
x20_19 = 1
x21_19 = 1
x22_19 = 1
x24_19 = 1
x36_19 = 1
x42_19 = 1
x45_19 = 1
w1 = 1
w19 = 1
