Tiempo de corrida total: 2.97259
Tiempo de corrida recorrer el arbol: 2.20202
Valor de la funcion objetivo: 2
x9_3 = 1
x14_3 = 1
x24_3 = 1
x38_3 = 1
x43_3 = 1
x47_3 = 1
x4_8 = 1
x16_8 = 1
x28_8 = 1
x36_8 = 1
w3 = 1
w8 = 1
