Tiempo de corrida total: 0.0950792
Tiempo de corrida recorrer el arbol: 0.0860472
Valor de la funcion objetivo: 1
x6_2 = 1
x12_2 = 1
x15_2 = 1
x17_2 = 1
x19_2 = 1
x26_2 = 1
x31_2 = 1
x33_2 = 1
x37_2 = 1
x39_2 = 1
x40_2 = 1
x41_2 = 1
x44_2 = 1
x45_2 = 1
x46_2 = 1
w2 = 1
