Tiempo de corrida total: 5.08509
Tiempo de corrida recorrer el arbol: 1.14433
Valor de la funcion objetivo: 3
x10_1 = 1
x29_1 = 1
x30_1 = 1
x36_1 = 1
x39_1 = 1
x16_9 = 1
x18_9 = 1
x31_9 = 1
x40_9 = 1
x48_9 = 1
x4_13 = 1
x23_13 = 1
x24_13 = 1
x34_13 = 1
x43_13 = 1
w1 = 1
w9 = 1
w13 = 1
