Tiempo de corrida total: 0.0752621
Tiempo de corrida recorrer el arbol: 0.016293
Valor de la funcion objetivo: 2
x1_12 = 1
x9_12 = 1
x11_12 = 1
x16_12 = 1
x20_12 = 1
x21_12 = 1
x23_12 = 1
x25_12 = 1
x27_12 = 1
x5_15 = 1
x7_15 = 1
x10_15 = 1
x12_15 = 1
x13_15 = 1
x19_15 = 1
w12 = 1
w15 = 1
