Tiempo de corrida total: 0.106447
Tiempo de corrida recorrer el arbol: 0.046329
Valor de la funcion objetivo: 1
x1_8 = 1
x9_8 = 1
x13_8 = 1
x17_8 = 1
x18_8 = 1
x19_8 = 1
x20_8 = 1
x21_8 = 1
x24_8 = 1
x26_8 = 1
w8 = 1
