Tiempo de corrida total: 0.040334
Tiempo de corrida recorrer el arbol: 0.0292592
Valor de la funcion objetivo: 1
x4_2 = 1
x13_2 = 1
x14_2 = 1
x19_2 = 1
x44_2 = 1
w2 = 1
