Tiempo de corrida total: 0.564667
Tiempo de corrida recorrer el arbol: 0.075825
Valor de la funcion objetivo: 5
x10_2 = 1
x13_2 = 1
x1_3 = 1
x3_3 = 1
x21_3 = 1
x5_4 = 1
x22_4 = 1
x12_5 = 1
x7_6 = 1
x18_6 = 1
w2 = 1
w3 = 1
w4 = 1
w5 = 1
w6 = 1
