Tiempo de corrida total: 2.57721
Tiempo de corrida recorrer el arbol: 2.32379
Valor de la funcion objetivo: 2
x1_1 = 1
x2_1 = 1
x5_1 = 1
x6_1 = 1
x9_1 = 1
x18_1 = 1
x40_1 = 1
x4_5 = 1
x10_5 = 1
x21_5 = 1
w1 = 1
w5 = 1
