Tiempo de corrida total: 2.12226
Tiempo de corrida recorrer el arbol: 2.11585
Valor de la funcion objetivo: 3
x22_3 = 1
x5_4 = 1
x27_4 = 1
x29_4 = 1
x19_5 = 1
w3 = 1
w4 = 1
w5 = 1
