Tiempo de corrida total: 0.191489
Tiempo de corrida recorrer el arbol: 0.0476141
Valor de la funcion objetivo: 2
x9_1 = 1
x19_1 = 1
x23_1 = 1
x29_1 = 1
x30_5 = 1
w1 = 1
w5 = 1
