Tiempo de corrida total: 0.04635
Tiempo de corrida recorrer el arbol: 0.0347531
Valor de la funcion objetivo: 1
x7_3 = 1
x15_3 = 1
x18_3 = 1
x25_3 = 1
x27_3 = 1
w3 = 1
