Tiempo de corrida total: 0.485338
Tiempo de corrida recorrer el arbol: 0.0898139
Valor de la funcion objetivo: 3
x3_6 = 1
x5_6 = 1
x12_6 = 1
x13_6 = 1
x24_6 = 1
x29_6 = 1
x1_13 = 1
x9_13 = 1
x14_13 = 1
x20_13 = 1
x25_13 = 1
x27_13 = 1
x30_13 = 1
x4_14 = 1
x6_14 = 1
x11_14 = 1
x16_14 = 1
x17_14 = 1
x18_14 = 1
x26_14 = 1
w6 = 1
w13 = 1
w14 = 1
