Tiempo de corrida total: 0.64211
Tiempo de corrida recorrer el arbol: 0.635789
Valor de la funcion objetivo: 2
x2_1 = 1
x15_1 = 1
x29_1 = 1
x34_1 = 1
x10_2 = 1
w1 = 1
w2 = 1
