Tiempo de corrida total: 0.721416
Tiempo de corrida recorrer el arbol: 0.677505
Valor de la funcion objetivo: 2
x3_5 = 1
x7_5 = 1
x18_5 = 1
x22_5 = 1
x23_5 = 1
x26_5 = 1
x29_5 = 1
x35_5 = 1
x5_6 = 1
x11_6 = 1
x13_6 = 1
x16_6 = 1
x19_6 = 1
x21_6 = 1
x24_6 = 1
x28_6 = 1
x32_6 = 1
x33_6 = 1
x36_6 = 1
x37_6 = 1
w5 = 1
w6 = 1
