Tiempo de corrida total: 0.508082
Tiempo de corrida recorrer el arbol: 0.26865
Valor de la funcion objetivo: 1
x6_3 = 1
x11_3 = 1
x27_3 = 1
x29_3 = 1
x33_3 = 1
w3 = 1
