Tiempo de corrida total: 0.056459
Tiempo de corrida recorrer el arbol: 0.0346339
Valor de la funcion objetivo: 1
x6_5 = 1
x7_5 = 1
x14_5 = 1
x23_5 = 1
x25_5 = 1
x30_5 = 1
x34_5 = 1
x35_5 = 1
x38_5 = 1
x40_5 = 1
w5 = 1
