Tiempo de corrida total: 3.87907
Tiempo de corrida recorrer el arbol: 3.74105
Valor de la funcion objetivo: 5
x23_1 = 1
x27_1 = 1
x16_2 = 1
x15_3 = 1
x17_3 = 1
x8_6 = 1
x14_6 = 1
x30_6 = 1
x18_7 = 1
x25_7 = 1
w1 = 1
w2 = 1
w3 = 1
w6 = 1
w7 = 1
