Tiempo de corrida total: 3.74478
Tiempo de corrida recorrer el arbol: 3.63129
Valor de la funcion objetivo: 2
x3_3 = 1
x13_3 = 1
x19_3 = 1
x28_3 = 1
x22_6 = 1
x24_6 = 1
x27_6 = 1
x39_6 = 1
x42_6 = 1
x45_6 = 1
w3 = 1
w6 = 1
