Tiempo de corrida total: 3.38991
Tiempo de corrida recorrer el arbol: 3.37095
Valor de la funcion objetivo: 2
x1_1 = 1
x2_1 = 1
x7_1 = 1
x17_1 = 1
x20_1 = 1
x48_1 = 1
x33_8 = 1
x40_8 = 1
x47_8 = 1
x49_8 = 1
w1 = 1
w8 = 1
