Tiempo de corrida total: 0.171913
Tiempo de corrida recorrer el arbol: 0.0321851
Valor de la funcion objetivo: 2
x17_1 = 1
x26_1 = 1
x1_4 = 1
x7_4 = 1
x28_4 = 1
w1 = 1
w4 = 1
