Tiempo de corrida total: 0.234629
Tiempo de corrida recorrer el arbol: 0.0794981
Valor de la funcion objetivo: 2
x10_3 = 1
x23_3 = 1
x36_3 = 1
x2_5 = 1
x22_5 = 1
w3 = 1
w5 = 1
