Tiempo de corrida total: 0.346919
Tiempo de corrida recorrer el arbol: 0.0672591
Valor de la funcion objetivo: 2
x12_10 = 1
x17_10 = 1
x18_10 = 1
x29_10 = 1
x31_10 = 1
x50_10 = 1
x3_18 = 1
x4_18 = 1
x8_18 = 1
x10_18 = 1
x14_18 = 1
x19_18 = 1
x20_18 = 1
x22_18 = 1
x28_18 = 1
x33_18 = 1
x34_18 = 1
x36_18 = 1
x46_18 = 1
x49_18 = 1
w10 = 1
w18 = 1
