Tiempo de corrida total: 3.70557
Tiempo de corrida recorrer el arbol: 2.66943
Valor de la funcion objetivo: 3
x1_4 = 1
x10_4 = 1
x16_4 = 1
x18_4 = 1
x29_4 = 1
x12_8 = 1
x14_8 = 1
x19_8 = 1
x23_8 = 1
x4_11 = 1
x5_11 = 1
x7_11 = 1
x17_11 = 1
x21_11 = 1
x25_11 = 1
w4 = 1
w8 = 1
w11 = 1
