Tiempo de corrida total: 0.705907
Tiempo de corrida recorrer el arbol: 0.568673
Valor de la funcion objetivo: 4
x12_4 = 1
x19_4 = 1
x4_5 = 1
x17_5 = 1
x5_9 = 1
x16_9 = 1
x29_9 = 1
x7_10 = 1
x18_10 = 1
x27_10 = 1
w4 = 1
w5 = 1
w9 = 1
w10 = 1
