Tiempo de corrida total: 0.0902431
Tiempo de corrida recorrer el arbol: 0.024426
Valor de la funcion objetivo: 1
x2_2 = 1
x4_2 = 1
x10_2 = 1
x11_2 = 1
x22_2 = 1
w2 = 1
