Tiempo de corrida total: 0.533461
Tiempo de corrida recorrer el arbol: 0.521104
Valor de la funcion objetivo: 2
x2_8 = 1
x14_8 = 1
x16_8 = 1
x20_8 = 1
x22_8 = 1
x23_8 = 1
x25_8 = 1
x27_8 = 1
x30_8 = 1
x1_11 = 1
x6_11 = 1
x7_11 = 1
x17_11 = 1
x18_11 = 1
x19_11 = 1
w8 = 1
w11 = 1
