Tiempo de corrida total: 0.721826
Tiempo de corrida recorrer el arbol: 0.665131
Valor de la funcion objetivo: 2
x11_10 = 1
x18_10 = 1
x24_10 = 1
x29_10 = 1
x33_10 = 1
x44_10 = 1
x46_10 = 1
x2_11 = 1
x12_11 = 1
x20_11 = 1
x25_11 = 1
x30_11 = 1
x37_11 = 1
x42_11 = 1
x48_11 = 1
w10 = 1
w11 = 1
