Tiempo de corrida total: 1.20807
Tiempo de corrida recorrer el arbol: 1.11816
Valor de la funcion objetivo: 2
x10_4 = 1
x20_4 = 1
x23_4 = 1
x27_4 = 1
x30_4 = 1
x34_4 = 1
x43_4 = 1
x49_4 = 1
x2_10 = 1
x5_10 = 1
x12_10 = 1
x17_10 = 1
x18_10 = 1
x22_10 = 1
x40_10 = 1
w4 = 1
w10 = 1
