Tiempo de corrida total: 0.124455
Tiempo de corrida recorrer el arbol: 0.0181921
Valor de la funcion objetivo: 1
x18_10 = 1
x19_10 = 1
x25_10 = 1
x33_10 = 1
x40_10 = 1
x45_10 = 1
x46_10 = 1
x48_10 = 1
x49_10 = 1
x50_10 = 1
w10 = 1
