Tiempo de corrida total: 0.335904
Tiempo de corrida recorrer el arbol: 0.297057
Valor de la funcion objetivo: 2
x3_1 = 1
x5_1 = 1
x6_1 = 1
x16_1 = 1
x26_1 = 1
x9_6 = 1
x15_6 = 1
x23_6 = 1
x27_6 = 1
x30_6 = 1
w1 = 1
w6 = 1
