Tiempo de corrida total: 0.481635
Tiempo de corrida recorrer el arbol: 0.0359612
Valor de la funcion objetivo: 5
x3_1 = 1
x14_1 = 1
x19_1 = 1
x5_4 = 1
x7_4 = 1
x23_6 = 1
x27_6 = 1
x4_8 = 1
x16_8 = 1
x8_9 = 1
w1 = 1
w4 = 1
w6 = 1
w8 = 1
w9 = 1
