Tiempo de corrida total: 2.37848
Tiempo de corrida recorrer el arbol: 2.36184
Valor de la funcion objetivo: 2
x5_1 = 1
x6_1 = 1
x10_1 = 1
x14_1 = 1
x16_1 = 1
x18_1 = 1
x20_1 = 1
x21_1 = 1
x27_1 = 1
x29_1 = 1
x31_1 = 1
x41_1 = 1
x42_1 = 1
x48_1 = 1
x3_18 = 1
x12_18 = 1
x30_18 = 1
x36_18 = 1
x38_18 = 1
x40_18 = 1
w1 = 1
w18 = 1
