Tiempo de corrida total: 0.392544
Tiempo de corrida recorrer el arbol: 0.216549
Valor de la funcion objetivo: 2
x4_10 = 1
x5_10 = 1
x17_10 = 1
x18_10 = 1
x37_10 = 1
x39_10 = 1
x6_12 = 1
x12_12 = 1
x14_12 = 1
x16_12 = 1
x20_12 = 1
x25_12 = 1
x29_12 = 1
x32_12 = 1
x40_12 = 1
w10 = 1
w12 = 1
