Tiempo de corrida total: 0.356419
Tiempo de corrida recorrer el arbol: 0.0475221
Valor de la funcion objetivo: 2
x4_4 = 1
x5_4 = 1
x24_4 = 1
x8_5 = 1
x30_5 = 1
w4 = 1
w5 = 1
