Tiempo de corrida total: 1.84335
Tiempo de corrida recorrer el arbol: 0.381768
Valor de la funcion objetivo: 2
x5_3 = 1
x8_3 = 1
x12_3 = 1
x19_3 = 1
x27_3 = 1
x41_3 = 1
x48_3 = 1
x1_15 = 1
x16_15 = 1
x26_15 = 1
x29_15 = 1
x34_15 = 1
x36_15 = 1
x42_15 = 1
x45_15 = 1
w3 = 1
w15 = 1
