Tiempo de corrida total: 0.08482
Tiempo de corrida recorrer el arbol: 0.060637
Valor de la funcion objetivo: 1
x8_1 = 1
x14_1 = 1
x18_1 = 1
x22_1 = 1
x27_1 = 1
x28_1 = 1
x29_1 = 1
x33_1 = 1
x45_1 = 1
x49_1 = 1
w1 = 1
