Tiempo de corrida total: 0.0102351
Tiempo de corrida recorrer el arbol: 0.00422692
Valor de la funcion objetivo: 1
x1_1 = 1
x5_1 = 1
x7_1 = 1
x9_1 = 1
x11_1 = 1
w1 = 1
