Tiempo de corrida total: 0.124832
Tiempo de corrida recorrer el arbol: 0.063179
Valor de la funcion objetivo: 1
x8_1 = 1
x10_1 = 1
x11_1 = 1
x12_1 = 1
x17_1 = 1
x19_1 = 1
x20_1 = 1
x26_1 = 1
x36_1 = 1
x37_1 = 1
w1 = 1
