Tiempo de corrida total: 4.77523
Tiempo de corrida recorrer el arbol: 4.30351
Valor de la funcion objetivo: 2
x5_5 = 1
x6_5 = 1
x15_5 = 1
x19_5 = 1
x29_5 = 1
x32_5 = 1
x34_5 = 1
x24_6 = 1
x25_6 = 1
x31_6 = 1
w5 = 1
w6 = 1
