Tiempo de corrida total: 0.258792
Tiempo de corrida recorrer el arbol: 0.0474479
Valor de la funcion objetivo: 2
x5_9 = 1
x7_9 = 1
x18_9 = 1
x25_9 = 1
x26_9 = 1
x27_9 = 1
x29_9 = 1
x30_9 = 1
x3_13 = 1
x4_13 = 1
x8_13 = 1
x24_13 = 1
x31_13 = 1
x34_13 = 1
x40_13 = 1
w9 = 1
w13 = 1
