Tiempo de corrida total: 0.221366
Tiempo de corrida recorrer el arbol: 0.024977
Valor de la funcion objetivo: 1
x2_4 = 1
x20_4 = 1
x27_4 = 1
x38_4 = 1
x50_4 = 1
w4 = 1
