Tiempo de corrida total: 1.56329
Tiempo de corrida recorrer el arbol: 1.55628
Valor de la funcion objetivo: 1
x10_2 = 1
x13_2 = 1
x16_2 = 1
x25_2 = 1
x32_2 = 1
x37_2 = 1
x38_2 = 1
x41_2 = 1
x42_2 = 1
x49_2 = 1
w2 = 1
