Tiempo de corrida total: 0.0143838
Tiempo de corrida recorrer el arbol: 0.00554681
Valor de la funcion objetivo: 1
x9_1 = 1
x10_1 = 1
x17_1 = 1
x19_1 = 1
x21_1 = 1
w1 = 1
