Tiempo de corrida total: 1.04534
Tiempo de corrida recorrer el arbol: 1.03524
Valor de la funcion objetivo: 2
x3_1 = 1
x6_1 = 1
x13_1 = 1
x20_1 = 1
x21_1 = 1
x33_1 = 1
x36_1 = 1
x40_1 = 1
x1_2 = 1
x2_2 = 1
x9_2 = 1
x14_2 = 1
x15_2 = 1
x16_2 = 1
x18_2 = 1
x25_2 = 1
x26_2 = 1
x28_2 = 1
x29_2 = 1
x39_2 = 1
w1 = 1
w2 = 1
