Tiempo de corrida total: 0.0406742
Tiempo de corrida recorrer el arbol: 0.0137908
Valor de la funcion objetivo: 1
x1_3 = 1
x2_3 = 1
x4_3 = 1
x12_3 = 1
x13_3 = 1
w3 = 1
