Tiempo de corrida total: 0.043988
Tiempo de corrida recorrer el arbol: 0.019522
Valor de la funcion objetivo: 1
x10_4 = 1
x13_4 = 1
x15_4 = 1
x19_4 = 1
x39_4 = 1
w4 = 1
