Tiempo de corrida total: 1.47392
Tiempo de corrida recorrer el arbol: 1.44531
Valor de la funcion objetivo: 2
x28_8 = 1
x31_8 = 1
x33_8 = 1
x2_10 = 1
x5_10 = 1
x11_10 = 1
x14_10 = 1
x19_10 = 1
x25_10 = 1
x35_10 = 1
w8 = 1
w10 = 1
