Tiempo de corrida total: 0.485175
Tiempo de corrida recorrer el arbol: 0.296057
Valor de la funcion objetivo: 3
x3_1 = 1
x4_1 = 1
x5_1 = 1
x6_1 = 1
x7_1 = 1
x21_1 = 1
x22_1 = 1
x10_2 = 1
x11_2 = 1
x14_2 = 1
x16_2 = 1
x29_2 = 1
x1_18 = 1
x12_18 = 1
x17_18 = 1
x19_18 = 1
x23_18 = 1
x26_18 = 1
x28_18 = 1
x30_18 = 1
w1 = 1
w2 = 1
w18 = 1
