Tiempo de corrida total: 0.135014
Tiempo de corrida recorrer el arbol: 0.0726399
Valor de la funcion objetivo: 1
x14_10 = 1
x17_10 = 1
x32_10 = 1
x40_10 = 1
x41_10 = 1
x43_10 = 1
x44_10 = 1
x45_10 = 1
x47_10 = 1
x49_10 = 1
w10 = 1
