Tiempo de corrida total: 0.260125
Tiempo de corrida recorrer el arbol: 0.0442979
Valor de la funcion objetivo: 2
x2_4 = 1
x11_4 = 1
x12_4 = 1
x17_4 = 1
x26_4 = 1
x27_4 = 1
x29_4 = 1
x30_4 = 1
x42_4 = 1
x44_4 = 1
x1_18 = 1
x7_18 = 1
x9_18 = 1
x13_18 = 1
x18_18 = 1
x19_18 = 1
x24_18 = 1
x36_18 = 1
x38_18 = 1
x45_18 = 1
w4 = 1
w18 = 1
