Tiempo de corrida total: 0.164366
Tiempo de corrida recorrer el arbol: 0.0570822
Valor de la funcion objetivo: 2
x2_2 = 1
x5_2 = 1
x10_2 = 1
x11_2 = 1
x16_2 = 1
x17_2 = 1
x22_2 = 1
x23_2 = 1
x25_2 = 1
x26_2 = 1
x9_14 = 1
x12_14 = 1
x13_14 = 1
x28_14 = 1
x29_14 = 1
w2 = 1
w14 = 1
