Tiempo de corrida total: 0.875024
Tiempo de corrida recorrer el arbol: 0.179814
Valor de la funcion objetivo: 2
x2_5 = 1
x7_5 = 1
x16_5 = 1
x20_5 = 1
x25_5 = 1
x3_15 = 1
x5_15 = 1
x6_15 = 1
x12_15 = 1
x22_15 = 1
x27_15 = 1
x28_15 = 1
x31_15 = 1
x33_15 = 1
x36_15 = 1
x37_15 = 1
x44_15 = 1
x48_15 = 1
x49_15 = 1
x50_15 = 1
w5 = 1
w15 = 1
