Tiempo de corrida total: 0.236567
Tiempo de corrida recorrer el arbol: 0.125206
Valor de la funcion objetivo: 3
x5_2 = 1
x20_2 = 1
x15_4 = 1
x21_4 = 1
x6_5 = 1
w2 = 1
w4 = 1
w5 = 1
