Tiempo de corrida total: 2.59842
Tiempo de corrida recorrer el arbol: 1.86454
Valor de la funcion objetivo: 2
x2_3 = 1
x7_3 = 1
x11_3 = 1
x17_3 = 1
x18_3 = 1
x20_3 = 1
x37_3 = 1
x43_3 = 1
x1_12 = 1
x5_12 = 1
x8_12 = 1
x13_12 = 1
x16_12 = 1
x49_12 = 1
x50_12 = 1
w3 = 1
w12 = 1
