Tiempo de corrida total: 0.201838
Tiempo de corrida recorrer el arbol: 0.0249279
Valor de la funcion objetivo: 2
x3_8 = 1
x5_8 = 1
x17_8 = 1
x20_8 = 1
x26_8 = 1
x33_8 = 1
x49_8 = 1
x7_10 = 1
x18_10 = 1
x21_10 = 1
x25_10 = 1
x34_10 = 1
x38_10 = 1
x41_10 = 1
x45_10 = 1
w8 = 1
w10 = 1
