Tiempo de corrida total: 0.176838
Tiempo de corrida recorrer el arbol: 0.0580859
Valor de la funcion objetivo: 1
x2_3 = 1
x7_3 = 1
x18_3 = 1
x26_3 = 1
x27_3 = 1
w3 = 1
