Tiempo de corrida total: 0.261499
Tiempo de corrida recorrer el arbol: 0.103009
Valor de la funcion objetivo: 1
x4_1 = 1
x12_1 = 1
x14_1 = 1
x22_1 = 1
x45_1 = 1
w1 = 1
