Tiempo de corrida total: 0.256846
Tiempo de corrida recorrer el arbol: 0.124034
Valor de la funcion objetivo: 2
x36_2 = 1
x38_2 = 1
x15_3 = 1
x28_3 = 1
x40_3 = 1
w2 = 1
w3 = 1
