Tiempo de corrida total: 0.410772
Tiempo de corrida recorrer el arbol: 0.122011
Valor de la funcion objetivo: 3
x3_1 = 1
x5_1 = 1
x7_1 = 1
x11_1 = 1
x14_1 = 1
x15_1 = 1
x21_1 = 1
x1_2 = 1
x4_2 = 1
x12_2 = 1
x13_2 = 1
x17_2 = 1
x29_2 = 1
x10_10 = 1
x16_10 = 1
x25_10 = 1
x26_10 = 1
x27_10 = 1
x28_10 = 1
x30_10 = 1
w1 = 1
w2 = 1
w10 = 1
