Tiempo de corrida total: 0.119827
Tiempo de corrida recorrer el arbol: 0.0611401
Valor de la funcion objetivo: 1
x35_5 = 1
x38_5 = 1
x39_5 = 1
x45_5 = 1
x49_5 = 1
w5 = 1
