Tiempo de corrida total: 0.163675
Tiempo de corrida recorrer el arbol: 0.082541
Valor de la funcion objetivo: 2
x1_9 = 1
x3_9 = 1
x10_9 = 1
x12_9 = 1
x14_9 = 1
x16_9 = 1
x19_9 = 1
x24_9 = 1
x26_9 = 1
x27_9 = 1
x29_9 = 1
x30_9 = 1
x4_10 = 1
x5_10 = 1
x9_10 = 1
x18_10 = 1
x20_10 = 1
x21_10 = 1
x23_10 = 1
x25_10 = 1
w9 = 1
w10 = 1
