Tiempo de corrida total: 0.484566
Tiempo de corrida recorrer el arbol: 0.477991
Valor de la funcion objetivo: 2
x6_2 = 1
x13_2 = 1
x20_2 = 1
x10_4 = 1
x15_4 = 1
w2 = 1
w4 = 1
