Tiempo de corrida total: 0.251378
Tiempo de corrida recorrer el arbol: 0.056272
Valor de la funcion objetivo: 2
x12_5 = 1
x17_5 = 1
x18_5 = 1
x28_5 = 1
x29_5 = 1
x33_5 = 1
x37_5 = 1
x44_5 = 1
x1_18 = 1
x14_18 = 1
x19_18 = 1
x24_18 = 1
x25_18 = 1
x26_18 = 1
x34_18 = 1
x38_18 = 1
x41_18 = 1
x48_18 = 1
x49_18 = 1
x50_18 = 1
w5 = 1
w18 = 1
