Tiempo de corrida total: 0.115487
Tiempo de corrida recorrer el arbol: 0.065515
Valor de la funcion objetivo: 1
x4_3 = 1
x5_3 = 1
x32_3 = 1
x37_3 = 1
x47_3 = 1
w3 = 1
