Tiempo de corrida total: 0.268118
Tiempo de corrida recorrer el arbol: 0.104568
Valor de la funcion objetivo: 2
x16_2 = 1
x31_2 = 1
x18_5 = 1
x25_5 = 1
x29_5 = 1
w2 = 1
w5 = 1
