Tiempo de corrida total: 2.91725
Tiempo de corrida recorrer el arbol: 2.51805
Valor de la funcion objetivo: 2
x1_9 = 1
x2_9 = 1
x3_9 = 1
x8_9 = 1
x17_9 = 1
x33_9 = 1
x10_10 = 1
x12_10 = 1
x16_10 = 1
x22_10 = 1
w9 = 1
w10 = 1
