Tiempo de corrida total: 0.148498
Tiempo de corrida recorrer el arbol: 0.139436
Valor de la funcion objetivo: 1
x1_2 = 1
x11_2 = 1
x16_2 = 1
x27_2 = 1
x30_2 = 1
w2 = 1
