Tiempo de corrida total: 0.907738
Tiempo de corrida recorrer el arbol: 0.316314
Valor de la funcion objetivo: 1
x2_1 = 1
x14_1 = 1
x17_1 = 1
x20_1 = 1
x43_1 = 1
w1 = 1
