Tiempo de corrida total: 0.144731
Tiempo de corrida recorrer el arbol: 0.127326
Valor de la funcion objetivo: 2
x1_5 = 1
x10_5 = 1
x11_5 = 1
x13_5 = 1
x22_5 = 1
x15_10 = 1
x16_10 = 1
x28_10 = 1
x29_10 = 1
x30_10 = 1
w5 = 1
w10 = 1
