Tiempo de corrida total: 0.010576
Tiempo de corrida recorrer el arbol: 0.00838399
Valor de la funcion objetivo: 1
x1_3 = 1
x13_3 = 1
x14_3 = 1
x15_3 = 1
x16_3 = 1
x18_3 = 1
x19_3 = 1
x23_3 = 1
x25_3 = 1
x32_3 = 1
w3 = 1
