Tiempo de corrida total: 0.087626
Tiempo de corrida recorrer el arbol: 0.0199981
Valor de la funcion objetivo: 2
x9_1 = 1
x10_1 = 1
x2_3 = 1
x7_3 = 1
x11_3 = 1
w1 = 1
w3 = 1
