Tiempo de corrida total: 0.329696
Tiempo de corrida recorrer el arbol: 0.296712
Valor de la funcion objetivo: 2
x24_1 = 1
x31_1 = 1
x1_5 = 1
x5_5 = 1
x6_5 = 1
w1 = 1
w5 = 1
