Tiempo de corrida total: 0.250283
Tiempo de corrida recorrer el arbol: 0.060822
Valor de la funcion objetivo: 2
x1_11 = 1
x3_11 = 1
x10_11 = 1
x2_12 = 1
x5_12 = 1
x6_12 = 1
x11_12 = 1
x17_12 = 1
x18_12 = 1
x21_12 = 1
x31_12 = 1
x36_12 = 1
x37_12 = 1
x38_12 = 1
x40_12 = 1
w11 = 1
w12 = 1
