Tiempo de corrida total: 0.215621
Tiempo de corrida recorrer el arbol: 0.057338
Valor de la funcion objetivo: 4
x1_15 = 1
x12_15 = 1
x20_15 = 1
x21_15 = 1
x3_16 = 1
x4_16 = 1
x5_16 = 1
x16_16 = 1
x18_16 = 1
x27_16 = 1
x15_17 = 1
x23_17 = 1
x24_17 = 1
x30_17 = 1
x10_18 = 1
x11_18 = 1
x19_18 = 1
x22_18 = 1
x25_18 = 1
x29_18 = 1
w15 = 1
w16 = 1
w17 = 1
w18 = 1
