Tiempo de corrida total: 0.0580001
Tiempo de corrida recorrer el arbol: 0.010978
Valor de la funcion objetivo: 1
x13_4 = 1
x23_4 = 1
x25_4 = 1
x28_4 = 1
x30_4 = 1
w4 = 1
