Tiempo de corrida total: 0.0940509
Tiempo de corrida recorrer el arbol: 0.014549
Valor de la funcion objetivo: 1
x42_3 = 1
x46_3 = 1
x48_3 = 1
x49_3 = 1
x50_3 = 1
w3 = 1
