Tiempo de corrida total: 0.205449
Tiempo de corrida recorrer el arbol: 0.182326
Valor de la funcion objetivo: 2
x9_11 = 1
x14_11 = 1
x17_11 = 1
x21_11 = 1
x27_11 = 1
x29_11 = 1
x31_11 = 1
x4_13 = 1
x7_13 = 1
x18_13 = 1
x20_13 = 1
x26_13 = 1
x32_13 = 1
x38_13 = 1
x40_13 = 1
w11 = 1
w13 = 1
