Tiempo de corrida total: 0.55368
Tiempo de corrida recorrer el arbol: 0.071739
Valor de la funcion objetivo: 5
x16_1 = 1
x18_1 = 1
x14_3 = 1
x23_4 = 1
x30_4 = 1
x12_7 = 1
x21_7 = 1
x2_9 = 1
x28_9 = 1
x29_9 = 1
w1 = 1
w3 = 1
w4 = 1
w7 = 1
w9 = 1
