Tiempo de corrida total: 0.129746
Tiempo de corrida recorrer el arbol: 0.0240149
Valor de la funcion objetivo: 1
x3_1 = 1
x4_1 = 1
x5_1 = 1
x15_1 = 1
x18_1 = 1
w1 = 1
