Tiempo de corrida total: 1.84344
Tiempo de corrida recorrer el arbol: 0.657989
Valor de la funcion objetivo: 2
x26_2 = 1
x28_2 = 1
x30_2 = 1
x39_2 = 1
x2_4 = 1
x4_4 = 1
x21_4 = 1
x23_4 = 1
x31_4 = 1
x38_4 = 1
w2 = 1
w4 = 1
