Tiempo de corrida total: 0.15918
Tiempo de corrida recorrer el arbol: 0.134736
Valor de la funcion objetivo: 2
x9_5 = 1
x11_5 = 1
x12_5 = 1
x15_5 = 1
x30_5 = 1
x6_6 = 1
x10_6 = 1
x23_6 = 1
x28_6 = 1
x29_6 = 1
w5 = 1
w6 = 1
