Tiempo de corrida total: 0.02105
Tiempo de corrida recorrer el arbol: 0.00725484
Valor de la funcion objetivo: 1
x2_3 = 1
x5_3 = 1
x12_3 = 1
x30_3 = 1
x32_3 = 1
w3 = 1
