Tiempo de corrida total: 0.0894332
Tiempo de corrida recorrer el arbol: 0.083497
Valor de la funcion objetivo: 2
x15_1 = 1
x16_1 = 1
x28_1 = 1
x29_1 = 1
x30_1 = 1
x1_9 = 1
x8_9 = 1
x10_9 = 1
x22_9 = 1
x27_9 = 1
w1 = 1
w9 = 1
