Tiempo de corrida total: 1.04852
Tiempo de corrida recorrer el arbol: 1.03351
Valor de la funcion objetivo: 3
x8_2 = 1
x14_2 = 1
x22_2 = 1
x11_5 = 1
x13_5 = 1
x27_5 = 1
x7_7 = 1
x10_7 = 1
x18_7 = 1
x19_7 = 1
w2 = 1
w5 = 1
w7 = 1
