Tiempo de corrida total: 0.0258551
Tiempo de corrida recorrer el arbol: 0.00622821
Valor de la funcion objetivo: 1
x22_1 = 1
x31_1 = 1
x32_1 = 1
x36_1 = 1
x39_1 = 1
w1 = 1
