Tiempo de corrida total: 0.740881
Tiempo de corrida recorrer el arbol: 0.694761
Valor de la funcion objetivo: 2
x13_1 = 1
x17_1 = 1
x24_1 = 1
x9_5 = 1
x15_5 = 1
w1 = 1
w5 = 1
