Tiempo de corrida total: 0.0494659
Tiempo de corrida recorrer el arbol: 0.010628
Valor de la funcion objetivo: 1
x1_2 = 1
x3_2 = 1
x6_2 = 1
x20_2 = 1
x23_2 = 1
w2 = 1
