Tiempo de corrida total: 0.031009
Tiempo de corrida recorrer el arbol: 0.008955
Valor de la funcion objetivo: 1
x8_2 = 1
x19_2 = 1
x31_2 = 1
x32_2 = 1
x38_2 = 1
w2 = 1
