Tiempo de corrida total: 0.0137222
Tiempo de corrida recorrer el arbol: 0.00572991
Valor de la funcion objetivo: 1
x1_10 = 1
x2_10 = 1
x5_10 = 1
x12_10 = 1
x14_10 = 1
x16_10 = 1
x17_10 = 1
x21_10 = 1
x25_10 = 1
x27_10 = 1
w10 = 1
