Tiempo de corrida total: 2.88311
Tiempo de corrida recorrer el arbol: 0.159794
Valor de la funcion objetivo: 2
x7_4 = 1
x19_4 = 1
x21_4 = 1
x27_4 = 1
x30_4 = 1
x33_4 = 1
x42_4 = 1
x43_4 = 1
x47_4 = 1
x15_8 = 1
x23_8 = 1
x32_8 = 1
x41_8 = 1
x44_8 = 1
x46_8 = 1
w4 = 1
w8 = 1
