Tiempo de corrida total: 1.86253
Tiempo de corrida recorrer el arbol: 0.543128
Valor de la funcion objetivo: 5
x1_5 = 1
x12_5 = 1
x24_5 = 1
x25_5 = 1
x4_7 = 1
x28_7 = 1
x5_9 = 1
x15_9 = 1
x20_9 = 1
x13_11 = 1
x14_11 = 1
x18_11 = 1
x3_13 = 1
x6_13 = 1
x26_13 = 1
w5 = 1
w7 = 1
w9 = 1
w11 = 1
w13 = 1
