Tiempo de corrida total: 0.267649
Tiempo de corrida recorrer el arbol: 0.104287
Valor de la funcion objetivo: 1
x16_4 = 1
x19_4 = 1
x25_4 = 1
x34_4 = 1
x45_4 = 1
w4 = 1
