Tiempo de corrida total: 3.46984
Tiempo de corrida recorrer el arbol: 3.46658
Valor de la funcion objetivo: 3
x1_1 = 1
x3_1 = 1
x4_1 = 1
x5_1 = 1
x7_1 = 1
x12_1 = 1
x24_1 = 1
x28_1 = 1
x8_2 = 1
x11_2 = 1
x13_2 = 1
x14_2 = 1
x25_2 = 1
x20_3 = 1
x30_3 = 1
w1 = 1
w2 = 1
w3 = 1
