Tiempo de corrida total: 0.198907
Tiempo de corrida recorrer el arbol: 0.18765
Valor de la funcion objetivo: 2
x6_4 = 1
x9_4 = 1
x12_4 = 1
x13_4 = 1
x30_4 = 1
x1_5 = 1
x8_5 = 1
x17_5 = 1
x23_5 = 1
x25_5 = 1
w4 = 1
w5 = 1
