Tiempo de corrida total: 0.0226221
Tiempo de corrida recorrer el arbol: 0.0177212
Valor de la funcion objetivo: 1
x1_1 = 1
x4_1 = 1
x5_1 = 1
x32_1 = 1
x47_1 = 1
w1 = 1
