Tiempo de corrida total: 0.885149
Tiempo de corrida recorrer el arbol: 0.602118
Valor de la funcion objetivo: 2
x24_5 = 1
x31_5 = 1
x32_5 = 1
x38_5 = 1
x4_7 = 1
x7_7 = 1
x10_7 = 1
x22_7 = 1
x36_7 = 1
x40_7 = 1
w5 = 1
w7 = 1
