Tiempo de corrida total: 0.0255699
Tiempo de corrida recorrer el arbol: 0.00505781
Valor de la funcion objetivo: 1
x21_5 = 1
x22_5 = 1
x25_5 = 1
x26_5 = 1
x30_5 = 1
w5 = 1
