Tiempo de corrida total: 0.057802
Tiempo de corrida recorrer el arbol: 0.00851488
Valor de la funcion objetivo: 2
x1_10 = 1
x3_10 = 1
x5_10 = 1
x10_10 = 1
x17_10 = 1
x20_10 = 1
x24_10 = 1
x28_10 = 1
x2_12 = 1
x4_12 = 1
x9_12 = 1
x18_12 = 1
x19_12 = 1
x23_12 = 1
x27_12 = 1
w10 = 1
w12 = 1
