Tiempo de corrida total: 1.19339
Tiempo de corrida recorrer el arbol: 0.359627
Valor de la funcion objetivo: 2
x5_1 = 1
x12_1 = 1
x13_1 = 1
x21_1 = 1
x29_1 = 1
x36_1 = 1
x16_9 = 1
x28_9 = 1
x35_9 = 1
x37_9 = 1
w1 = 1
w9 = 1
