Tiempo de corrida total: 0.776988
Tiempo de corrida recorrer el arbol: 0.771435
Valor de la funcion objetivo: 2
x1_1 = 1
x2_1 = 1
x3_1 = 1
x4_1 = 1
x6_1 = 1
x9_1 = 1
x13_1 = 1
x14_1 = 1
x16_1 = 1
x18_1 = 1
x20_1 = 1
x23_1 = 1
x25_1 = 1
x28_1 = 1
x19_2 = 1
w1 = 1
w2 = 1
