Tiempo de corrida total: 0.0708849
Tiempo de corrida recorrer el arbol: 0.0152321
Valor de la funcion objetivo: 2
x5_7 = 1
x10_7 = 1
x11_7 = 1
x12_7 = 1
x17_7 = 1
x25_7 = 1
x28_7 = 1
x30_7 = 1
x3_12 = 1
x4_12 = 1
x8_12 = 1
x16_12 = 1
x18_12 = 1
x20_12 = 1
x29_12 = 1
w7 = 1
w12 = 1
