Tiempo de corrida total: 0.990065
Tiempo de corrida recorrer el arbol: 0.339339
Valor de la funcion objetivo: 2
x5_2 = 1
x11_2 = 1
x13_2 = 1
x15_2 = 1
x24_2 = 1
x39_2 = 1
x16_10 = 1
x18_10 = 1
x22_10 = 1
x29_10 = 1
x32_10 = 1
x35_10 = 1
x36_10 = 1
x37_10 = 1
x40_10 = 1
w2 = 1
w10 = 1
