Tiempo de corrida total: 0.425627
Tiempo de corrida recorrer el arbol: 0.088479
Valor de la funcion objetivo: 2
x15_7 = 1
x16_7 = 1
x20_7 = 1
x21_7 = 1
x23_7 = 1
x30_7 = 1
x33_7 = 1
x35_7 = 1
x40_7 = 1
x10_9 = 1
x12_9 = 1
x25_9 = 1
x31_9 = 1
x32_9 = 1
x39_9 = 1
w7 = 1
w9 = 1
