Tiempo de corrida total: 0.043942
Tiempo de corrida recorrer el arbol: 0.00956321
Valor de la funcion objetivo: 1
x43_4 = 1
x44_4 = 1
x46_4 = 1
x48_4 = 1
x50_4 = 1
w4 = 1
