Tiempo de corrida total: 0.0503671
Tiempo de corrida recorrer el arbol: 0.010396
Valor de la funcion objetivo: 1
x1_2 = 1
x2_2 = 1
x3_2 = 1
x4_2 = 1
x38_2 = 1
w2 = 1
