Tiempo de corrida total: 0.023946
Tiempo de corrida recorrer el arbol: 0.020571
Valor de la funcion objetivo: 1
x1_1 = 1
x3_1 = 1
x15_1 = 1
x27_1 = 1
x33_1 = 1
w1 = 1
