Tiempo de corrida total: 0.202826
Tiempo de corrida recorrer el arbol: 0.11153
Valor de la funcion objetivo: 1
x6_11 = 1
x8_11 = 1
x10_11 = 1
x22_11 = 1
x30_11 = 1
x31_11 = 1
x33_11 = 1
x36_11 = 1
x37_11 = 1
x39_11 = 1
x40_11 = 1
x43_11 = 1
x45_11 = 1
x46_11 = 1
x48_11 = 1
w11 = 1
