Tiempo de corrida total: 5.46952
Tiempo de corrida recorrer el arbol: 5.03821
Valor de la funcion objetivo: 4
x1_1 = 1
x18_1 = 1
x19_1 = 1
x20_1 = 1
x25_1 = 1
x16_10 = 1
x17_10 = 1
x23_10 = 1
x27_10 = 1
x3_12 = 1
x8_12 = 1
x10_12 = 1
x14_13 = 1
x29_13 = 1
x30_13 = 1
w1 = 1
w10 = 1
w12 = 1
w13 = 1
