Tiempo de corrida total: 1.95293
Tiempo de corrida recorrer el arbol: 1.71634
Valor de la funcion objetivo: 5
x7_3 = 1
x18_3 = 1
x3_4 = 1
x14_4 = 1
x5_5 = 1
x22_5 = 1
x10_7 = 1
x13_7 = 1
x12_9 = 1
x21_9 = 1
w3 = 1
w4 = 1
w5 = 1
w7 = 1
w9 = 1
