Tiempo de corrida total: 0.0382779
Tiempo de corrida recorrer el arbol: 0.019438
Valor de la funcion objetivo: 1
x2_5 = 1
x7_5 = 1
x8_5 = 1
x20_5 = 1
x43_5 = 1
w5 = 1
