Tiempo de corrida total: 0.089777
Tiempo de corrida recorrer el arbol: 0.037755
Valor de la funcion objetivo: 1
x3_4 = 1
x8_4 = 1
x19_4 = 1
x20_4 = 1
x23_4 = 1
w4 = 1
