Tiempo de corrida total: 0.404731
Tiempo de corrida recorrer el arbol: 0.0762548
Valor de la funcion objetivo: 2
x7_1 = 1
x32_1 = 1
x3_3 = 1
x15_3 = 1
x28_3 = 1
w1 = 1
w3 = 1
