Tiempo de corrida total: 0.972954
Tiempo de corrida recorrer el arbol: 0.964038
Valor de la funcion objetivo: 2
x1_1 = 1
x7_1 = 1
x9_1 = 1
x12_1 = 1
x19_1 = 1
x24_1 = 1
x26_1 = 1
x31_1 = 1
x32_1 = 1
x36_1 = 1
x40_1 = 1
x5_20 = 1
x13_20 = 1
x17_20 = 1
x21_20 = 1
x23_20 = 1
x28_20 = 1
x33_20 = 1
x34_20 = 1
x37_20 = 1
w1 = 1
w20 = 1
