Tiempo de corrida total: 0.239816
Tiempo de corrida recorrer el arbol: 0.100437
Valor de la funcion objetivo: 1
x1_5 = 1
x9_5 = 1
x12_5 = 1
x36_5 = 1
x46_5 = 1
w5 = 1
