Tiempo de corrida total: 0.424958
Tiempo de corrida recorrer el arbol: 0.419104
Valor de la funcion objetivo: 2
x1_1 = 1
x2_1 = 1
x3_1 = 1
x4_1 = 1
x6_1 = 1
x13_1 = 1
x14_1 = 1
x16_1 = 1
x19_1 = 1
x23_1 = 1
x26_1 = 1
x11_2 = 1
x17_2 = 1
x20_2 = 1
x27_2 = 1
w1 = 1
w2 = 1
