Tiempo de corrida total: 8.61801
Tiempo de corrida recorrer el arbol: 7.97695
Valor de la funcion objetivo: 2
x6_6 = 1
x13_6 = 1
x15_6 = 1
x17_6 = 1
x23_6 = 1
x30_6 = 1
x31_6 = 1
x46_6 = 1
x1_15 = 1
x19_15 = 1
x33_15 = 1
x35_15 = 1
x43_15 = 1
x45_15 = 1
x47_15 = 1
w6 = 1
w15 = 1
