Tiempo de corrida total: 0.775529
Tiempo de corrida recorrer el arbol: 0.187724
Valor de la funcion objetivo: 1
x4_3 = 1
x10_3 = 1
x13_3 = 1
x22_3 = 1
x27_3 = 1
x37_3 = 1
x41_3 = 1
x42_3 = 1
x47_3 = 1
x49_3 = 1
w3 = 1
