Tiempo de corrida total: 0.0438569
Tiempo de corrida recorrer el arbol: 0.00679708
Valor de la funcion objetivo: 1
x1_4 = 1
x4_4 = 1
x5_4 = 1
x8_4 = 1
x39_4 = 1
w4 = 1
