Tiempo de corrida total: 0.119972
Tiempo de corrida recorrer el arbol: 0.027775
Valor de la funcion objetivo: 1
x5_8 = 1
x6_8 = 1
x12_8 = 1
x14_8 = 1
x15_8 = 1
x18_8 = 1
x20_8 = 1
x38_8 = 1
x41_8 = 1
x44_8 = 1
w8 = 1
