Tiempo de corrida total: 2.32732
Tiempo de corrida recorrer el arbol: 2.27911
Valor de la funcion objetivo: 3
x3_3 = 1
x4_3 = 1
x20_3 = 1
x21_3 = 1
x28_3 = 1
x1_7 = 1
x2_7 = 1
x6_7 = 1
x9_7 = 1
x26_7 = 1
x30_7 = 1
x11_13 = 1
x18_13 = 1
x23_13 = 1
x25_13 = 1
w3 = 1
w7 = 1
w13 = 1
