Tiempo de corrida total: 1.13469
Tiempo de corrida recorrer el arbol: 1.10581
Valor de la funcion objetivo: 2
x22_4 = 1
x29_4 = 1
x50_4 = 1
x8_15 = 1
x16_15 = 1
x30_15 = 1
x31_15 = 1
x32_15 = 1
x34_15 = 1
x36_15 = 1
x37_15 = 1
x38_15 = 1
x40_15 = 1
x41_15 = 1
x45_15 = 1
w4 = 1
w15 = 1
