Tiempo de corrida total: 0.269206
Tiempo de corrida recorrer el arbol: 0.256268
Valor de la funcion objetivo: 2
x23_3 = 1
x27_3 = 1
x13_4 = 1
x19_4 = 1
x25_4 = 1
w3 = 1
w4 = 1
