Tiempo de corrida total: 0.103026
Tiempo de corrida recorrer el arbol: 0.0654449
Valor de la funcion objetivo: 1
x10_5 = 1
x13_5 = 1
x14_5 = 1
x16_5 = 1
x20_5 = 1
x27_5 = 1
x33_5 = 1
x37_5 = 1
x39_5 = 1
x40_5 = 1
x41_5 = 1
x44_5 = 1
x48_5 = 1
x49_5 = 1
x50_5 = 1
w5 = 1
