Tiempo de corrida total: 0.47456
Tiempo de corrida recorrer el arbol: 0.459268
Valor de la funcion objetivo: 2
x9_9 = 1
x21_9 = 1
x34_9 = 1
x36_9 = 1
x37_9 = 1
x5_10 = 1
x12_10 = 1
x16_10 = 1
x29_10 = 1
x39_10 = 1
w9 = 1
w10 = 1
