Tiempo de corrida total: 0.500736
Tiempo de corrida recorrer el arbol: 0.138762
Valor de la funcion objetivo: 2
x8_2 = 1
x18_2 = 1
x20_2 = 1
x13_4 = 1
x21_4 = 1
w2 = 1
w4 = 1
