Tiempo de corrida total: 0.146295
Tiempo de corrida recorrer el arbol: 0.096045
Valor de la funcion objetivo: 1
x2_4 = 1
x13_4 = 1
x14_4 = 1
x24_4 = 1
x45_4 = 1
w4 = 1
