Tiempo de corrida total: 5.89495
Tiempo de corrida recorrer el arbol: 5.64176
Valor de la funcion objetivo: 4
x15_3 = 1
x29_3 = 1
x30_3 = 1
x11_8 = 1
x25_8 = 1
x2_9 = 1
x10_9 = 1
x18_9 = 1
x14_10 = 1
x26_10 = 1
w3 = 1
w8 = 1
w9 = 1
w10 = 1
