Tiempo de corrida total: 3.83433
Tiempo de corrida recorrer el arbol: 3.31362
Valor de la funcion objetivo: 2
x3_7 = 1
x22_7 = 1
x27_7 = 1
x28_7 = 1
x38_7 = 1
x39_7 = 1
x4_8 = 1
x7_8 = 1
x16_8 = 1
x35_8 = 1
w7 = 1
w8 = 1
