Tiempo de corrida total: 0.407316
Tiempo de corrida recorrer el arbol: 0.371311
Valor de la funcion objetivo: 2
x3_6 = 1
x7_6 = 1
x12_6 = 1
x14_6 = 1
x36_6 = 1
x5_8 = 1
x19_8 = 1
x28_8 = 1
x29_8 = 1
x32_8 = 1
w6 = 1
w8 = 1
