Tiempo de corrida total: 2.29276
Tiempo de corrida recorrer el arbol: 1.46643
Valor de la funcion objetivo: 2
x1_3 = 1
x25_3 = 1
x36_3 = 1
x40_3 = 1
x5_10 = 1
x12_10 = 1
x13_10 = 1
x16_10 = 1
x20_10 = 1
x30_10 = 1
w3 = 1
w10 = 1
