Tiempo de corrida total: 2.36567
Tiempo de corrida recorrer el arbol: 1.56095
Valor de la funcion objetivo: 3
x2_3 = 1
x6_3 = 1
x3_5 = 1
x7_5 = 1
x37_5 = 1
x40_5 = 1
x8_6 = 1
x20_6 = 1
x33_6 = 1
x36_6 = 1
w3 = 1
w5 = 1
w6 = 1
