Tiempo de corrida total: 0.873183
Tiempo de corrida recorrer el arbol: 0.853115
Valor de la funcion objetivo: 2
x11_7 = 1
x12_7 = 1
x21_7 = 1
x28_7 = 1
x3_15 = 1
x4_15 = 1
x7_15 = 1
x13_15 = 1
x14_15 = 1
x20_15 = 1
x22_15 = 1
x25_15 = 1
x27_15 = 1
x29_15 = 1
x34_15 = 1
w7 = 1
w15 = 1
