Tiempo de corrida total: 0.483458
Tiempo de corrida recorrer el arbol: 0.418794
Valor de la funcion objetivo: 1
x6_5 = 1
x10_5 = 1
x16_5 = 1
x22_5 = 1
x24_5 = 1
x25_5 = 1
x29_5 = 1
x32_5 = 1
x36_5 = 1
x48_5 = 1
w5 = 1
