Tiempo de corrida total: 0.202529
Tiempo de corrida recorrer el arbol: 0.147991
Valor de la funcion objetivo: 3
x15_1 = 1
x20_1 = 1
x12_2 = 1
x21_2 = 1
x3_3 = 1
w1 = 1
w2 = 1
w3 = 1
