Tiempo de corrida total: 0.162371
Tiempo de corrida recorrer el arbol: 0.143326
Valor de la funcion objetivo: 1
x9_3 = 1
x22_3 = 1
x24_3 = 1
x27_3 = 1
x28_3 = 1
w3 = 1
