Tiempo de corrida total: 0.0360169
Tiempo de corrida recorrer el arbol: 0.0217049
Valor de la funcion objetivo: 1
x3_4 = 1
x4_4 = 1
x8_4 = 1
x10_4 = 1
x15_4 = 1
w4 = 1
