Tiempo de corrida total: 0.00755692
Tiempo de corrida recorrer el arbol: 0.00588179
Valor de la funcion objetivo: 1
x1_1 = 1
x2_1 = 1
x4_1 = 1
x6_1 = 1
x11_1 = 1
w1 = 1
