Tiempo de corrida total: 0.102966
Tiempo de corrida recorrer el arbol: 0.0254159
Valor de la funcion objetivo: 2
x8_1 = 1
x16_1 = 1
x1_3 = 1
x7_3 = 1
x28_3 = 1
w1 = 1
w3 = 1
