Tiempo de corrida total: 1.43901
Tiempo de corrida recorrer el arbol: 0.698135
Valor de la funcion objetivo: 2
x1_2 = 1
x24_2 = 1
x43_2 = 1
x50_2 = 1
x7_3 = 1
x17_3 = 1
x23_3 = 1
x35_3 = 1
x38_3 = 1
x46_3 = 1
w2 = 1
w3 = 1
