Tiempo de corrida total: 2.95412
Tiempo de corrida recorrer el arbol: 2.70557
Valor de la funcion objetivo: 2
x30_1 = 1
x17_2 = 1
x29_2 = 1
x32_2 = 1
x40_2 = 1
w1 = 1
w2 = 1
