Tiempo de corrida total: 0.237805
Tiempo de corrida recorrer el arbol: 0.22792
Valor de la funcion objetivo: 2
x1_1 = 1
x2_1 = 1
x7_1 = 1
x16_1 = 1
x23_1 = 1
x25_1 = 1
x8_15 = 1
x9_15 = 1
x15_15 = 1
x17_15 = 1
x18_15 = 1
x21_15 = 1
x22_15 = 1
x27_15 = 1
x30_15 = 1
w1 = 1
w15 = 1
