Tiempo de corrida total: 0.126185
Tiempo de corrida recorrer el arbol: 0.0388281
Valor de la funcion objetivo: 2
x1_1 = 1
x9_1 = 1
x16_1 = 1
x24_1 = 1
x25_1 = 1
x27_1 = 1
x29_1 = 1
x30_1 = 1
x2_19 = 1
x3_19 = 1
x5_19 = 1
x6_19 = 1
x8_19 = 1
x11_19 = 1
x12_19 = 1
x14_19 = 1
x19_19 = 1
x23_19 = 1
x26_19 = 1
x28_19 = 1
w1 = 1
w19 = 1
