Tiempo de corrida total: 0.0135181
Tiempo de corrida recorrer el arbol: 0.0059998
Valor de la funcion objetivo: 1
x1_3 = 1
x6_3 = 1
x9_3 = 1
x10_3 = 1
x11_3 = 1
w3 = 1
