Tiempo de corrida total: 1.24223
Tiempo de corrida recorrer el arbol: 1.23634
Valor de la funcion objetivo: 2
x5_9 = 1
x6_9 = 1
x18_9 = 1
x27_9 = 1
x16_10 = 1
x19_10 = 1
x22_10 = 1
x26_10 = 1
x28_10 = 1
x30_10 = 1
w9 = 1
w10 = 1
