Tiempo de corrida total: 0.301891
Tiempo de corrida recorrer el arbol: 0.290291
Valor de la funcion objetivo: 2
x3_6 = 1
x29_6 = 1
x2_10 = 1
x9_10 = 1
x11_10 = 1
x13_10 = 1
x16_10 = 1
x17_10 = 1
x18_10 = 1
x20_10 = 1
w6 = 1
w10 = 1
