Tiempo de corrida total: 0.0351849
Tiempo de corrida recorrer el arbol: 0.0195649
Valor de la funcion objetivo: 1
x11_2 = 1
x13_2 = 1
x22_2 = 1
x28_2 = 1
x29_2 = 1
w2 = 1
