Tiempo de corrida total: 0.673325
Tiempo de corrida recorrer el arbol: 0.660009
Valor de la funcion objetivo: 2
x3_1 = 1
x15_1 = 1
x28_1 = 1
x16_4 = 1
x31_4 = 1
w1 = 1
w4 = 1
