Tiempo de corrida total: 0.104702
Tiempo de corrida recorrer el arbol: 0.0112782
Valor de la funcion objetivo: 2
x2_6 = 1
x5_6 = 1
x10_6 = 1
x11_6 = 1
x16_6 = 1
x17_6 = 1
x22_6 = 1
x23_6 = 1
x25_6 = 1
x3_15 = 1
x6_15 = 1
x18_15 = 1
x28_15 = 1
x29_15 = 1
x30_15 = 1
w6 = 1
w15 = 1
