Tiempo de corrida total: 0.321526
Tiempo de corrida recorrer el arbol: 0.316862
Valor de la funcion objetivo: 3
x3_1 = 1
x10_1 = 1
x18_1 = 1
x22_1 = 1
x26_1 = 1
x7_4 = 1
x29_4 = 1
x16_8 = 1
x19_8 = 1
x30_8 = 1
w1 = 1
w4 = 1
w8 = 1
