Tiempo de corrida total: 0.149796
Tiempo de corrida recorrer el arbol: 0.090477
Valor de la funcion objetivo: 1
x6_2 = 1
x21_2 = 1
x22_2 = 1
x30_2 = 1
x34_2 = 1
w2 = 1
