Tiempo de corrida total: 2.31905
Tiempo de corrida recorrer el arbol: 2.11179
Valor de la funcion objetivo: 6
x10_1 = 1
x26_1 = 1
x30_2 = 1
x2_3 = 1
x1_4 = 1
x18_4 = 1
x19_4 = 1
x3_7 = 1
x12_7 = 1
x9_9 = 1
w1 = 1
w2 = 1
w3 = 1
w4 = 1
w7 = 1
w9 = 1
