Tiempo de corrida total: 0.108879
Tiempo de corrida recorrer el arbol: 0.020519
Valor de la funcion objetivo: 1
x4_4 = 1
x5_4 = 1
x8_4 = 1
x11_4 = 1
x12_4 = 1
x17_4 = 1
x20_4 = 1
x35_4 = 1
x36_4 = 1
x43_4 = 1
w4 = 1
