Tiempo de corrida total: 0.754058
Tiempo de corrida recorrer el arbol: 0.710493
Valor de la funcion objetivo: 2
x2_9 = 1
x10_9 = 1
x11_9 = 1
x13_9 = 1
x19_9 = 1
x22_9 = 1
x24_9 = 1
x35_9 = 1
x36_9 = 1
x38_9 = 1
x4_15 = 1
x7_15 = 1
x32_15 = 1
x37_15 = 1
x39_15 = 1
w9 = 1
w15 = 1
