Tiempo de corrida total: 0.60263
Tiempo de corrida recorrer el arbol: 0.097307
Valor de la funcion objetivo: 3
x5_9 = 1
x11_9 = 1
x13_9 = 1
x19_9 = 1
x20_9 = 1
x27_9 = 1
x3_12 = 1
x9_12 = 1
x12_12 = 1
x14_12 = 1
x17_12 = 1
x23_12 = 1
x24_12 = 1
x1_17 = 1
x4_17 = 1
x10_17 = 1
x15_17 = 1
x16_17 = 1
x18_17 = 1
x25_17 = 1
w9 = 1
w12 = 1
w17 = 1
