Tiempo de corrida total: 2.67351
Tiempo de corrida recorrer el arbol: 2.57097
Valor de la funcion objetivo: 2
x4_1 = 1
x16_1 = 1
x40_1 = 1
x3_3 = 1
x7_3 = 1
x11_3 = 1
x19_3 = 1
x20_3 = 1
x27_3 = 1
x30_3 = 1
w1 = 1
w3 = 1
