Tiempo de corrida total: 0.250598
Tiempo de corrida recorrer el arbol: 0.24514
Valor de la funcion objetivo: 2
x4_13 = 1
x19_13 = 1
x23_13 = 1
x27_13 = 1
x29_13 = 1
x30_13 = 1
x1_14 = 1
x5_14 = 1
x6_14 = 1
x10_14 = 1
x11_14 = 1
x12_14 = 1
x16_14 = 1
x18_14 = 1
x25_14 = 1
w13 = 1
w14 = 1
