Tiempo de corrida total: 0.164167
Tiempo de corrida recorrer el arbol: 0.0327539
Valor de la funcion objetivo: 2
x4_16 = 1
x5_16 = 1
x6_16 = 1
x9_16 = 1
x12_16 = 1
x13_16 = 1
x19_16 = 1
x21_16 = 1
x25_16 = 1
x28_16 = 1
x1_17 = 1
x8_17 = 1
x10_17 = 1
x14_17 = 1
x16_17 = 1
x22_17 = 1
x24_17 = 1
x27_17 = 1
x29_17 = 1
x30_17 = 1
w16 = 1
w17 = 1
