Tiempo de corrida total: 0.0164709
Tiempo de corrida recorrer el arbol: 0.0134351
Valor de la funcion objetivo: 1
x1_1 = 1
x2_1 = 1
x5_1 = 1
x8_1 = 1
x9_1 = 1
w1 = 1
