Tiempo de corrida total: 0.098489
Tiempo de corrida recorrer el arbol: 0.0499141
Valor de la funcion objetivo: 1
x3_5 = 1
x13_5 = 1
x17_5 = 1
x18_5 = 1
x26_5 = 1
w5 = 1
