Tiempo de corrida total: 0.140084
Tiempo de corrida recorrer el arbol: 0.020257
Valor de la funcion objetivo: 1
x3_1 = 1
x4_1 = 1
x5_1 = 1
x14_1 = 1
x27_1 = 1
w1 = 1
