Tiempo de corrida total: 0.0345449
Tiempo de corrida recorrer el arbol: 0.0136321
Valor de la funcion objetivo: 1
x1_2 = 1
x10_2 = 1
x11_2 = 1
x24_2 = 1
x25_2 = 1
x26_2 = 1
x27_2 = 1
x30_2 = 1
x31_2 = 1
x32_2 = 1
x35_2 = 1
x40_2 = 1
x43_2 = 1
x46_2 = 1
x48_2 = 1
w2 = 1
