Tiempo de corrida total: 1.08329
Tiempo de corrida recorrer el arbol: 1.07339
Valor de la funcion objetivo: 2
x1_1 = 1
x2_1 = 1
x4_1 = 1
x5_1 = 1
x7_1 = 1
x8_1 = 1
x9_1 = 1
x13_1 = 1
x15_1 = 1
x18_1 = 1
x21_1 = 1
x23_1 = 1
x26_1 = 1
x28_1 = 1
x34_1 = 1
x36_1 = 1
x20_2 = 1
x27_2 = 1
x32_2 = 1
x40_2 = 1
w1 = 1
w2 = 1
