Tiempo de corrida total: 0.776396
Tiempo de corrida recorrer el arbol: 0.767045
Valor de la funcion objetivo: 2
x7_1 = 1
x9_1 = 1
x17_1 = 1
x20_1 = 1
x22_1 = 1
x23_1 = 1
x25_1 = 1
x2_20 = 1
x3_20 = 1
x4_20 = 1
x5_20 = 1
x10_20 = 1
x13_20 = 1
x14_20 = 1
x16_20 = 1
x18_20 = 1
x19_20 = 1
x26_20 = 1
x28_20 = 1
x30_20 = 1
w1 = 1
w20 = 1
