Tiempo de corrida total: 0.0417881
Tiempo de corrida recorrer el arbol: 0.0124371
Valor de la funcion objetivo: 1
x2_4 = 1
x8_4 = 1
x13_4 = 1
x23_4 = 1
x28_4 = 1
w4 = 1
