Tiempo de corrida total: 0.0142961
Tiempo de corrida recorrer el arbol: 0.010911
Valor de la funcion objetivo: 1
x2_4 = 1
x3_4 = 1
x5_4 = 1
x10_4 = 1
x16_4 = 1
x17_4 = 1
x18_4 = 1
x20_4 = 1
x24_4 = 1
x30_4 = 1
w4 = 1
