Tiempo de corrida total: 8.02843
Tiempo de corrida recorrer el arbol: 7.92833
Valor de la funcion objetivo: 2
x10_4 = 1
x12_4 = 1
x16_4 = 1
x27_4 = 1
x9_7 = 1
x18_7 = 1
x29_7 = 1
x31_7 = 1
x38_7 = 1
x39_7 = 1
w4 = 1
w7 = 1
