Tiempo de corrida total: 0.00918984
Tiempo de corrida recorrer el arbol: 0.00810814
Valor de la funcion objetivo: 1
x1_1 = 1
x2_1 = 1
x3_1 = 1
x4_1 = 1
x8_1 = 1
w1 = 1
