Tiempo de corrida total: 0.895534
Tiempo de corrida recorrer el arbol: 0.537379
Valor de la funcion objetivo: 2
x1_3 = 1
x19_3 = 1
x21_3 = 1
x27_3 = 1
x29_3 = 1
x40_3 = 1
x42_3 = 1
x44_3 = 1
x48_3 = 1
x49_3 = 1
x5_20 = 1
x11_20 = 1
x16_20 = 1
x25_20 = 1
x34_20 = 1
x41_20 = 1
x45_20 = 1
x46_20 = 1
x47_20 = 1
x50_20 = 1
w3 = 1
w20 = 1
