Tiempo de corrida total: 0.031883
Tiempo de corrida recorrer el arbol: 0.0226109
Valor de la funcion objetivo: 1
x1_1 = 1
x2_1 = 1
x13_1 = 1
x30_1 = 1
x33_1 = 1
w1 = 1
