Tiempo de corrida total: 0.0859752
Tiempo de corrida recorrer el arbol: 0.0180569
Valor de la funcion objetivo: 1
x1_3 = 1
x2_3 = 1
x7_3 = 1
x8_3 = 1
x14_3 = 1
x15_3 = 1
x18_3 = 1
x25_3 = 1
x30_3 = 1
x34_3 = 1
w3 = 1
