Tiempo de corrida total: 0.835593
Tiempo de corrida recorrer el arbol: 0.391242
Valor de la funcion objetivo: 2
x9_2 = 1
x12_2 = 1
x27_2 = 1
x31_2 = 1
x32_2 = 1
x39_2 = 1
x3_3 = 1
x10_3 = 1
x19_3 = 1
x20_3 = 1
w2 = 1
w3 = 1
