Tiempo de corrida total: 0.177155
Tiempo de corrida recorrer el arbol: 0.0603268
Valor de la funcion objetivo: 2
x9_9 = 1
x11_9 = 1
x16_9 = 1
x17_9 = 1
x18_9 = 1
x19_9 = 1
x25_9 = 1
x27_9 = 1
x34_9 = 1
x2_10 = 1
x13_10 = 1
x15_10 = 1
x24_10 = 1
x26_10 = 1
x29_10 = 1
x32_10 = 1
x33_10 = 1
x38_10 = 1
x39_10 = 1
x40_10 = 1
w9 = 1
w10 = 1
