Tiempo de corrida total: 0.221549
Tiempo de corrida recorrer el arbol: 0.179743
Valor de la funcion objetivo: 2
x1_5 = 1
x3_5 = 1
x7_5 = 1
x12_5 = 1
x13_5 = 1
x17_5 = 1
x20_5 = 1
x23_5 = 1
x11_11 = 1
x15_11 = 1
x16_11 = 1
x18_11 = 1
x19_11 = 1
x22_11 = 1
x27_11 = 1
w5 = 1
w11 = 1
