Tiempo de corrida total: 0.747011
Tiempo de corrida recorrer el arbol: 0.222977
Valor de la funcion objetivo: 2
x3_3 = 1
x13_3 = 1
x15_3 = 1
x16_3 = 1
x22_3 = 1
x29_3 = 1
x38_3 = 1
x5_14 = 1
x9_14 = 1
x26_14 = 1
x27_14 = 1
x28_14 = 1
x33_14 = 1
x36_14 = 1
x46_14 = 1
w3 = 1
w14 = 1
