Tiempo de corrida total: 0.0664382
Tiempo de corrida recorrer el arbol: 0.050992
Valor de la funcion objetivo: 1
x2_3 = 1
x4_3 = 1
x8_3 = 1
x17_3 = 1
x21_3 = 1
w3 = 1
