Tiempo de corrida total: 8.21605
Tiempo de corrida recorrer el arbol: 8.17611
Valor de la funcion objetivo: 3
x2_7 = 1
x4_7 = 1
x9_7 = 1
x20_7 = 1
x22_7 = 1
x24_7 = 1
x28_7 = 1
x12_13 = 1
x14_13 = 1
x17_13 = 1
x18_13 = 1
x27_13 = 1
x29_13 = 1
x10_18 = 1
x13_18 = 1
x15_18 = 1
x16_18 = 1
x21_18 = 1
x23_18 = 1
x26_18 = 1
w7 = 1
w13 = 1
w18 = 1
