Tiempo de corrida total: 0.307231
Tiempo de corrida recorrer el arbol: 0.101961
Valor de la funcion objetivo: 1
x6_2 = 1
x24_2 = 1
x33_2 = 1
x36_2 = 1
x46_2 = 1
w2 = 1
