Tiempo de corrida total: 7.84102
Tiempo de corrida recorrer el arbol: 7.60723
Valor de la funcion objetivo: 4
x14_1 = 1
x25_1 = 1
x27_1 = 1
x29_1 = 1
x3_7 = 1
x10_7 = 1
x16_7 = 1
x23_7 = 1
x26_7 = 1
x1_16 = 1
x4_16 = 1
x11_16 = 1
x18_16 = 1
x5_19 = 1
x9_19 = 1
x12_19 = 1
x13_19 = 1
x19_19 = 1
x20_19 = 1
x21_19 = 1
w1 = 1
w7 = 1
w16 = 1
w19 = 1
