Tiempo de corrida total: 1.72601
Tiempo de corrida recorrer el arbol: 1.71908
Valor de la funcion objetivo: 1
x1_4 = 1
x6_4 = 1
x22_4 = 1
x26_4 = 1
x30_4 = 1
x32_4 = 1
x36_4 = 1
x43_4 = 1
x45_4 = 1
x48_4 = 1
w4 = 1
