Tiempo de corrida total: 0.0286839
Tiempo de corrida recorrer el arbol: 0.022099
Valor de la funcion objetivo: 1
x4_15 = 1
x10_15 = 1
x12_15 = 1
x18_15 = 1
x22_15 = 1
x25_15 = 1
x28_15 = 1
x29_15 = 1
x30_15 = 1
x32_15 = 1
x33_15 = 1
x35_15 = 1
x36_15 = 1
x37_15 = 1
x40_15 = 1
w15 = 1
