Tiempo de corrida total: 0.037765
Tiempo de corrida recorrer el arbol: 0.00732708
Valor de la funcion objetivo: 1
x1_3 = 1
x2_3 = 1
x4_3 = 1
x6_3 = 1
x28_3 = 1
w3 = 1
