Tiempo de corrida total: 1.72789
Tiempo de corrida recorrer el arbol: 1.46495
Valor de la funcion objetivo: 1
x1_10 = 1
x9_10 = 1
x12_10 = 1
x19_10 = 1
x20_10 = 1
x24_10 = 1
x25_10 = 1
x29_10 = 1
x37_10 = 1
x41_10 = 1
w10 = 1
