Tiempo de corrida total: 0.453679
Tiempo de corrida recorrer el arbol: 0.181109
Valor de la funcion objetivo: 1
x1_2 = 1
x6_2 = 1
x22_2 = 1
x26_2 = 1
x30_2 = 1
x32_2 = 1
x36_2 = 1
x43_2 = 1
x45_2 = 1
x48_2 = 1
w2 = 1
