Tiempo de corrida total: 0.00917506
Tiempo de corrida recorrer el arbol: 0.0079689
Valor de la funcion objetivo: 1
x4_1 = 1
x5_1 = 1
x10_1 = 1
x15_1 = 1
x17_1 = 1
w1 = 1
