Tiempo de corrida total: 0.359832
Tiempo de corrida recorrer el arbol: 0.122171
Valor de la funcion objetivo: 3
x5_3 = 1
x25_3 = 1
x27_3 = 1
x15_4 = 1
x16_4 = 1
x22_4 = 1
x23_4 = 1
x30_4 = 1
x12_9 = 1
x29_9 = 1
w3 = 1
w4 = 1
w9 = 1
