Tiempo de corrida total: 0.60356
Tiempo de corrida recorrer el arbol: 0.109776
Valor de la funcion objetivo: 3
x16_1 = 1
x19_1 = 1
x29_1 = 1
x33_1 = 1
x35_1 = 1
x3_3 = 1
x14_3 = 1
x18_3 = 1
x20_3 = 1
x26_3 = 1
x31_3 = 1
x34_3 = 1
x39_3 = 1
x5_7 = 1
x11_7 = 1
x13_7 = 1
x25_7 = 1
x27_7 = 1
x36_7 = 1
x40_7 = 1
w1 = 1
w3 = 1
w7 = 1
