Tiempo de corrida total: 0.172838
Tiempo de corrida recorrer el arbol: 0.0420959
Valor de la funcion objetivo: 2
x1_5 = 1
x5_5 = 1
x18_5 = 1
x20_5 = 1
x22_5 = 1
x24_5 = 1
x26_5 = 1
x27_5 = 1
x2_7 = 1
x13_7 = 1
x19_7 = 1
x32_7 = 1
x36_7 = 1
x37_7 = 1
x40_7 = 1
w5 = 1
w7 = 1
