Tiempo de corrida total: 0.0168278
Tiempo de corrida recorrer el arbol: 0.00500202
Valor de la funcion objetivo: 1
x1_2 = 1
x8_2 = 1
x14_2 = 1
x18_2 = 1
x24_2 = 1
w2 = 1
