Tiempo de corrida total: 0.0499148
Tiempo de corrida recorrer el arbol: 0.0140531
Valor de la funcion objetivo: 2
x1_4 = 1
x7_4 = 1
x30_4 = 1
x5_10 = 1
x10_10 = 1
x16_10 = 1
x23_10 = 1
x25_10 = 1
x27_10 = 1
x28_10 = 1
w4 = 1
w10 = 1
