Tiempo de corrida total: 0.0224879
Tiempo de corrida recorrer el arbol: 0.00865698
Valor de la funcion objetivo: 1
x11_2 = 1
x12_2 = 1
x20_2 = 1
x25_2 = 1
x31_2 = 1
w2 = 1
