Tiempo de corrida total: 0.140997
Tiempo de corrida recorrer el arbol: 0.0725949
Valor de la funcion objetivo: 2
x4_7 = 1
x5_7 = 1
x9_7 = 1
x14_7 = 1
x16_7 = 1
x20_7 = 1
x24_7 = 1
x25_7 = 1
x29_7 = 1
x1_15 = 1
x7_15 = 1
x8_15 = 1
x17_15 = 1
x23_15 = 1
x30_15 = 1
w7 = 1
w15 = 1
