Tiempo de corrida total: 3.88315
Tiempo de corrida recorrer el arbol: 3.86338
Valor de la funcion objetivo: 2
x12_3 = 1
x34_3 = 1
x43_3 = 1
x44_3 = 1
x49_3 = 1
x1_6 = 1
x11_6 = 1
x20_6 = 1
x29_6 = 1
x41_6 = 1
w3 = 1
w6 = 1
