Tiempo de corrida total: 0.169594
Tiempo de corrida recorrer el arbol: 0.0508621
Valor de la funcion objetivo: 2
x4_3 = 1
x15_3 = 1
x18_3 = 1
x27_3 = 1
x30_3 = 1
x31_3 = 1
x33_3 = 1
x34_3 = 1
x39_3 = 1
x11_12 = 1
x12_12 = 1
x13_12 = 1
x16_12 = 1
x19_12 = 1
x25_12 = 1
x29_12 = 1
x32_12 = 1
x36_12 = 1
x37_12 = 1
x40_12 = 1
w3 = 1
w12 = 1
