Tiempo de corrida total: 1.99541
Tiempo de corrida recorrer el arbol: 0.56626
Valor de la funcion objetivo: 3
x3_2 = 1
x9_2 = 1
x32_2 = 1
x6_7 = 1
x28_7 = 1
x34_7 = 1
x14_8 = 1
x22_8 = 1
x38_8 = 1
x39_8 = 1
w2 = 1
w7 = 1
w8 = 1
