Tiempo de corrida total: 0.52751
Tiempo de corrida recorrer el arbol: 0.0904081
Valor de la funcion objetivo: 3
x10_6 = 1
x13_6 = 1
x17_6 = 1
x20_6 = 1
x27_6 = 1
x34_6 = 1
x39_6 = 1
x48_6 = 1
x14_9 = 1
x25_9 = 1
x26_9 = 1
x30_9 = 1
x44_9 = 1
x49_9 = 1
x5_12 = 1
x7_12 = 1
x11_12 = 1
x40_12 = 1
x41_12 = 1
x42_12 = 1
w6 = 1
w9 = 1
w12 = 1
