Tiempo de corrida total: 2.90708
Tiempo de corrida recorrer el arbol: 2.90037
Valor de la funcion objetivo: 3
x1_1 = 1
x2_1 = 1
x7_1 = 1
x20_1 = 1
x22_1 = 1
x4_2 = 1
x10_2 = 1
x27_2 = 1
x5_3 = 1
x13_3 = 1
w1 = 1
w2 = 1
w3 = 1
