Tiempo de corrida total: 0.123154
Tiempo de corrida recorrer el arbol: 0.072295
Valor de la funcion objetivo: 1
x14_10 = 1
x21_10 = 1
x22_10 = 1
x24_10 = 1
x25_10 = 1
x26_10 = 1
x31_10 = 1
x32_10 = 1
x34_10 = 1
x40_10 = 1
w10 = 1
