Tiempo de corrida total: 0.792434
Tiempo de corrida recorrer el arbol: 0.735188
Valor de la funcion objetivo: 2
x4_12 = 1
x5_12 = 1
x6_12 = 1
x11_12 = 1
x16_12 = 1
x17_12 = 1
x20_12 = 1
x22_12 = 1
x29_12 = 1
x30_12 = 1
x7_14 = 1
x8_14 = 1
x19_14 = 1
x21_14 = 1
x24_14 = 1
w12 = 1
w14 = 1
