Tiempo de corrida total: 0.479513
Tiempo de corrida recorrer el arbol: 0.473845
Valor de la funcion objetivo: 2
x1_1 = 1
x2_1 = 1
x5_1 = 1
x6_1 = 1
x8_1 = 1
x13_1 = 1
x4_2 = 1
x26_2 = 1
x27_2 = 1
x33_2 = 1
w1 = 1
w2 = 1
