Tiempo de corrida total: 0.921382
Tiempo de corrida recorrer el arbol: 0.077141
Valor de la funcion objetivo: 3
x18_3 = 1
x29_3 = 1
x32_3 = 1
x34_3 = 1
x36_3 = 1
x38_3 = 1
x6_7 = 1
x13_7 = 1
x21_7 = 1
x23_7 = 1
x24_7 = 1
x25_7 = 1
x37_7 = 1
x3_16 = 1
x5_16 = 1
x12_16 = 1
x14_16 = 1
x20_16 = 1
x33_16 = 1
x40_16 = 1
w3 = 1
w7 = 1
w16 = 1
