Tiempo de corrida total: 0.728611
Tiempo de corrida recorrer el arbol: 0.722624
Valor de la funcion objetivo: 2
x1_17 = 1
x2_17 = 1
x5_17 = 1
x7_17 = 1
x12_17 = 1
x13_17 = 1
x17_17 = 1
x23_17 = 1
x29_17 = 1
x3_20 = 1
x4_20 = 1
x9_20 = 1
x14_20 = 1
x19_20 = 1
x20_20 = 1
x22_20 = 1
x24_20 = 1
x26_20 = 1
x27_20 = 1
x30_20 = 1
w17 = 1
w20 = 1
