Tiempo de corrida total: 0.230866
Tiempo de corrida recorrer el arbol: 0.219235
Valor de la funcion objetivo: 2
x15_3 = 1
x27_3 = 1
x1_5 = 1
x12_5 = 1
x29_5 = 1
w3 = 1
w5 = 1
