Tiempo de corrida total: 5.98455
Tiempo de corrida recorrer el arbol: 5.89224
Valor de la funcion objetivo: 2
x6_4 = 1
x13_4 = 1
x17_4 = 1
x46_4 = 1
x49_4 = 1
x19_6 = 1
x26_6 = 1
x36_6 = 1
x41_6 = 1
x43_6 = 1
w4 = 1
w6 = 1
