Tiempo de corrida total: 0.121613
Tiempo de corrida recorrer el arbol: 0.0298669
Valor de la funcion objetivo: 2
x6_9 = 1
x7_9 = 1
x9_9 = 1
x10_9 = 1
x12_9 = 1
x13_9 = 1
x14_9 = 1
x18_9 = 1
x25_9 = 1
x30_9 = 1
x1_16 = 1
x3_16 = 1
x4_16 = 1
x5_16 = 1
x16_16 = 1
x19_16 = 1
x20_16 = 1
x24_16 = 1
x26_16 = 1
x28_16 = 1
w9 = 1
w16 = 1
