Tiempo de corrida total: 0.096339
Tiempo de corrida recorrer el arbol: 0.040262
Valor de la funcion objetivo: 2
x3_7 = 1
x5_7 = 1
x7_7 = 1
x18_7 = 1
x20_7 = 1
x24_7 = 1
x28_7 = 1
x10_9 = 1
x16_9 = 1
x23_9 = 1
w7 = 1
w9 = 1
