Tiempo de corrida total: 0.100587
Tiempo de corrida recorrer el arbol: 0.0103521
Valor de la funcion objetivo: 2
x1_10 = 1
x3_10 = 1
x4_10 = 1
x12_10 = 1
x16_10 = 1
x20_10 = 1
x23_10 = 1
x25_10 = 1
x27_10 = 1
x28_10 = 1
x29_10 = 1
x10_15 = 1
x17_15 = 1
x18_15 = 1
x30_15 = 1
w10 = 1
w15 = 1
