Tiempo de corrida total: 0.0737171
Tiempo de corrida recorrer el arbol: 0.018182
Valor de la funcion objetivo: 2
x9_1 = 1
x26_1 = 1
x5_3 = 1
x8_3 = 1
x15_3 = 1
w1 = 1
w3 = 1
