Tiempo de corrida total: 0.223801
Tiempo de corrida recorrer el arbol: 0.216525
Valor de la funcion objetivo: 2
x2_2 = 1
x10_2 = 1
x16_2 = 1
x17_2 = 1
x28_2 = 1
x3_10 = 1
x5_10 = 1
x13_10 = 1
x26_10 = 1
x29_10 = 1
w2 = 1
w10 = 1
