Tiempo de corrida total: 0.279519
Tiempo de corrida recorrer el arbol: 0.25843
Valor de la funcion objetivo: 2
x4_5 = 1
x5_5 = 1
x17_5 = 1
x18_5 = 1
x20_5 = 1
x38_5 = 1
x2_13 = 1
x11_13 = 1
x12_13 = 1
x22_13 = 1
x26_13 = 1
x28_13 = 1
x31_13 = 1
x34_13 = 1
x37_13 = 1
w5 = 1
w13 = 1
