Tiempo de corrida total: 0.027168
Tiempo de corrida recorrer el arbol: 0.00988698
Valor de la funcion objetivo: 2
x13_1 = 1
x22_1 = 1
x25_1 = 1
x4_7 = 1
x6_7 = 1
x15_7 = 1
x16_7 = 1
x19_7 = 1
x28_7 = 1
x29_7 = 1
w1 = 1
w7 = 1
