Tiempo de corrida total: 0.0145602
Tiempo de corrida recorrer el arbol: 0.00678802
Valor de la funcion objetivo: 1
x1_2 = 1
x2_2 = 1
x3_2 = 1
x4_2 = 1
x5_2 = 1
w2 = 1
