Tiempo de corrida total: 0.229174
Tiempo de corrida recorrer el arbol: 0.218986
Valor de la funcion objetivo: 2
x6_4 = 1
x8_4 = 1
x13_4 = 1
x17_4 = 1
x20_4 = 1
x25_4 = 1
x1_9 = 1
x5_9 = 1
x9_9 = 1
x27_9 = 1
w4 = 1
w9 = 1
