Tiempo de corrida total: 0.352588
Tiempo de corrida recorrer el arbol: 0.083195
Valor de la funcion objetivo: 2
x17_2 = 1
x33_2 = 1
x2_4 = 1
x27_4 = 1
x40_4 = 1
w2 = 1
w4 = 1
