Tiempo de corrida total: 1.77631
Tiempo de corrida recorrer el arbol: 1.52005
Valor de la funcion objetivo: 2
x1_2 = 1
x3_2 = 1
x6_2 = 1
x10_2 = 1
x12_2 = 1
x13_2 = 1
x24_2 = 1
x29_2 = 1
x35_2 = 1
x5_10 = 1
x7_10 = 1
x9_10 = 1
x11_10 = 1
x21_10 = 1
x25_10 = 1
w2 = 1
w10 = 1
