Tiempo de corrida total: 0.296219
Tiempo de corrida recorrer el arbol: 0.096899
Valor de la funcion objetivo: 4
x1_1 = 1
x16_1 = 1
x26_1 = 1
x11_3 = 1
x12_3 = 1
x24_3 = 1
x20_6 = 1
x25_6 = 1
x29_6 = 1
x2_8 = 1
w1 = 1
w3 = 1
w6 = 1
w8 = 1
