Tiempo de corrida total: 0.0285449
Tiempo de corrida recorrer el arbol: 0.0175979
Valor de la funcion objetivo: 1
x9_3 = 1
x10_3 = 1
x18_3 = 1
x20_3 = 1
x25_3 = 1
w3 = 1
