Tiempo de corrida total: 0.226861
Tiempo de corrida recorrer el arbol: 0.0779121
Valor de la funcion objetivo: 2
x21_1 = 1
x38_1 = 1
x2_3 = 1
x10_3 = 1
x39_3 = 1
w1 = 1
w3 = 1
