Tiempo de corrida total: 0.106009
Tiempo de corrida recorrer el arbol: 0.0439141
Valor de la funcion objetivo: 2
x13_1 = 1
x19_1 = 1
x25_1 = 1
x2_4 = 1
x18_4 = 1
w1 = 1
w4 = 1
