Tiempo de corrida total: 0.26107
Tiempo de corrida recorrer el arbol: 0.24055
Valor de la funcion objetivo: 2
x1_5 = 1
x2_5 = 1
x7_5 = 1
x9_5 = 1
x16_5 = 1
x23_5 = 1
x25_5 = 1
x8_11 = 1
x15_11 = 1
x17_11 = 1
x18_11 = 1
x21_11 = 1
x22_11 = 1
x27_11 = 1
x30_11 = 1
w5 = 1
w11 = 1
