Tiempo de corrida total: 2.65667
Tiempo de corrida recorrer el arbol: 0.757568
Valor de la funcion objetivo: 2
x11_1 = 1
x12_1 = 1
x14_1 = 1
x17_1 = 1
x18_1 = 1
x22_1 = 1
x50_1 = 1
x3_7 = 1
x5_7 = 1
x16_7 = 1
x25_7 = 1
x29_7 = 1
x31_7 = 1
x46_7 = 1
x47_7 = 1
w1 = 1
w7 = 1
