Tiempo de corrida total: 2.98017
Tiempo de corrida recorrer el arbol: 2.21788
Valor de la funcion objetivo: 4
x1_5 = 1
x9_5 = 1
x11_5 = 1
x16_6 = 1
x27_6 = 1
x29_6 = 1
x38_6 = 1
x24_7 = 1
x28_7 = 1
x36_7 = 1
x6_15 = 1
x21_15 = 1
x32_15 = 1
x37_15 = 1
x39_15 = 1
w5 = 1
w6 = 1
w7 = 1
w15 = 1
