Tiempo de corrida total: 8.29427
Tiempo de corrida recorrer el arbol: 7.75869
Valor de la funcion objetivo: 3
x5_1 = 1
x14_1 = 1
x21_1 = 1
x22_6 = 1
x28_6 = 1
x33_6 = 1
x36_6 = 1
x23_10 = 1
x27_10 = 1
x40_10 = 1
w1 = 1
w6 = 1
w10 = 1
