Tiempo de corrida total: 0.232583
Tiempo de corrida recorrer el arbol: 0.230996
Valor de la funcion objetivo: 2
x1_1 = 1
x2_1 = 1
x4_1 = 1
x5_1 = 1
x11_1 = 1
x14_1 = 1
x16_1 = 1
x18_1 = 1
x23_1 = 1
x25_1 = 1
x7_2 = 1
x12_2 = 1
x17_2 = 1
x24_2 = 1
x27_2 = 1
w1 = 1
w2 = 1
