Tiempo de corrida total: 0.351307
Tiempo de corrida recorrer el arbol: 0.0756211
Valor de la funcion objetivo: 2
x10_1 = 1
x40_1 = 1
x4_3 = 1
x32_3 = 1
x33_3 = 1
w1 = 1
w3 = 1
