Tiempo de corrida total: 1.61946
Tiempo de corrida recorrer el arbol: 1.33774
Valor de la funcion objetivo: 3
x2_4 = 1
x11_4 = 1
x14_4 = 1
x27_4 = 1
x3_6 = 1
x4_6 = 1
x12_6 = 1
x30_6 = 1
x1_14 = 1
x6_14 = 1
x18_14 = 1
x20_14 = 1
x24_14 = 1
x25_14 = 1
x28_14 = 1
w4 = 1
w6 = 1
w14 = 1
