Tiempo de corrida total: 1.95689
Tiempo de corrida recorrer el arbol: 0.662036
Valor de la funcion objetivo: 4
x5_4 = 1
x40_4 = 1
x14_5 = 1
x30_5 = 1
x31_5 = 1
x4_7 = 1
x7_7 = 1
x29_7 = 1
x2_10 = 1
x35_10 = 1
w4 = 1
w5 = 1
w7 = 1
w10 = 1
