Tiempo de corrida total: 0.0309441
Tiempo de corrida recorrer el arbol: 0.00711298
Valor de la funcion objetivo: 1
x15_2 = 1
x23_2 = 1
x25_2 = 1
x37_2 = 1
x39_2 = 1
w2 = 1
