Tiempo de corrida total: 0.0876319
Tiempo de corrida recorrer el arbol: 0.0619371
Valor de la funcion objetivo: 1
x11_2 = 1
x15_2 = 1
x34_2 = 1
x37_2 = 1
x48_2 = 1
w2 = 1
