Tiempo de corrida total: 0.0370128
Tiempo de corrida recorrer el arbol: 0.0234449
Valor de la funcion objetivo: 1
x2_2 = 1
x5_2 = 1
x7_2 = 1
x12_2 = 1
x14_2 = 1
x18_2 = 1
x24_2 = 1
x25_2 = 1
x29_2 = 1
x37_2 = 1
w2 = 1
