Tiempo de corrida total: 0.0177488
Tiempo de corrida recorrer el arbol: 0.0138741
Valor de la funcion objetivo: 1
x1_1 = 1
x2_1 = 1
x3_1 = 1
x16_1 = 1
x36_1 = 1
w1 = 1
