Tiempo de corrida total: 0.0106182
Tiempo de corrida recorrer el arbol: 0.00399709
Valor de la funcion objetivo: 1
x3_3 = 1
x5_3 = 1
x8_3 = 1
x21_3 = 1
x25_3 = 1
w3 = 1
