Tiempo de corrida total: 1.00405
Tiempo de corrida recorrer el arbol: 0.993347
Valor de la funcion objetivo: 2
x6_4 = 1
x9_4 = 1
x18_4 = 1
x25_4 = 1
x30_4 = 1
x2_10 = 1
x10_10 = 1
x15_10 = 1
x17_10 = 1
x29_10 = 1
w4 = 1
w10 = 1
