Tiempo de corrida total: 0.022615
Tiempo de corrida recorrer el arbol: 0.00370812
Valor de la funcion objetivo: 1
x1_1 = 1
x10_1 = 1
x12_1 = 1
x24_1 = 1
x29_1 = 1
w1 = 1
