Tiempo de corrida total: 0.406495
Tiempo de corrida recorrer el arbol: 0.0957351
Valor de la funcion objetivo: 2
x2_6 = 1
x6_6 = 1
x10_6 = 1
x11_6 = 1
x20_6 = 1
x27_6 = 1
x3_12 = 1
x12_12 = 1
x15_12 = 1
x17_12 = 1
x21_12 = 1
x25_12 = 1
x31_12 = 1
x36_12 = 1
x39_12 = 1
w6 = 1
w12 = 1
