Tiempo de corrida total: 0.0780549
Tiempo de corrida recorrer el arbol: 0.037122
Valor de la funcion objetivo: 1
x7_3 = 1
x14_3 = 1
x18_3 = 1
x20_3 = 1
x26_3 = 1
w3 = 1
