Tiempo de corrida total: 0.365641
Tiempo de corrida recorrer el arbol: 0.0500791
Valor de la funcion objetivo: 2
x8_2 = 1
x21_2 = 1
x36_2 = 1
x9_4 = 1
x14_4 = 1
w2 = 1
w4 = 1
