Tiempo de corrida total: 1.44207
Tiempo de corrida recorrer el arbol: 1.33976
Valor de la funcion objetivo: 5
x2_1 = 1
x22_1 = 1
x16_2 = 1
x26_2 = 1
x9_5 = 1
x29_5 = 1
x10_8 = 1
x28_8 = 1
x11_10 = 1
x12_10 = 1
w1 = 1
w2 = 1
w5 = 1
w8 = 1
w10 = 1
