Tiempo de corrida total: 0.096468
Tiempo de corrida recorrer el arbol: 0.0643492
Valor de la funcion objetivo: 1
x2_5 = 1
x16_5 = 1
x32_5 = 1
x37_5 = 1
x47_5 = 1
w5 = 1
