Tiempo de corrida total: 3.29732
Tiempo de corrida recorrer el arbol: 3.06712
Valor de la funcion objetivo: 2
x1_3 = 1
x2_3 = 1
x5_3 = 1
x16_3 = 1
x17_3 = 1
x18_3 = 1
x20_3 = 1
x26_3 = 1
x9_4 = 1
x28_4 = 1
x30_4 = 1
x42_4 = 1
x44_4 = 1
x46_4 = 1
x50_4 = 1
w3 = 1
w4 = 1
