Tiempo de corrida total: 0.138693
Tiempo de corrida recorrer el arbol: 0.0419929
Valor de la funcion objetivo: 2
x12_3 = 1
x13_3 = 1
x14_3 = 1
x19_3 = 1
x30_3 = 1
x8_5 = 1
x10_5 = 1
x17_5 = 1
x27_5 = 1
x29_5 = 1
w3 = 1
w5 = 1
