Tiempo de corrida total: 2.43253
Tiempo de corrida recorrer el arbol: 2.36026
Valor de la funcion objetivo: 2
x3_2 = 1
x15_2 = 1
x40_2 = 1
x49_2 = 1
x1_7 = 1
x2_7 = 1
x14_7 = 1
x17_7 = 1
x20_7 = 1
x43_7 = 1
w2 = 1
w7 = 1
