Tiempo de corrida total: 0.0956678
Tiempo de corrida recorrer el arbol: 0.0156829
Valor de la funcion objetivo: 1
x8_9 = 1
x10_9 = 1
x14_9 = 1
x18_9 = 1
x21_9 = 1
x24_9 = 1
x36_9 = 1
x41_9 = 1
x44_9 = 1
x48_9 = 1
w9 = 1
