Tiempo de corrida total: 0.263748
Tiempo de corrida recorrer el arbol: 0.127477
Valor de la funcion objetivo: 2
x2_6 = 1
x4_6 = 1
x6_6 = 1
x9_6 = 1
x11_6 = 1
x22_6 = 1
x25_6 = 1
x28_6 = 1
x3_8 = 1
x13_8 = 1
x15_8 = 1
x18_8 = 1
x20_8 = 1
x27_8 = 1
x29_8 = 1
w6 = 1
w8 = 1
