Tiempo de corrida total: 0.0240071
Tiempo de corrida recorrer el arbol: 0.0114031
Valor de la funcion objetivo: 1
x1_3 = 1
x4_3 = 1
x5_3 = 1
x11_3 = 1
x28_3 = 1
w3 = 1
