Tiempo de corrida total: 0.488258
Tiempo de corrida recorrer el arbol: 0.469694
Valor de la funcion objetivo: 2
x2_14 = 1
x4_14 = 1
x10_14 = 1
x12_14 = 1
x16_14 = 1
x19_14 = 1
x22_14 = 1
x26_14 = 1
x27_14 = 1
x5_16 = 1
x8_16 = 1
x11_16 = 1
x15_16 = 1
x17_16 = 1
x20_16 = 1
x21_16 = 1
x23_16 = 1
x24_16 = 1
x25_16 = 1
x30_16 = 1
w14 = 1
w16 = 1
