Tiempo de corrida total: 0.254778
Tiempo de corrida recorrer el arbol: 0.250678
Valor de la funcion objetivo: 2
x1_1 = 1
x7_1 = 1
x28_1 = 1
x2_2 = 1
x8_2 = 1
w1 = 1
w2 = 1
