Tiempo de corrida total: 1.19733
Tiempo de corrida recorrer el arbol: 1.15883
Valor de la funcion objetivo: 2
x3_1 = 1
x19_1 = 1
x21_1 = 1
x29_1 = 1
x37_1 = 1
x38_1 = 1
x1_7 = 1
x11_7 = 1
x13_7 = 1
x14_7 = 1
w1 = 1
w7 = 1
