Tiempo de corrida total: 0.24949
Tiempo de corrida recorrer el arbol: 0.134405
Valor de la funcion objetivo: 1
x3_3 = 1
x5_3 = 1
x11_3 = 1
x21_3 = 1
x22_3 = 1
x26_3 = 1
x27_3 = 1
x36_3 = 1
x47_3 = 1
x50_3 = 1
w3 = 1
