Tiempo de corrida total: 0.125895
Tiempo de corrida recorrer el arbol: 0.11559
Valor de la funcion objetivo: 1
x36_3 = 1
x37_3 = 1
x40_3 = 1
x42_3 = 1
x46_3 = 1
w3 = 1
