Tiempo de corrida total: 3.40805
Tiempo de corrida recorrer el arbol: 2.54235
Valor de la funcion objetivo: 3
x3_6 = 1
x7_6 = 1
x9_6 = 1
x19_6 = 1
x29_6 = 1
x36_6 = 1
x15_9 = 1
x22_9 = 1
x32_9 = 1
x40_9 = 1
x4_15 = 1
x10_15 = 1
x20_15 = 1
x25_15 = 1
x33_15 = 1
w6 = 1
w9 = 1
w15 = 1
