Tiempo de corrida total: 0.268208
Tiempo de corrida recorrer el arbol: 0.258118
Valor de la funcion objetivo: 2
x1_2 = 1
x6_2 = 1
x13_2 = 1
x14_2 = 1
x15_2 = 1
x16_2 = 1
x23_2 = 1
x27_2 = 1
x3_8 = 1
x11_8 = 1
w2 = 1
w8 = 1
