Tiempo de corrida total: 0.220498
Tiempo de corrida recorrer el arbol: 0.0939519
Valor de la funcion objetivo: 2
x16_1 = 1
x25_1 = 1
x29_1 = 1
x30_1 = 1
x8_6 = 1
x11_6 = 1
x12_6 = 1
x17_6 = 1
x22_6 = 1
x27_6 = 1
w1 = 1
w6 = 1
