Tiempo de corrida total: 0.183844
Tiempo de corrida recorrer el arbol: 0.0603631
Valor de la funcion objetivo: 2
x13_1 = 1
x19_1 = 1
x1_4 = 1
x12_4 = 1
x29_4 = 1
w1 = 1
w4 = 1
