Tiempo de corrida total: 2.35052
Tiempo de corrida recorrer el arbol: 1.54147
Valor de la funcion objetivo: 3
x4_6 = 1
x14_6 = 1
x17_6 = 1
x27_6 = 1
x1_11 = 1
x24_11 = 1
x28_11 = 1
x37_11 = 1
x3_13 = 1
x5_13 = 1
x23_13 = 1
x30_13 = 1
x33_13 = 1
x36_13 = 1
x38_13 = 1
w6 = 1
w11 = 1
w13 = 1
