Tiempo de corrida total: 0.254945
Tiempo de corrida recorrer el arbol: 0.147653
Valor de la funcion objetivo: 2
x1_5 = 1
x3_5 = 1
x5_5 = 1
x10_5 = 1
x11_5 = 1
x12_5 = 1
x18_5 = 1
x25_5 = 1
x4_10 = 1
x8_10 = 1
x14_10 = 1
x16_10 = 1
x23_10 = 1
x27_10 = 1
x30_10 = 1
w5 = 1
w10 = 1
