Tiempo de corrida total: 7.80535
Tiempo de corrida recorrer el arbol: 7.14729
Valor de la funcion objetivo: 3
x7_3 = 1
x20_3 = 1
x21_3 = 1
x29_3 = 1
x30_3 = 1
x41_3 = 1
x42_3 = 1
x43_3 = 1
x3_9 = 1
x4_9 = 1
x10_9 = 1
x27_9 = 1
x28_9 = 1
x32_9 = 1
x47_9 = 1
x14_19 = 1
x22_19 = 1
x33_19 = 1
x37_19 = 1
x48_19 = 1
w3 = 1
w9 = 1
w19 = 1
