Tiempo de corrida total: 0.518055
Tiempo de corrida recorrer el arbol: 0.107371
Valor de la funcion objetivo: 5
x5_1 = 1
x7_1 = 1
x10_1 = 1
x9_2 = 1
x30_2 = 1
x18_3 = 1
x25_3 = 1
x22_7 = 1
x28_7 = 1
x12_10 = 1
w1 = 1
w2 = 1
w3 = 1
w7 = 1
w10 = 1
