Tiempo de corrida total: 0.749304
Tiempo de corrida recorrer el arbol: 0.338665
Valor de la funcion objetivo: 1
x2_3 = 1
x5_3 = 1
x6_3 = 1
x9_3 = 1
x14_3 = 1
x20_3 = 1
x21_3 = 1
x30_3 = 1
x35_3 = 1
x40_3 = 1
x41_3 = 1
x43_3 = 1
x46_3 = 1
x47_3 = 1
x50_3 = 1
w3 = 1
