Tiempo de corrida total: 0.0170619
Tiempo de corrida recorrer el arbol: 0.0138812
Valor de la funcion objetivo: 1
x5_10 = 1
x6_10 = 1
x8_10 = 1
x12_10 = 1
x14_10 = 1
x16_10 = 1
x18_10 = 1
x25_10 = 1
x29_10 = 1
x35_10 = 1
w10 = 1
