Tiempo de corrida total: 0.887452
Tiempo de corrida recorrer el arbol: 0.780383
Valor de la funcion objetivo: 5
x11_3 = 1
x12_3 = 1
x18_4 = 1
x19_4 = 1
x2_5 = 1
x26_5 = 1
x9_9 = 1
x27_9 = 1
x5_10 = 1
x10_10 = 1
w3 = 1
w4 = 1
w5 = 1
w9 = 1
w10 = 1
