Tiempo de corrida total: 0.27513
Tiempo de corrida recorrer el arbol: 0.0353351
Valor de la funcion objetivo: 2
x3_5 = 1
x4_5 = 1
x34_5 = 1
x48_5 = 1
x49_5 = 1
x6_14 = 1
x7_14 = 1
x8_14 = 1
x11_14 = 1
x12_14 = 1
x20_14 = 1
x21_14 = 1
x23_14 = 1
x27_14 = 1
x28_14 = 1
x30_14 = 1
x36_14 = 1
x37_14 = 1
x44_14 = 1
x50_14 = 1
w5 = 1
w14 = 1
