Tiempo de corrida total: 0.111671
Tiempo de corrida recorrer el arbol: 0.013468
Valor de la funcion objetivo: 2
x5_6 = 1
x18_6 = 1
x3_8 = 1
x8_8 = 1
x10_8 = 1
x17_8 = 1
x23_8 = 1
x24_8 = 1
x25_8 = 1
x28_8 = 1
w6 = 1
w8 = 1
