Tiempo de corrida total: 0.142938
Tiempo de corrida recorrer el arbol: 0.01597
Valor de la funcion objetivo: 2
x11_1 = 1
x25_1 = 1
x9_3 = 1
x23_3 = 1
x26_3 = 1
w1 = 1
w3 = 1
