Tiempo de corrida total: 0.0124581
Tiempo de corrida recorrer el arbol: 0.00993204
Valor de la funcion objetivo: 1
x1_1 = 1
x4_1 = 1
x7_1 = 1
x10_1 = 1
x18_1 = 1
w1 = 1
