Tiempo de corrida total: 1.03397
Tiempo de corrida recorrer el arbol: 0.973941
Valor de la funcion objetivo: 2
x1_4 = 1
x13_4 = 1
x28_4 = 1
x30_4 = 1
x4_5 = 1
x7_5 = 1
x8_5 = 1
x16_5 = 1
x18_5 = 1
x26_5 = 1
w4 = 1
w5 = 1
