Tiempo de corrida total: 0.814842
Tiempo de corrida recorrer el arbol: 0.760596
Valor de la funcion objetivo: 3
x5_1 = 1
x12_1 = 1
x14_3 = 1
x25_3 = 1
x27_3 = 1
x15_7 = 1
x16_7 = 1
x22_7 = 1
x23_7 = 1
x30_7 = 1
w1 = 1
w3 = 1
w7 = 1
