Tiempo de corrida total: 0.105271
Tiempo de corrida recorrer el arbol: 0.0151279
Valor de la funcion objetivo: 1
x2_1 = 1
x3_1 = 1
x5_1 = 1
x6_1 = 1
x8_1 = 1
x14_1 = 1
x17_1 = 1
x19_1 = 1
x34_1 = 1
x40_1 = 1
w1 = 1
