Tiempo de corrida total: 0.0145719
Tiempo de corrida recorrer el arbol: 0.00640321
Valor de la funcion objetivo: 1
x2_1 = 1
x4_1 = 1
x18_1 = 1
x23_1 = 1
x25_1 = 1
w1 = 1
