Tiempo de corrida total: 3.50163
Tiempo de corrida recorrer el arbol: 3.49142
Valor de la funcion objetivo: 3
x3_1 = 1
x11_1 = 1
x17_1 = 1
x18_1 = 1
x6_4 = 1
x9_4 = 1
x13_4 = 1
x5_10 = 1
x12_10 = 1
x14_10 = 1
w1 = 1
w4 = 1
w10 = 1
