Tiempo de corrida total: 0.141177
Tiempo de corrida recorrer el arbol: 0.0221732
Valor de la funcion objetivo: 2
x2_3 = 1
x3_3 = 1
x13_3 = 1
x27_4 = 1
x28_4 = 1
w3 = 1
w4 = 1
