Tiempo de corrida total: 0.139809
Tiempo de corrida recorrer el arbol: 0.0658391
Valor de la funcion objetivo: 2
x6_1 = 1
x13_1 = 1
x20_1 = 1
x12_2 = 1
x21_2 = 1
w1 = 1
w2 = 1
