Tiempo de corrida total: 0.403668
Tiempo de corrida recorrer el arbol: 0.394135
Valor de la funcion objetivo: 2
x1_1 = 1
x3_1 = 1
x4_1 = 1
x5_1 = 1
x6_1 = 1
x8_1 = 1
x14_1 = 1
x16_1 = 1
x19_1 = 1
x25_1 = 1
x26_1 = 1
x27_1 = 1
x9_18 = 1
x10_18 = 1
x17_18 = 1
x18_18 = 1
x23_18 = 1
x24_18 = 1
x29_18 = 1
x30_18 = 1
w1 = 1
w18 = 1
