Tiempo de corrida total: 0.88951
Tiempo de corrida recorrer el arbol: 0.284828
Valor de la funcion objetivo: 2
x3_5 = 1
x13_5 = 1
x16_5 = 1
x18_5 = 1
x29_5 = 1
x48_5 = 1
x1_16 = 1
x12_16 = 1
x14_16 = 1
x15_16 = 1
x17_16 = 1
x20_16 = 1
x21_16 = 1
x33_16 = 1
x34_16 = 1
x36_16 = 1
x40_16 = 1
x41_16 = 1
x42_16 = 1
x45_16 = 1
w5 = 1
w16 = 1
