Tiempo de corrida total: 0.025878
Tiempo de corrida recorrer el arbol: 0.0233219
Valor de la funcion objetivo: 1
x1_1 = 1
x6_1 = 1
x11_1 = 1
x14_1 = 1
x24_1 = 1
w1 = 1
