Tiempo de corrida total: 0.278998
Tiempo de corrida recorrer el arbol: 0.0317211
Valor de la funcion objetivo: 1
x22_4 = 1
x23_4 = 1
x37_4 = 1
x40_4 = 1
x50_4 = 1
w4 = 1
