Tiempo de corrida total: 2.76563
Tiempo de corrida recorrer el arbol: 2.71181
Valor de la funcion objetivo: 1
x3_8 = 1
x12_8 = 1
x15_8 = 1
x31_8 = 1
x33_8 = 1
x35_8 = 1
x37_8 = 1
x44_8 = 1
x48_8 = 1
x49_8 = 1
w8 = 1
