Tiempo de corrida total: 0.014262
Tiempo de corrida recorrer el arbol: 0.0124819
Valor de la funcion objetivo: 1
x1_1 = 1
x2_1 = 1
x3_1 = 1
x5_1 = 1
x6_1 = 1
x10_1 = 1
x11_1 = 1
x14_1 = 1
x21_1 = 1
x37_1 = 1
w1 = 1
