Tiempo de corrida total: 0.0935669
Tiempo de corrida recorrer el arbol: 0.0116529
Valor de la funcion objetivo: 2
x3_5 = 1
x12_5 = 1
x16_5 = 1
x22_5 = 1
x23_5 = 1
x30_5 = 1
x4_9 = 1
x11_9 = 1
x15_9 = 1
x27_9 = 1
w5 = 1
w9 = 1
