Tiempo de corrida total: 0.029912
Tiempo de corrida recorrer el arbol: 0.00907803
Valor de la funcion objetivo: 1
x2_4 = 1
x4_4 = 1
x7_4 = 1
x15_4 = 1
x21_4 = 1
w4 = 1
