Tiempo de corrida total: 7.45629
Tiempo de corrida recorrer el arbol: 6.97197
Valor de la funcion objetivo: 3
x4_8 = 1
x10_8 = 1
x21_8 = 1
x27_8 = 1
x28_8 = 1
x32_8 = 1
x41_8 = 1
x43_8 = 1
x3_13 = 1
x7_13 = 1
x29_13 = 1
x30_13 = 1
x47_13 = 1
x12_15 = 1
x14_15 = 1
x20_15 = 1
x33_15 = 1
x37_15 = 1
x42_15 = 1
x48_15 = 1
w8 = 1
w13 = 1
w15 = 1
