Tiempo de corrida total: 5.07246
Tiempo de corrida recorrer el arbol: 5.05445
Valor de la funcion objetivo: 2
x7_4 = 1
x11_4 = 1
x16_4 = 1
x26_4 = 1
x29_4 = 1
x30_4 = 1
x31_4 = 1
x34_4 = 1
x45_4 = 1
x46_4 = 1
x47_4 = 1
x48_4 = 1
x1_13 = 1
x12_13 = 1
x14_13 = 1
x19_13 = 1
x20_13 = 1
x32_13 = 1
x36_13 = 1
x40_13 = 1
w4 = 1
w13 = 1
