Tiempo de corrida total: 0.546918
Tiempo de corrida recorrer el arbol: 0.540751
Valor de la funcion objetivo: 2
x1_1 = 1
x5_1 = 1
x19_1 = 1
x4_2 = 1
x33_2 = 1
w1 = 1
w2 = 1
