Tiempo de corrida total: 0.619153
Tiempo de corrida recorrer el arbol: 0.0620048
Valor de la funcion objetivo: 1
x4_4 = 1
x18_4 = 1
x25_4 = 1
x26_4 = 1
x35_4 = 1
w4 = 1
