Tiempo de corrida total: 0.219175
Tiempo de corrida recorrer el arbol: 0.037699
Valor de la funcion objetivo: 2
x19_1 = 1
x23_1 = 1
x25_1 = 1
x24_3 = 1
x36_3 = 1
w1 = 1
w3 = 1
