Tiempo de corrida total: 0.397223
Tiempo de corrida recorrer el arbol: 0.390138
Valor de la funcion objetivo: 2
x3_1 = 1
x20_1 = 1
x5_4 = 1
x24_4 = 1
x35_4 = 1
w1 = 1
w4 = 1
