Tiempo de corrida total: 0.25606
Tiempo de corrida recorrer el arbol: 0.24834
Valor de la funcion objetivo: 2
x1_3 = 1
x4_3 = 1
x7_3 = 1
x18_3 = 1
x21_3 = 1
x23_3 = 1
x36_3 = 1
x11_15 = 1
x12_15 = 1
x15_15 = 1
x20_15 = 1
x25_15 = 1
x29_15 = 1
x31_15 = 1
x40_15 = 1
w3 = 1
w15 = 1
