Tiempo de corrida total: 0.612682
Tiempo de corrida recorrer el arbol: 0.603559
Valor de la funcion objetivo: 2
x1_1 = 1
x2_1 = 1
x37_1 = 1
x3_2 = 1
x20_2 = 1
w1 = 1
w2 = 1
