Tiempo de corrida total: 0.184998
Tiempo de corrida recorrer el arbol: 0.0505588
Valor de la funcion objetivo: 2
x2_10 = 1
x8_10 = 1
x9_10 = 1
x10_10 = 1
x12_10 = 1
x21_10 = 1
x24_10 = 1
x29_10 = 1
x36_10 = 1
x1_17 = 1
x6_17 = 1
x11_17 = 1
x13_17 = 1
x16_17 = 1
x19_17 = 1
x20_17 = 1
x26_17 = 1
x33_17 = 1
x37_17 = 1
x39_17 = 1
w10 = 1
w17 = 1
