Tiempo de corrida total: 0.626608
Tiempo de corrida recorrer el arbol: 0.193056
Valor de la funcion objetivo: 4
x10_3 = 1
x19_3 = 1
x20_3 = 1
x22_3 = 1
x8_4 = 1
x5_7 = 1
x27_7 = 1
x28_7 = 1
x2_9 = 1
x30_9 = 1
w3 = 1
w4 = 1
w7 = 1
w9 = 1
