Tiempo de corrida total: 0.512342
Tiempo de corrida recorrer el arbol: 0.481595
Valor de la funcion objetivo: 2
x18_1 = 1
x22_1 = 1
x29_1 = 1
x30_1 = 1
x33_1 = 1
x2_3 = 1
x9_3 = 1
x10_3 = 1
x25_3 = 1
x38_3 = 1
w1 = 1
w3 = 1
