Tiempo de corrida total: 0.034256
Tiempo de corrida recorrer el arbol: 0.015532
Valor de la funcion objetivo: 1
x2_4 = 1
x4_4 = 1
x5_4 = 1
x10_4 = 1
x22_4 = 1
w4 = 1
