Tiempo de corrida total: 4.03517
Tiempo de corrida recorrer el arbol: 3.83976
Valor de la funcion objetivo: 3
x2_1 = 1
x19_1 = 1
x21_1 = 1
x23_1 = 1
x26_1 = 1
x28_1 = 1
x29_1 = 1
x1_9 = 1
x3_9 = 1
x12_9 = 1
x17_9 = 1
x30_9 = 1
x4_10 = 1
x5_10 = 1
x8_10 = 1
x9_10 = 1
x13_10 = 1
x14_10 = 1
x20_10 = 1
x24_10 = 1
w1 = 1
w9 = 1
w10 = 1
