Tiempo de corrida total: 0.244634
Tiempo de corrida recorrer el arbol: 0.076988
Valor de la funcion objetivo: 2
x11_3 = 1
x35_3 = 1
x36_3 = 1
x5_4 = 1
x17_4 = 1
w3 = 1
w4 = 1
