Tiempo de corrida total: 0.0577672
Tiempo de corrida recorrer el arbol: 0.022913
Valor de la funcion objetivo: 1
x2_5 = 1
x3_5 = 1
x9_5 = 1
x13_5 = 1
x18_5 = 1
w5 = 1
