Tiempo de corrida total: 0.093328
Tiempo de corrida recorrer el arbol: 0.0257118
Valor de la funcion objetivo: 1
x15_2 = 1
x16_2 = 1
x17_2 = 1
x27_2 = 1
x34_2 = 1
w2 = 1
