Tiempo de corrida total: 0.954734
Tiempo de corrida recorrer el arbol: 0.848911
Valor de la funcion objetivo: 2
x6_3 = 1
x26_3 = 1
x34_4 = 1
x37_4 = 1
x38_4 = 1
w3 = 1
w4 = 1
