Tiempo de corrida total: 1.92915
Tiempo de corrida recorrer el arbol: 1.68193
Valor de la funcion objetivo: 4
x5_1 = 1
x6_1 = 1
x17_2 = 1
x23_2 = 1
x30_2 = 1
x16_3 = 1
x22_3 = 1
x1_5 = 1
x18_5 = 1
x19_5 = 1
w1 = 1
w2 = 1
w3 = 1
w5 = 1
