Tiempo de corrida total: 0.259138
Tiempo de corrida recorrer el arbol: 0.250654
Valor de la funcion objetivo: 2
x11_2 = 1
x24_2 = 1
x3_5 = 1
x5_5 = 1
x6_5 = 1
w2 = 1
w5 = 1
