Tiempo de corrida total: 0.0966101
Tiempo de corrida recorrer el arbol: 0.0343559
Valor de la funcion objetivo: 2
x8_1 = 1
x9_1 = 1
x16_1 = 1
x25_1 = 1
x12_4 = 1
w1 = 1
w4 = 1
