Tiempo de corrida total: 0.730009
Tiempo de corrida recorrer el arbol: 0.165923
Valor de la funcion objetivo: 5
x16_6 = 1
x26_6 = 1
x2_7 = 1
x22_7 = 1
x9_8 = 1
x29_8 = 1
x12_9 = 1
x13_10 = 1
x15_10 = 1
x23_10 = 1
w6 = 1
w7 = 1
w8 = 1
w9 = 1
w10 = 1
