Tiempo de corrida total: 0.0302701
Tiempo de corrida recorrer el arbol: 0.00765896
Valor de la funcion objetivo: 1
x33_3 = 1
x35_3 = 1
x38_3 = 1
x39_3 = 1
x40_3 = 1
w3 = 1
