Tiempo de corrida total: 0.107232
Tiempo de corrida recorrer el arbol: 0.023926
Valor de la funcion objetivo: 2
x7_6 = 1
x10_6 = 1
x17_6 = 1
x23_6 = 1
x27_6 = 1
x30_6 = 1
x4_18 = 1
x5_18 = 1
x8_18 = 1
x12_18 = 1
x14_18 = 1
x15_18 = 1
x16_18 = 1
x19_18 = 1
x20_18 = 1
x21_18 = 1
x22_18 = 1
x24_18 = 1
x25_18 = 1
x26_18 = 1
w6 = 1
w18 = 1
