Tiempo de corrida total: 1.45576
Tiempo de corrida recorrer el arbol: 1.26793
Valor de la funcion objetivo: 2
x4_3 = 1
x8_3 = 1
x14_3 = 1
x23_3 = 1
x27_3 = 1
x30_3 = 1
x1_10 = 1
x3_10 = 1
x5_10 = 1
x10_10 = 1
x11_10 = 1
x12_10 = 1
x16_10 = 1
x18_10 = 1
x25_10 = 1
w3 = 1
w10 = 1
