Tiempo de corrida total: 0.454193
Tiempo de corrida recorrer el arbol: 0.385326
Valor de la funcion objetivo: 3
x15_1 = 1
x25_1 = 1
x11_2 = 1
x30_2 = 1
x26_3 = 1
w1 = 1
w2 = 1
w3 = 1
