Tiempo de corrida total: 2.07071
Tiempo de corrida recorrer el arbol: 2.03595
Valor de la funcion objetivo: 2
x10_1 = 1
x13_1 = 1
x18_1 = 1
x20_1 = 1
x25_1 = 1
x12_4 = 1
x17_4 = 1
x23_4 = 1
x32_4 = 1
x38_4 = 1
w1 = 1
w4 = 1
