Tiempo de corrida total: 0.0614181
Tiempo de corrida recorrer el arbol: 0.0287979
Valor de la funcion objetivo: 1
x2_3 = 1
x8_3 = 1
x18_3 = 1
x26_3 = 1
x27_3 = 1
w3 = 1
