Tiempo de corrida total: 0.429337
Tiempo de corrida recorrer el arbol: 0.232789
Valor de la funcion objetivo: 1
x2_10 = 1
x7_10 = 1
x12_10 = 1
x16_10 = 1
x23_10 = 1
x24_10 = 1
x33_10 = 1
x44_10 = 1
x45_10 = 1
x50_10 = 1
w10 = 1
