Tiempo de corrida total: 0.143081
Tiempo de corrida recorrer el arbol: 0.0357249
Valor de la funcion objetivo: 2
x3_2 = 1
x5_2 = 1
x16_2 = 1
x17_2 = 1
x25_2 = 1
x29_2 = 1
x33_2 = 1
x34_2 = 1
x10_9 = 1
x24_9 = 1
x26_9 = 1
x32_9 = 1
x35_9 = 1
x37_9 = 1
x40_9 = 1
w2 = 1
w9 = 1
