Tiempo de corrida total: 0.077337
Tiempo de corrida recorrer el arbol: 0.011209
Valor de la funcion objetivo: 1
x9_5 = 1
x12_5 = 1
x19_5 = 1
x29_5 = 1
x38_5 = 1
w5 = 1
