Tiempo de corrida total: 5.99972
Tiempo de corrida recorrer el arbol: 5.77776
Valor de la funcion objetivo: 4
x5_2 = 1
x8_2 = 1
x26_2 = 1
x10_3 = 1
x17_3 = 1
x20_6 = 1
x21_6 = 1
x24_6 = 1
x11_9 = 1
x18_9 = 1
w2 = 1
w3 = 1
w6 = 1
w9 = 1
