Tiempo de corrida total: 0.617533
Tiempo de corrida recorrer el arbol: 0.601051
Valor de la funcion objetivo: 2
x2_1 = 1
x9_1 = 1
x10_1 = 1
x11_1 = 1
x13_1 = 1
x15_1 = 1
x19_1 = 1
x22_1 = 1
x36_1 = 1
x4_15 = 1
x7_15 = 1
x24_15 = 1
x32_15 = 1
x37_15 = 1
x39_15 = 1
w1 = 1
w15 = 1
