Tiempo de corrida total: 0.403454
Tiempo de corrida recorrer el arbol: 0.123658
Valor de la funcion objetivo: 4
x16_5 = 1
x25_5 = 1
x29_5 = 1
x4_6 = 1
x17_6 = 1
x7_7 = 1
x18_7 = 1
x27_7 = 1
x22_8 = 1
x28_8 = 1
w5 = 1
w6 = 1
w7 = 1
w8 = 1
