Tiempo de corrida total: 1.02332
Tiempo de corrida recorrer el arbol: 0.197048
Valor de la funcion objetivo: 3
x2_8 = 1
x6_8 = 1
x16_8 = 1
x20_8 = 1
x23_8 = 1
x24_8 = 1
x3_10 = 1
x10_10 = 1
x27_10 = 1
x29_10 = 1
x1_13 = 1
x4_13 = 1
x9_13 = 1
x19_13 = 1
x25_13 = 1
w8 = 1
w10 = 1
w13 = 1
