Tiempo de corrida total: 0.792151
Tiempo de corrida recorrer el arbol: 0.776702
Valor de la funcion objetivo: 2
x3_3 = 1
x15_3 = 1
x28_3 = 1
x4_4 = 1
x7_4 = 1
w3 = 1
w4 = 1
