Tiempo de corrida total: 0.97557
Tiempo de corrida recorrer el arbol: 0.844608
Valor de la funcion objetivo: 2
x2_4 = 1
x27_4 = 1
x40_4 = 1
x1_5 = 1
x16_5 = 1
w4 = 1
w5 = 1
