Tiempo de corrida total: 1.08876
Tiempo de corrida recorrer el arbol: 0.179678
Valor de la funcion objetivo: 3
x3_5 = 1
x4_5 = 1
x20_5 = 1
x21_5 = 1
x27_5 = 1
x28_5 = 1
x11_13 = 1
x18_13 = 1
x23_13 = 1
x25_13 = 1
x1_14 = 1
x6_14 = 1
x24_14 = 1
x26_14 = 1
x30_14 = 1
w5 = 1
w13 = 1
w14 = 1
