Tiempo de corrida total: 0.143095
Tiempo de corrida recorrer el arbol: 0.0767498
Valor de la funcion objetivo: 1
x1_1 = 1
x9_1 = 1
x12_1 = 1
x22_1 = 1
x46_1 = 1
w1 = 1
