Tiempo de corrida total: 0.22961
Tiempo de corrida recorrer el arbol: 0.222231
Valor de la funcion objetivo: 2
x6_1 = 1
x13_1 = 1
x5_4 = 1
x11_4 = 1
x29_4 = 1
w1 = 1
w4 = 1
