Tiempo de corrida total: 0.296266
Tiempo de corrida recorrer el arbol: 0.286071
Valor de la funcion objetivo: 2
x9_4 = 1
x12_4 = 1
x3_5 = 1
x5_5 = 1
x6_5 = 1
w4 = 1
w5 = 1
