Tiempo de corrida total: 0.159486
Tiempo de corrida recorrer el arbol: 0.0668991
Valor de la funcion objetivo: 1
x1_4 = 1
x11_4 = 1
x16_4 = 1
x27_4 = 1
x29_4 = 1
w4 = 1
