Tiempo de corrida total: 4.03544
Tiempo de corrida recorrer el arbol: 2.28733
Valor de la funcion objetivo: 2
x7_9 = 1
x10_9 = 1
x13_9 = 1
x16_9 = 1
x27_9 = 1
x29_9 = 1
x30_9 = 1
x31_9 = 1
x46_9 = 1
x47_9 = 1
x48_9 = 1
x5_20 = 1
x6_20 = 1
x14_20 = 1
x20_20 = 1
x21_20 = 1
x32_20 = 1
x39_20 = 1
x49_20 = 1
x50_20 = 1
w9 = 1
w20 = 1
