Tiempo de corrida total: 7.37535
Tiempo de corrida recorrer el arbol: 7.21324
Valor de la funcion objetivo: 3
x6_17 = 1
x12_17 = 1
x17_17 = 1
x27_17 = 1
x37_17 = 1
x40_17 = 1
x9_18 = 1
x36_18 = 1
x5_19 = 1
x7_19 = 1
x8_19 = 1
x11_19 = 1
x16_19 = 1
x20_19 = 1
x21_19 = 1
x23_19 = 1
x25_19 = 1
x30_19 = 1
x34_19 = 1
x39_19 = 1
w17 = 1
w18 = 1
w19 = 1
