Tiempo de corrida total: 1.70324
Tiempo de corrida recorrer el arbol: 0.424411
Valor de la funcion objetivo: 5
x10_2 = 1
x15_2 = 1
x20_2 = 1
x21_3 = 1
x23_3 = 1
x25_3 = 1
x12_5 = 1
x18_5 = 1
x29_5 = 1
x1_8 = 1
x3_8 = 1
x11_8 = 1
x4_10 = 1
x17_10 = 1
x30_10 = 1
w2 = 1
w3 = 1
w5 = 1
w8 = 1
w10 = 1
