Tiempo de corrida total: 0.099263
Tiempo de corrida recorrer el arbol: 0.0449688
Valor de la funcion objetivo: 2
x2_2 = 1
x22_2 = 1
x23_2 = 1
x28_2 = 1
x21_5 = 1
w2 = 1
w5 = 1
