Tiempo de corrida total: 6.12557
Tiempo de corrida recorrer el arbol: 5.91712
Valor de la funcion objetivo: 3
x7_3 = 1
x16_3 = 1
x19_3 = 1
x20_3 = 1
x23_3 = 1
x25_3 = 1
x29_3 = 1
x37_3 = 1
x39_3 = 1
x34_12 = 1
x5_20 = 1
x6_20 = 1
x12_20 = 1
x17_20 = 1
x21_20 = 1
x24_20 = 1
x27_20 = 1
x35_20 = 1
x36_20 = 1
x40_20 = 1
w3 = 1
w12 = 1
w20 = 1
