Tiempo de corrida total: 0.126196
Tiempo de corrida recorrer el arbol: 0.0547812
Valor de la funcion objetivo: 2
x10_5 = 1
x17_5 = 1
x23_5 = 1
x27_5 = 1
x29_5 = 1
x30_5 = 1
x1_14 = 1
x3_14 = 1
x4_14 = 1
x5_14 = 1
x12_14 = 1
x15_14 = 1
x16_14 = 1
x19_14 = 1
x20_14 = 1
x21_14 = 1
x22_14 = 1
x24_14 = 1
x25_14 = 1
x26_14 = 1
w5 = 1
w14 = 1
