Tiempo de corrida total: 0.685361
Tiempo de corrida recorrer el arbol: 0.671371
Valor de la funcion objetivo: 2
x11_11 = 1
x16_11 = 1
x26_11 = 1
x32_11 = 1
x33_11 = 1
x3_13 = 1
x6_13 = 1
x10_13 = 1
x12_13 = 1
x15_13 = 1
x19_13 = 1
x21_13 = 1
x25_13 = 1
x27_13 = 1
x36_13 = 1
w11 = 1
w13 = 1
