Tiempo de corrida total: 0.610535
Tiempo de corrida recorrer el arbol: 0.0708499
Valor de la funcion objetivo: 2
x5_4 = 1
x6_4 = 1
x15_4 = 1
x23_4 = 1
x26_4 = 1
x30_4 = 1
x34_4 = 1
x36_4 = 1
x39_4 = 1
x7_10 = 1
w4 = 1
w10 = 1
