Tiempo de corrida total: 0.290886
Tiempo de corrida recorrer el arbol: 0.257128
Valor de la funcion objetivo: 2
x1_3 = 1
x3_3 = 1
x5_3 = 1
x10_3 = 1
x11_3 = 1
x12_3 = 1
x16_3 = 1
x18_3 = 1
x7_10 = 1
x29_10 = 1
w3 = 1
w10 = 1
