Tiempo de corrida total: 0.479649
Tiempo de corrida recorrer el arbol: 0.473613
Valor de la funcion objetivo: 2
x1_1 = 1
x3_1 = 1
x16_1 = 1
x4_2 = 1
x26_2 = 1
w1 = 1
w2 = 1
