Tiempo de corrida total: 0.187439
Tiempo de corrida recorrer el arbol: 0.139244
Valor de la funcion objetivo: 1
x4_1 = 1
x12_1 = 1
x16_1 = 1
x17_1 = 1
x20_1 = 1
x24_1 = 1
x33_1 = 1
x38_1 = 1
x47_1 = 1
x50_1 = 1
w1 = 1
