Tiempo de corrida total: 0.0360181
Tiempo de corrida recorrer el arbol: 0.032007
Valor de la funcion objetivo: 1
x5_1 = 1
x11_1 = 1
x12_1 = 1
x17_1 = 1
x34_1 = 1
x35_1 = 1
x43_1 = 1
x45_1 = 1
x48_1 = 1
x49_1 = 1
w1 = 1
