Tiempo de corrida total: 0.594523
Tiempo de corrida recorrer el arbol: 0.544657
Valor de la funcion objetivo: 2
x1_6 = 1
x5_6 = 1
x25_6 = 1
x31_6 = 1
x32_6 = 1
x34_6 = 1
x36_6 = 1
x3_12 = 1
x12_12 = 1
x16_12 = 1
x21_12 = 1
x23_12 = 1
x24_12 = 1
x26_12 = 1
x40_12 = 1
w6 = 1
w12 = 1
