Tiempo de corrida total: 0.0118768
Tiempo de corrida recorrer el arbol: 0.010499
Valor de la funcion objetivo: 1
x1_1 = 1
x2_1 = 1
x3_1 = 1
x5_1 = 1
x6_1 = 1
x8_1 = 1
x10_1 = 1
x11_1 = 1
x16_1 = 1
x37_1 = 1
w1 = 1
