Tiempo de corrida total: 0.967131
Tiempo de corrida recorrer el arbol: 0.916534
Valor de la funcion objetivo: 2
x2_5 = 1
x3_5 = 1
x18_5 = 1
x19_5 = 1
x20_5 = 1
x23_5 = 1
x24_5 = 1
x38_5 = 1
x40_5 = 1
x9_12 = 1
x10_12 = 1
x12_12 = 1
x25_12 = 1
x26_12 = 1
x32_12 = 1
w5 = 1
w12 = 1
