Tiempo de corrida total: 3.38247
Tiempo de corrida recorrer el arbol: 3.37204
Valor de la funcion objetivo: 2
x1_1 = 1
x2_1 = 1
x4_1 = 1
x10_1 = 1
x40_1 = 1
x5_2 = 1
x6_2 = 1
x13_2 = 1
x15_2 = 1
x24_2 = 1
w1 = 1
w2 = 1
