Tiempo de corrida total: 7.54458
Tiempo de corrida recorrer el arbol: 7.24498
Valor de la funcion objetivo: 4
x5_2 = 1
x7_2 = 1
x9_2 = 1
x19_3 = 1
x30_3 = 1
x4_6 = 1
x13_6 = 1
x11_9 = 1
x29_9 = 1
x32_9 = 1
w2 = 1
w3 = 1
w6 = 1
w9 = 1
