Tiempo de corrida total: 0.0121789
Tiempo de corrida recorrer el arbol: 0.00410414
Valor de la funcion objetivo: 1
x2_3 = 1
x7_3 = 1
x13_3 = 1
x15_3 = 1
x21_3 = 1
w3 = 1
