Tiempo de corrida total: 0.156209
Tiempo de corrida recorrer el arbol: 0.0587611
Valor de la funcion objetivo: 1
x9_5 = 1
x13_5 = 1
x15_5 = 1
x19_5 = 1
x28_5 = 1
w5 = 1
