Tiempo de corrida total: 0.13815
Tiempo de corrida recorrer el arbol: 0.0255799
Valor de la funcion objetivo: 2
x4_3 = 1
x32_3 = 1
x33_3 = 1
x14_5 = 1
x40_5 = 1
w3 = 1
w5 = 1
