Tiempo de corrida total: 1.56633
Tiempo de corrida recorrer el arbol: 1.55733
Valor de la funcion objetivo: 2
x5_1 = 1
x6_1 = 1
x10_1 = 1
x14_1 = 1
x15_1 = 1
x20_1 = 1
x21_1 = 1
x24_1 = 1
x26_1 = 1
x29_1 = 1
x31_1 = 1
x37_1 = 1
x41_1 = 1
x42_1 = 1
x45_1 = 1
x27_17 = 1
x28_17 = 1
x44_17 = 1
x48_17 = 1
x50_17 = 1
w1 = 1
w17 = 1
