Tiempo de corrida total: 0.11023
Tiempo de corrida recorrer el arbol: 0.0820141
Valor de la funcion objetivo: 1
x3_5 = 1
x13_5 = 1
x35_5 = 1
x36_5 = 1
x42_5 = 1
w5 = 1
