Tiempo de corrida total: 0.0261569
Tiempo de corrida recorrer el arbol: 0.00549197
Valor de la funcion objetivo: 1
x1_1 = 1
x8_1 = 1
x9_1 = 1
x11_1 = 1
x22_1 = 1
w1 = 1
