Tiempo de corrida total: 0.674501
Tiempo de corrida recorrer el arbol: 0.135649
Valor de la funcion objetivo: 2
x1_8 = 1
x3_8 = 1
x7_8 = 1
x11_8 = 1
x19_8 = 1
x21_8 = 1
x25_8 = 1
x26_8 = 1
x27_8 = 1
x5_12 = 1
x15_12 = 1
x30_12 = 1
x32_12 = 1
x36_12 = 1
x37_12 = 1
w8 = 1
w12 = 1
