Tiempo de corrida total: 2.80642
Tiempo de corrida recorrer el arbol: 2.57286
Valor de la funcion objetivo: 2
x4_1 = 1
x5_1 = 1
x9_1 = 1
x15_1 = 1
x17_1 = 1
x19_1 = 1
x21_1 = 1
x24_1 = 1
x29_1 = 1
x31_1 = 1
x33_1 = 1
x34_1 = 1
x37_1 = 1
x38_1 = 1
x23_13 = 1
w1 = 1
w13 = 1
