Tiempo de corrida total: 1.44496
Tiempo de corrida recorrer el arbol: 1.43642
Valor de la funcion objetivo: 2
x8_12 = 1
x16_12 = 1
x17_12 = 1
x27_12 = 1
x32_12 = 1
x35_12 = 1
x36_12 = 1
x37_12 = 1
x15_14 = 1
x18_14 = 1
x23_14 = 1
x25_14 = 1
x28_14 = 1
x40_14 = 1
x44_14 = 1
w12 = 1
w14 = 1
