Tiempo de corrida total: 4.16204
Tiempo de corrida recorrer el arbol: 2.21488
Valor de la funcion objetivo: 3
x5_5 = 1
x11_5 = 1
x22_5 = 1
x41_5 = 1
x42_5 = 1
x43_5 = 1
x48_5 = 1
x49_5 = 1
x3_13 = 1
x18_13 = 1
x28_13 = 1
x31_13 = 1
x37_13 = 1
x40_13 = 1
x17_17 = 1
x19_17 = 1
x25_17 = 1
x26_17 = 1
x27_17 = 1
x44_17 = 1
w5 = 1
w13 = 1
w17 = 1
