Tiempo de corrida total: 0.151265
Tiempo de corrida recorrer el arbol: 0.088094
Valor de la funcion objetivo: 1
x6_9 = 1
x8_9 = 1
x10_9 = 1
x21_9 = 1
x22_9 = 1
x30_9 = 1
x31_9 = 1
x33_9 = 1
x36_9 = 1
x37_9 = 1
x38_9 = 1
x43_9 = 1
x45_9 = 1
x46_9 = 1
x48_9 = 1
w9 = 1
