Tiempo de corrida total: 0.258444
Tiempo de corrida recorrer el arbol: 0.238983
Valor de la funcion objetivo: 2
x1_5 = 1
x9_5 = 1
x11_5 = 1
x15_5 = 1
x20_5 = 1
x21_5 = 1
x24_5 = 1
x25_5 = 1
x28_5 = 1
x3_11 = 1
x12_11 = 1
x16_11 = 1
x18_11 = 1
x26_11 = 1
x27_11 = 1
w5 = 1
w11 = 1
