Tiempo de corrida total: 4.15768
Tiempo de corrida recorrer el arbol: 3.96233
Valor de la funcion objetivo: 5
x3_1 = 1
x14_1 = 1
x19_1 = 1
x7_5 = 1
x10_5 = 1
x23_6 = 1
x27_6 = 1
x15_7 = 1
x17_7 = 1
x12_8 = 1
w1 = 1
w5 = 1
w6 = 1
w7 = 1
w8 = 1
