Tiempo de corrida total: 0.0480721
Tiempo de corrida recorrer el arbol: 0.0329721
Valor de la funcion objetivo: 1
x1_6 = 1
x3_6 = 1
x17_6 = 1
x23_6 = 1
x27_6 = 1
x30_6 = 1
x33_6 = 1
x34_6 = 1
x36_6 = 1
x38_6 = 1
w6 = 1
