Tiempo de corrida total: 1.46779
Tiempo de corrida recorrer el arbol: 1.45212
Valor de la funcion objetivo: 2
x1_1 = 1
x2_1 = 1
x4_1 = 1
x10_1 = 1
x18_1 = 1
x20_1 = 1
x27_1 = 1
x44_1 = 1
x47_1 = 1
x3_17 = 1
x12_17 = 1
x19_17 = 1
x23_17 = 1
x28_17 = 1
x29_17 = 1
x34_17 = 1
x36_17 = 1
x37_17 = 1
x48_17 = 1
x50_17 = 1
w1 = 1
w17 = 1
