Tiempo de corrida total: 0.113283
Tiempo de corrida recorrer el arbol: 0.018661
Valor de la funcion objetivo: 2
x3_9 = 1
x9_9 = 1
x15_9 = 1
x17_9 = 1
x19_9 = 1
x20_9 = 1
x23_9 = 1
x25_9 = 1
x27_9 = 1
x28_9 = 1
x4_12 = 1
x8_12 = 1
x10_12 = 1
x11_12 = 1
x12_12 = 1
x14_12 = 1
x18_12 = 1
x24_12 = 1
x29_12 = 1
x30_12 = 1
w9 = 1
w12 = 1
