Tiempo de corrida total: 0.102778
Tiempo de corrida recorrer el arbol: 0.022778
Valor de la funcion objetivo: 1
x26_2 = 1
x37_2 = 1
x38_2 = 1
x40_2 = 1
x47_2 = 1
w2 = 1
