Tiempo de corrida total: 5.29854
Tiempo de corrida recorrer el arbol: 4.84437
Valor de la funcion objetivo: 4
x34_2 = 1
x35_2 = 1
x36_2 = 1
x17_6 = 1
x40_6 = 1
x7_7 = 1
x37_7 = 1
x12_8 = 1
x13_8 = 1
x29_8 = 1
w2 = 1
w6 = 1
w7 = 1
w8 = 1
