Tiempo de corrida total: 0.076561
Tiempo de corrida recorrer el arbol: 0.0356979
Valor de la funcion objetivo: 2
x1_4 = 1
x15_4 = 1
x23_4 = 1
x22_5 = 1
x29_5 = 1
w4 = 1
w5 = 1
