Tiempo de corrida total: 0.0924592
Tiempo de corrida recorrer el arbol: 0.0336971
Valor de la funcion objetivo: 1
x23_5 = 1
x27_5 = 1
x35_5 = 1
x37_5 = 1
x39_5 = 1
w5 = 1
