Tiempo de corrida total: 0.353874
Tiempo de corrida recorrer el arbol: 0.0440021
Valor de la funcion objetivo: 2
x5_4 = 1
x28_4 = 1
x3_5 = 1
x21_5 = 1
x38_5 = 1
w4 = 1
w5 = 1
