Tiempo de corrida total: 2.21075
Tiempo de corrida recorrer el arbol: 1.26462
Valor de la funcion objetivo: 2
x6_2 = 1
x25_2 = 1
x40_2 = 1
x9_5 = 1
x16_5 = 1
x18_5 = 1
x24_5 = 1
x31_5 = 1
x36_5 = 1
x49_5 = 1
w2 = 1
w5 = 1
