Tiempo de corrida total: 0.510495
Tiempo de corrida recorrer el arbol: 0.113246
Valor de la funcion objetivo: 2
x1_4 = 1
x13_4 = 1
x19_4 = 1
x22_4 = 1
x27_4 = 1
x15_7 = 1
x16_7 = 1
x25_7 = 1
x29_7 = 1
x30_7 = 1
w4 = 1
w7 = 1
