Tiempo de corrida total: 0.400592
Tiempo de corrida recorrer el arbol: 0.352689
Valor de la funcion objetivo: 3
x28_1 = 1
x2_2 = 1
x21_2 = 1
x10_5 = 1
x15_5 = 1
w1 = 1
w2 = 1
w5 = 1
