Tiempo de corrida total: 2.32128
Tiempo de corrida recorrer el arbol: 2.27063
Valor de la funcion objetivo: 1
x9_10 = 1
x13_10 = 1
x16_10 = 1
x25_10 = 1
x32_10 = 1
x37_10 = 1
x38_10 = 1
x41_10 = 1
x42_10 = 1
x49_10 = 1
w10 = 1
