Tiempo de corrida total: 0.0930259
Tiempo de corrida recorrer el arbol: 0.0209341
Valor de la funcion objetivo: 2
x27_1 = 1
x3_3 = 1
x5_3 = 1
x10_3 = 1
x11_3 = 1
w1 = 1
w3 = 1
