Tiempo de corrida total: 0.214019
Tiempo de corrida recorrer el arbol: 0.20945
Valor de la funcion objetivo: 2
x1_1 = 1
x14_1 = 1
x19_1 = 1
x2_2 = 1
x11_2 = 1
w1 = 1
w2 = 1
