Tiempo de corrida total: 0.312847
Tiempo de corrida recorrer el arbol: 0.069931
Valor de la funcion objetivo: 2
x17_5 = 1
x18_5 = 1
x19_5 = 1
x29_5 = 1
x32_5 = 1
x33_5 = 1
x41_5 = 1
x43_5 = 1
x46_5 = 1
x4_7 = 1
x7_7 = 1
x20_7 = 1
x23_7 = 1
x24_7 = 1
x25_7 = 1
x26_7 = 1
x34_7 = 1
x44_7 = 1
x48_7 = 1
x50_7 = 1
w5 = 1
w7 = 1
