Tiempo de corrida total: 0.119402
Tiempo de corrida recorrer el arbol: 0.0338619
Valor de la funcion objetivo: 2
x4_9 = 1
x12_9 = 1
x16_9 = 1
x21_9 = 1
x28_9 = 1
x29_9 = 1
x30_9 = 1
x1_12 = 1
x2_12 = 1
x6_12 = 1
x8_12 = 1
x13_12 = 1
x17_12 = 1
x23_12 = 1
x26_12 = 1
w9 = 1
w12 = 1
