Tiempo de corrida total: 0.344986
Tiempo de corrida recorrer el arbol: 0.153454
Valor de la funcion objetivo: 1
x10_1 = 1
x13_1 = 1
x16_1 = 1
x25_1 = 1
x32_1 = 1
x37_1 = 1
x38_1 = 1
x41_1 = 1
x49_1 = 1
x50_1 = 1
w1 = 1
