Tiempo de corrida total: 0.131259
Tiempo de corrida recorrer el arbol: 0.117548
Valor de la funcion objetivo: 2
x3_1 = 1
x5_1 = 1
x26_1 = 1
x30_1 = 1
x6_3 = 1
x17_3 = 1
x20_3 = 1
x21_3 = 1
x25_3 = 1
x29_3 = 1
w1 = 1
w3 = 1
