Tiempo de corrida total: 0.840479
Tiempo de corrida recorrer el arbol: 0.699003
Valor de la funcion objetivo: 3
x4_5 = 1
x9_5 = 1
x24_5 = 1
x1_8 = 1
x15_8 = 1
x18_8 = 1
x12_9 = 1
x14_9 = 1
x28_9 = 1
x30_9 = 1
w5 = 1
w8 = 1
w9 = 1
