Tiempo de corrida total: 0.114614
Tiempo de corrida recorrer el arbol: 0.046196
Valor de la funcion objetivo: 2
x1_7 = 1
x3_7 = 1
x4_7 = 1
x6_7 = 1
x8_7 = 1
x10_7 = 1
x16_7 = 1
x19_7 = 1
x26_7 = 1
x27_7 = 1
x5_11 = 1
x9_11 = 1
x14_11 = 1
x17_11 = 1
x18_11 = 1
x23_11 = 1
x24_11 = 1
x25_11 = 1
x29_11 = 1
x30_11 = 1
w7 = 1
w11 = 1
