Tiempo de corrida total: 0.018059
Tiempo de corrida recorrer el arbol: 0.01336
Valor de la funcion objetivo: 1
x1_1 = 1
x2_1 = 1
x4_1 = 1
x7_1 = 1
x8_1 = 1
x15_1 = 1
x25_1 = 1
x30_1 = 1
x34_1 = 1
x45_1 = 1
w1 = 1
