Tiempo de corrida total: 0.23226
Tiempo de corrida recorrer el arbol: 0.22572
Valor de la funcion objetivo: 2
x1_1 = 1
x4_1 = 1
x5_1 = 1
x7_1 = 1
x14_1 = 1
x23_1 = 1
x28_1 = 1
x2_14 = 1
x6_14 = 1
x10_14 = 1
x16_14 = 1
x18_14 = 1
x20_14 = 1
x24_14 = 1
x25_14 = 1
w1 = 1
w14 = 1
