Tiempo de corrida total: 1.98308
Tiempo de corrida recorrer el arbol: 1.78915
Valor de la funcion objetivo: 2
x1_2 = 1
x3_2 = 1
x5_2 = 1
x9_2 = 1
x17_2 = 1
x33_2 = 1
x39_2 = 1
x6_3 = 1
x10_3 = 1
x21_3 = 1
w2 = 1
w3 = 1
