Tiempo de corrida total: 2.20772
Tiempo de corrida recorrer el arbol: 2.15741
Valor de la funcion objetivo: 2
x6_13 = 1
x11_13 = 1
x12_13 = 1
x21_13 = 1
x23_13 = 1
x27_13 = 1
x31_13 = 1
x35_13 = 1
x37_13 = 1
x5_19 = 1
x7_19 = 1
x8_19 = 1
x10_19 = 1
x13_19 = 1
x18_19 = 1
x19_19 = 1
x24_19 = 1
x29_19 = 1
x33_19 = 1
x34_19 = 1
w13 = 1
w19 = 1
