Tiempo de corrida total: 0.0514622
Tiempo de corrida recorrer el arbol: 0.0114889
Valor de la funcion objetivo: 1
x3_5 = 1
x8_5 = 1
x16_5 = 1
x34_5 = 1
x42_5 = 1
w5 = 1
