Tiempo de corrida total: 0.0997779
Tiempo de corrida recorrer el arbol: 0.0503409
Valor de la funcion objetivo: 2
x12_1 = 1
x22_1 = 1
x13_2 = 1
x19_2 = 1
x25_2 = 1
w1 = 1
w2 = 1
