Tiempo de corrida total: 0.332932
Tiempo de corrida recorrer el arbol: 0.302228
Valor de la funcion objetivo: 2
x18_2 = 1
x7_8 = 1
x10_8 = 1
x14_8 = 1
x16_8 = 1
x17_8 = 1
x24_8 = 1
x25_8 = 1
x27_8 = 1
x30_8 = 1
w2 = 1
w8 = 1
