Tiempo de corrida total: 3.08546
Tiempo de corrida recorrer el arbol: 3.07532
Valor de la funcion objetivo: 2
x6_5 = 1
x18_5 = 1
x24_5 = 1
x50_5 = 1
x2_7 = 1
x5_7 = 1
x10_7 = 1
x17_7 = 1
x22_7 = 1
x43_7 = 1
w5 = 1
w7 = 1
