Tiempo de corrida total: 0.0184951
Tiempo de corrida recorrer el arbol: 0.00384808
Valor de la funcion objetivo: 1
x1_1 = 1
x3_1 = 1
x7_1 = 1
x11_1 = 1
x13_1 = 1
w1 = 1
