Tiempo de corrida total: 5.89809
Tiempo de corrida recorrer el arbol: 5.48263
Valor de la funcion objetivo: 1
x11_7 = 1
x16_7 = 1
x23_7 = 1
x29_7 = 1
x35_7 = 1
x37_7 = 1
x38_7 = 1
x41_7 = 1
x43_7 = 1
x49_7 = 1
w7 = 1
