Tiempo de corrida total: 1.16269
Tiempo de corrida recorrer el arbol: 1.14625
Valor de la funcion objetivo: 2
x6_2 = 1
x10_2 = 1
x21_2 = 1
x22_2 = 1
x38_2 = 1
x8_3 = 1
x27_3 = 1
x30_3 = 1
x31_3 = 1
x39_3 = 1
w2 = 1
w3 = 1
