Tiempo de corrida total: 0.328659
Tiempo de corrida recorrer el arbol: 0.279874
Valor de la funcion objetivo: 2
x3_6 = 1
x4_6 = 1
x5_6 = 1
x12_6 = 1
x15_6 = 1
x18_6 = 1
x21_6 = 1
x23_6 = 1
x27_6 = 1
x29_6 = 1
x30_6 = 1
x1_7 = 1
x7_7 = 1
x11_7 = 1
x14_7 = 1
w6 = 1
w7 = 1
