Tiempo de corrida total: 0.128379
Tiempo de corrida recorrer el arbol: 0.0367079
Valor de la funcion objetivo: 1
x13_2 = 1
x18_2 = 1
x22_2 = 1
x29_2 = 1
x30_2 = 1
w2 = 1
