Tiempo de corrida total: 0.00723505
Tiempo de corrida recorrer el arbol: 0.00281501
Valor de la funcion objetivo: 1
x1_1 = 1
x2_1 = 1
x6_1 = 1
x9_1 = 1
x12_1 = 1
w1 = 1
