Tiempo de corrida total: 0.228528
Tiempo de corrida recorrer el arbol: 0.0913291
Valor de la funcion objetivo: 1
x3_4 = 1
x19_4 = 1
x31_4 = 1
x32_4 = 1
x36_4 = 1
w4 = 1
