Tiempo de corrida total: 2.99053
Tiempo de corrida recorrer el arbol: 2.98079
Valor de la funcion objetivo: 3
x1_1 = 1
x3_1 = 1
x4_1 = 1
x5_1 = 1
x9_1 = 1
x17_1 = 1
x23_1 = 1
x6_2 = 1
x13_2 = 1
x18_2 = 1
x28_2 = 1
x29_2 = 1
x30_2 = 1
x25_3 = 1
x27_3 = 1
w1 = 1
w2 = 1
w3 = 1
