Tiempo de corrida total: 0.571128
Tiempo de corrida recorrer el arbol: 0.100958
Valor de la funcion objetivo: 3
x11_11 = 1
x17_11 = 1
x18_11 = 1
x30_11 = 1
x2_12 = 1
x6_12 = 1
x16_12 = 1
x20_12 = 1
x23_12 = 1
x24_12 = 1
x3_13 = 1
x10_13 = 1
x13_13 = 1
x28_13 = 1
x29_13 = 1
w11 = 1
w12 = 1
w13 = 1
