Tiempo de corrida total: 1.02522
Tiempo de corrida recorrer el arbol: 0.54243
Valor de la funcion objetivo: 1
x13_4 = 1
x15_4 = 1
x16_4 = 1
x21_4 = 1
x27_4 = 1
x29_4 = 1
x30_4 = 1
x35_4 = 1
x41_4 = 1
x42_4 = 1
w4 = 1
