Tiempo de corrida total: 0.290483
Tiempo de corrida recorrer el arbol: 0.0724511
Valor de la funcion objetivo: 2
x10_15 = 1
x13_15 = 1
x15_15 = 1
x16_15 = 1
x26_15 = 1
x28_15 = 1
x37_15 = 1
x38_15 = 1
x41_15 = 1
x44_15 = 1
x47_15 = 1
x4_19 = 1
x7_19 = 1
x12_19 = 1
x18_19 = 1
x21_19 = 1
x34_19 = 1
x35_19 = 1
x40_19 = 1
x45_19 = 1
w15 = 1
w19 = 1
