Tiempo de corrida total: 3.00147
Tiempo de corrida recorrer el arbol: 2.74221
Valor de la funcion objetivo: 1
x1_2 = 1
x8_2 = 1
x15_2 = 1
x22_2 = 1
x23_2 = 1
x24_2 = 1
x31_2 = 1
x45_2 = 1
x47_2 = 1
x50_2 = 1
w2 = 1
