Tiempo de corrida total: 0.377639
Tiempo de corrida recorrer el arbol: 0.133311
Valor de la funcion objetivo: 2
x7_7 = 1
x34_7 = 1
x40_7 = 1
x1_10 = 1
x2_10 = 1
x6_10 = 1
x12_10 = 1
x18_10 = 1
x19_10 = 1
x21_10 = 1
x23_10 = 1
x25_10 = 1
x29_10 = 1
x31_10 = 1
x37_10 = 1
w7 = 1
w10 = 1
