Tiempo de corrida total: 0.239588
Tiempo de corrida recorrer el arbol: 0.0729191
Valor de la funcion objetivo: 1
x4_3 = 1
x7_3 = 1
x10_3 = 1
x14_3 = 1
x22_3 = 1
x23_3 = 1
x29_3 = 1
x32_3 = 1
x33_3 = 1
x45_3 = 1
w3 = 1
