Tiempo de corrida total: 0.685036
Tiempo de corrida recorrer el arbol: 0.573329
Valor de la funcion objetivo: 3
x8_2 = 1
x22_2 = 1
x2_3 = 1
x11_3 = 1
x15_3 = 1
x27_3 = 1
x7_4 = 1
x10_4 = 1
x18_4 = 1
x19_4 = 1
w2 = 1
w3 = 1
w4 = 1
