Tiempo de corrida total: 0.392098
Tiempo de corrida recorrer el arbol: 0.0943861
Valor de la funcion objetivo: 2
x2_2 = 1
x9_2 = 1
x10_2 = 1
x17_2 = 1
x26_2 = 1
x5_6 = 1
x11_6 = 1
x18_6 = 1
x25_6 = 1
x27_6 = 1
w2 = 1
w6 = 1
