Tiempo de corrida total: 1.39946
Tiempo de corrida recorrer el arbol: 1.29966
Valor de la funcion objetivo: 2
x1_3 = 1
x24_3 = 1
x31_3 = 1
x39_3 = 1
x2_7 = 1
x11_7 = 1
x12_7 = 1
x18_7 = 1
x22_7 = 1
x26_7 = 1
x27_7 = 1
x28_7 = 1
x30_7 = 1
x34_7 = 1
x40_7 = 1
w3 = 1
w7 = 1
