Tiempo de corrida total: 1.76221
Tiempo de corrida recorrer el arbol: 0.543468
Valor de la funcion objetivo: 2
x11_4 = 1
x15_4 = 1
x16_4 = 1
x30_4 = 1
x35_4 = 1
x6_7 = 1
x8_7 = 1
x14_7 = 1
x31_7 = 1
x38_7 = 1
w4 = 1
w7 = 1
