Tiempo de corrida total: 1.68024
Tiempo de corrida recorrer el arbol: 1.53364
Valor de la funcion objetivo: 2
x1_1 = 1
x2_1 = 1
x3_1 = 1
x7_1 = 1
x9_1 = 1
x17_1 = 1
x8_7 = 1
x16_7 = 1
x22_7 = 1
x33_7 = 1
w1 = 1
w7 = 1
