Tiempo de corrida total: 0.699453
Tiempo de corrida recorrer el arbol: 0.679038
Valor de la funcion objetivo: 2
x1_2 = 1
x11_2 = 1
x24_2 = 1
x27_2 = 1
x28_2 = 1
x2_8 = 1
x9_8 = 1
x10_8 = 1
x17_8 = 1
x25_8 = 1
w2 = 1
w8 = 1
