Tiempo de corrida total: 1.51667
Tiempo de corrida recorrer el arbol: 0.872042
Valor de la funcion objetivo: 4
x4_1 = 1
x14_1 = 1
x30_2 = 1
x38_2 = 1
x24_6 = 1
x25_6 = 1
x29_6 = 1
x11_8 = 1
x16_8 = 1
x39_8 = 1
w1 = 1
w2 = 1
w6 = 1
w8 = 1
