Tiempo de corrida total: 0.49575
Tiempo de corrida recorrer el arbol: 0.479587
Valor de la funcion objetivo: 3
x3_2 = 1
x29_2 = 1
x8_4 = 1
x9_5 = 1
x13_5 = 1
w2 = 1
w4 = 1
w5 = 1
