Tiempo de corrida total: 0.0610161
Tiempo de corrida recorrer el arbol: 0.0115581
Valor de la funcion objetivo: 1
x2_7 = 1
x3_7 = 1
x11_7 = 1
x14_7 = 1
x15_7 = 1
x17_7 = 1
x18_7 = 1
x22_7 = 1
x23_7 = 1
x36_7 = 1
w7 = 1
