Tiempo de corrida total: 0.996432
Tiempo de corrida recorrer el arbol: 0.990801
Valor de la funcion objetivo: 2
x1_1 = 1
x5_1 = 1
x7_1 = 1
x9_1 = 1
x10_1 = 1
x13_1 = 1
x18_1 = 1
x19_1 = 1
x25_1 = 1
x32_1 = 1
x34_1 = 1
x40_1 = 1
x4_16 = 1
x11_16 = 1
x12_16 = 1
x15_16 = 1
x27_16 = 1
x28_16 = 1
x29_16 = 1
x37_16 = 1
w1 = 1
w16 = 1
