Tiempo de corrida total: 5.22431
Tiempo de corrida recorrer el arbol: 4.78255
Valor de la funcion objetivo: 3
x10_1 = 1
x14_1 = 1
x31_1 = 1
x38_1 = 1
x22_8 = 1
x29_8 = 1
x36_8 = 1
x8_9 = 1
x13_9 = 1
x21_9 = 1
w1 = 1
w8 = 1
w9 = 1
