Tiempo de corrida total: 0.061528
Tiempo de corrida recorrer el arbol: 0.0165582
Valor de la funcion objetivo: 1
x9_5 = 1
x15_5 = 1
x18_5 = 1
x19_5 = 1
x20_5 = 1
w5 = 1
