Tiempo de corrida total: 0.132326
Tiempo de corrida recorrer el arbol: 0.047411
Valor de la funcion objetivo: 1
x37_4 = 1
x39_4 = 1
x42_4 = 1
x44_4 = 1
x47_4 = 1
w4 = 1
