Tiempo de corrida total: 1.55197
Tiempo de corrida recorrer el arbol: 1.37163
Valor de la funcion objetivo: 2
x7_1 = 1
x27_1 = 1
x33_1 = 1
x10_3 = 1
x25_3 = 1
w1 = 1
w3 = 1
