Tiempo de corrida total: 0.126513
Tiempo de corrida recorrer el arbol: 0.0405409
Valor de la funcion objetivo: 1
x6_1 = 1
x7_1 = 1
x18_1 = 1
x25_1 = 1
x28_1 = 1
w1 = 1
