Tiempo de corrida total: 0.0141101
Tiempo de corrida recorrer el arbol: 0.00418401
Valor de la funcion objetivo: 1
x3_1 = 1
x6_1 = 1
x13_1 = 1
x16_1 = 1
x17_1 = 1
x18_1 = 1
x19_1 = 1
x20_1 = 1
x26_1 = 1
x28_1 = 1
w1 = 1
