Tiempo de corrida total: 2.72333
Tiempo de corrida recorrer el arbol: 2.58759
Valor de la funcion objetivo: 2
x1_8 = 1
x2_8 = 1
x4_8 = 1
x6_8 = 1
x9_8 = 1
x13_8 = 1
x18_8 = 1
x3_10 = 1
x16_10 = 1
x33_10 = 1
w8 = 1
w10 = 1
