Tiempo de corrida total: 2.17255
Tiempo de corrida recorrer el arbol: 0.503829
Valor de la funcion objetivo: 4
x10_3 = 1
x19_3 = 1
x15_4 = 1
x21_4 = 1
x37_4 = 1
x3_5 = 1
x36_5 = 1
x2_10 = 1
x8_10 = 1
x22_10 = 1
w3 = 1
w4 = 1
w5 = 1
w10 = 1
