Tiempo de corrida total: 0.478808
Tiempo de corrida recorrer el arbol: 0.469714
Valor de la funcion objetivo: 2
x6_1 = 1
x7_1 = 1
x8_1 = 1
x10_1 = 1
x12_1 = 1
x16_1 = 1
x17_1 = 1
x26_1 = 1
x29_1 = 1
x1_19 = 1
x3_19 = 1
x4_19 = 1
x5_19 = 1
x9_19 = 1
x14_19 = 1
x19_19 = 1
x23_19 = 1
x24_19 = 1
x25_19 = 1
x27_19 = 1
w1 = 1
w19 = 1
