Tiempo de corrida total: 0.072824
Tiempo de corrida recorrer el arbol: 0.00598717
Valor de la funcion objetivo: 1
x1_5 = 1
x2_5 = 1
x3_5 = 1
x30_5 = 1
x38_5 = 1
w5 = 1
