Tiempo de corrida total: 1.44021
Tiempo de corrida recorrer el arbol: 1.41192
Valor de la funcion objetivo: 2
x1_6 = 1
x12_6 = 1
x18_6 = 1
x25_6 = 1
x29_6 = 1
x34_6 = 1
x40_6 = 1
x3_8 = 1
x10_8 = 1
x11_8 = 1
x16_8 = 1
x17_8 = 1
x19_8 = 1
x20_8 = 1
x21_8 = 1
w6 = 1
w8 = 1
