Tiempo de corrida total: 0.268738
Tiempo de corrida recorrer el arbol: 0.078079
Valor de la funcion objetivo: 2
x8_2 = 1
x12_2 = 1
x19_2 = 1
x24_2 = 1
x25_2 = 1
x33_2 = 1
x16_12 = 1
x17_12 = 1
x20_12 = 1
x21_12 = 1
x23_12 = 1
x31_12 = 1
x32_12 = 1
x34_12 = 1
x35_12 = 1
w2 = 1
w12 = 1
