Tiempo de corrida total: 0.782874
Tiempo de corrida recorrer el arbol: 0.191846
Valor de la funcion objetivo: 4
x13_2 = 1
x28_2 = 1
x3_7 = 1
x36_7 = 1
x12_9 = 1
x18_9 = 1
x29_9 = 1
x7_10 = 1
x34_10 = 1
x35_10 = 1
w2 = 1
w7 = 1
w9 = 1
w10 = 1
