Tiempo de corrida total: 0.0090239
Tiempo de corrida recorrer el arbol: 0.00724602
Valor de la funcion objetivo: 1
x1_1 = 1
x2_1 = 1
x5_1 = 1
x8_1 = 1
x10_1 = 1
x13_1 = 1
x16_1 = 1
x23_1 = 1
x33_1 = 1
x37_1 = 1
w1 = 1
