Tiempo de corrida total: 0.243965
Tiempo de corrida recorrer el arbol: 0.20974
Valor de la funcion objetivo: 2
x17_2 = 1
x28_2 = 1
x19_5 = 1
x21_5 = 1
x40_5 = 1
w2 = 1
w5 = 1
