Tiempo de corrida total: 0.893641
Tiempo de corrida recorrer el arbol: 0.861235
Valor de la funcion objetivo: 2
x7_10 = 1
x9_10 = 1
x11_10 = 1
x14_10 = 1
x18_10 = 1
x21_10 = 1
x29_10 = 1
x32_10 = 1
x1_14 = 1
x5_14 = 1
x12_14 = 1
x24_14 = 1
x26_14 = 1
x27_14 = 1
x33_14 = 1
x34_14 = 1
x36_14 = 1
x37_14 = 1
x39_14 = 1
x40_14 = 1
w10 = 1
w14 = 1
