Tiempo de corrida total: 2.47339
Tiempo de corrida recorrer el arbol: 2.46179
Valor de la funcion objetivo: 2
x1_1 = 1
x2_1 = 1
x4_1 = 1
x5_1 = 1
x6_1 = 1
x9_1 = 1
x14_1 = 1
x20_1 = 1
x26_1 = 1
x34_1 = 1
x37_1 = 1
x47_1 = 1
x48_1 = 1
x50_1 = 1
x3_2 = 1
x12_2 = 1
x16_2 = 1
x25_2 = 1
x27_2 = 1
x49_2 = 1
w1 = 1
w2 = 1
