Tiempo de corrida total: 0.358615
Tiempo de corrida recorrer el arbol: 0.0920422
Valor de la funcion objetivo: 3
x12_6 = 1
x13_6 = 1
x14_6 = 1
x17_6 = 1
x24_6 = 1
x29_6 = 1
x30_6 = 1
x1_16 = 1
x5_16 = 1
x7_16 = 1
x9_16 = 1
x20_16 = 1
x27_16 = 1
x4_18 = 1
x15_18 = 1
x16_18 = 1
x18_18 = 1
x23_18 = 1
x25_18 = 1
x26_18 = 1
w6 = 1
w16 = 1
w18 = 1
