Tiempo de corrida total: 1.01944
Tiempo de corrida recorrer el arbol: 0.918751
Valor de la funcion objetivo: 2
x1_1 = 1
x21_1 = 1
x4_2 = 1
x18_2 = 1
x39_2 = 1
w1 = 1
w2 = 1
