Tiempo de corrida total: 0.04649
Tiempo de corrida recorrer el arbol: 0.011003
Valor de la funcion objetivo: 1
x2_5 = 1
x10_5 = 1
x20_5 = 1
x26_5 = 1
x36_5 = 1
w5 = 1
