Tiempo de corrida total: 0.00879121
Tiempo de corrida recorrer el arbol: 0.0074749
Valor de la funcion objetivo: 1
x1_1 = 1
x2_1 = 1
x3_1 = 1
x4_1 = 1
x15_1 = 1
w1 = 1
