Tiempo de corrida total: 6.39342
Tiempo de corrida recorrer el arbol: 5.51927
Valor de la funcion objetivo: 4
x3_1 = 1
x5_3 = 1
x7_3 = 1
x10_3 = 1
x14_3 = 1
x25_3 = 1
x30_3 = 1
x1_11 = 1
x4_11 = 1
x19_11 = 1
x20_11 = 1
x6_13 = 1
x12_13 = 1
x16_13 = 1
x18_13 = 1
w1 = 1
w3 = 1
w11 = 1
w13 = 1
