Tiempo de corrida total: 3.35722
Tiempo de corrida recorrer el arbol: 3.30836
Valor de la funcion objetivo: 2
x2_8 = 1
x3_8 = 1
x5_8 = 1
x9_8 = 1
x12_8 = 1
x22_8 = 1
x27_8 = 1
x31_8 = 1
x30_10 = 1
x49_10 = 1
w8 = 1
w10 = 1
