Tiempo de corrida total: 0.357254
Tiempo de corrida recorrer el arbol: 0.0688679
Valor de la funcion objetivo: 2
x6_5 = 1
x11_5 = 1
x12_5 = 1
x23_5 = 1
x24_5 = 1
x26_5 = 1
x29_5 = 1
x31_5 = 1
x40_5 = 1
x1_8 = 1
x5_8 = 1
x25_8 = 1
x32_8 = 1
x34_8 = 1
x36_8 = 1
w5 = 1
w8 = 1
