Tiempo de corrida total: 0.114381
Tiempo de corrida recorrer el arbol: 0.111905
Valor de la funcion objetivo: 1
x3_1 = 1
x13_1 = 1
x17_1 = 1
x18_1 = 1
x26_1 = 1
w1 = 1
