Tiempo de corrida total: 0.105227
Tiempo de corrida recorrer el arbol: 0.0274401
Valor de la funcion objetivo: 1
x1_1 = 1
x9_1 = 1
x12_1 = 1
x26_1 = 1
x42_1 = 1
w1 = 1
