Tiempo de corrida total: 0.883633
Tiempo de corrida recorrer el arbol: 0.397812
Valor de la funcion objetivo: 2
x6_2 = 1
x18_2 = 1
x29_2 = 1
x37_2 = 1
x4_6 = 1
x5_6 = 1
x14_6 = 1
x21_6 = 1
x24_6 = 1
x32_6 = 1
w2 = 1
w6 = 1
