Tiempo de corrida total: 0.768125
Tiempo de corrida recorrer el arbol: 0.651071
Valor de la funcion objetivo: 2
x21_4 = 1
x22_4 = 1
x7_5 = 1
x8_5 = 1
x27_5 = 1
w4 = 1
w5 = 1
