Tiempo de corrida total: 0.0173719
Tiempo de corrida recorrer el arbol: 0.015331
Valor de la funcion objetivo: 1
x1_1 = 1
x2_1 = 1
x3_1 = 1
x5_1 = 1
x6_1 = 1
x8_1 = 1
x9_1 = 1
x10_1 = 1
x13_1 = 1
x28_1 = 1
w1 = 1
