Tiempo de corrida total: 0.106833
Tiempo de corrida recorrer el arbol: 0.069026
Valor de la funcion objetivo: 2
x26_1 = 1
x27_1 = 1
x9_2 = 1
x14_2 = 1
x16_2 = 1
w1 = 1
w2 = 1
