Tiempo de corrida total: 0.137999
Tiempo de corrida recorrer el arbol: 0.093107
Valor de la funcion objetivo: 2
x5_1 = 1
x27_1 = 1
x28_1 = 1
x2_5 = 1
x3_5 = 1
w1 = 1
w5 = 1
