Tiempo de corrida total: 0.0182161
Tiempo de corrida recorrer el arbol: 0.011781
Valor de la funcion objetivo: 1
x2_1 = 1
x6_1 = 1
x8_1 = 1
x12_1 = 1
x13_1 = 1
x16_1 = 1
x21_1 = 1
x24_1 = 1
x25_1 = 1
x30_1 = 1
w1 = 1
