Tiempo de corrida total: 0.466722
Tiempo de corrida recorrer el arbol: 0.0525382
Valor de la funcion objetivo: 5
x1_2 = 1
x16_2 = 1
x19_2 = 1
x21_3 = 1
x26_3 = 1
x5_5 = 1
x6_5 = 1
x9_6 = 1
x3_7 = 1
x8_7 = 1
w2 = 1
w3 = 1
w5 = 1
w6 = 1
w7 = 1
