Tiempo de corrida total: 0.019346
Tiempo de corrida recorrer el arbol: 0.00854993
Valor de la funcion objetivo: 1
x12_5 = 1
x14_5 = 1
x25_5 = 1
x29_5 = 1
x33_5 = 1
w5 = 1
