Tiempo de corrida total: 0.231403
Tiempo de corrida recorrer el arbol: 0.199728
Valor de la funcion objetivo: 2
x4_2 = 1
x32_2 = 1
x33_2 = 1
x1_5 = 1
x6_5 = 1
w2 = 1
w5 = 1
