Tiempo de corrida total: 0.0292699
Tiempo de corrida recorrer el arbol: 0.026444
Valor de la funcion objetivo: 1
x1_1 = 1
x11_1 = 1
x16_1 = 1
x27_1 = 1
x30_1 = 1
w1 = 1
