Tiempo de corrida total: 1.93219
Tiempo de corrida recorrer el arbol: 0.497631
Valor de la funcion objetivo: 4
x4_5 = 1
x29_5 = 1
x40_5 = 1
x18_6 = 1
x33_6 = 1
x14_7 = 1
x30_7 = 1
x13_9 = 1
x21_9 = 1
x35_9 = 1
w5 = 1
w6 = 1
w7 = 1
w9 = 1
