Tiempo de corrida total: 0.06916
Tiempo de corrida recorrer el arbol: 0.0340121
Valor de la funcion objetivo: 1
x10_4 = 1
x15_4 = 1
x19_4 = 1
x23_4 = 1
x28_4 = 1
w4 = 1
