Tiempo de corrida total: 3.69946
Tiempo de corrida recorrer el arbol: 3.23008
Valor de la funcion objetivo: 2
x5_5 = 1
x17_5 = 1
x37_5 = 1
x45_5 = 1
x16_9 = 1
x18_9 = 1
x25_9 = 1
x29_9 = 1
x31_9 = 1
x49_9 = 1
w5 = 1
w9 = 1
