Tiempo de corrida total: 0.225813
Tiempo de corrida recorrer el arbol: 0.176987
Valor de la funcion objetivo: 2
x1_6 = 1
x5_6 = 1
x10_6 = 1
x13_6 = 1
x16_6 = 1
x19_6 = 1
x36_6 = 1
x2_17 = 1
x3_17 = 1
x4_17 = 1
x6_17 = 1
x8_17 = 1
x9_17 = 1
x17_17 = 1
x24_17 = 1
x25_17 = 1
x30_17 = 1
x32_17 = 1
x33_17 = 1
x38_17 = 1
w6 = 1
w17 = 1
