Tiempo de corrida total: 0.018347
Tiempo de corrida recorrer el arbol: 0.00861692
Valor de la funcion objetivo: 1
x1_5 = 1
x3_5 = 1
x5_5 = 1
x6_5 = 1
x29_5 = 1
w5 = 1
