Tiempo de corrida total: 2.61935
Tiempo de corrida recorrer el arbol: 2.54021
Valor de la funcion objetivo: 2
x12_12 = 1
x13_12 = 1
x17_12 = 1
x20_12 = 1
x23_12 = 1
x30_12 = 1
x45_12 = 1
x46_12 = 1
x7_14 = 1
x11_14 = 1
x18_14 = 1
x19_14 = 1
x29_14 = 1
x36_14 = 1
x39_14 = 1
w12 = 1
w14 = 1
