Tiempo de corrida total: 0.263694
Tiempo de corrida recorrer el arbol: 0.06231
Valor de la funcion objetivo: 2
x4_11 = 1
x6_11 = 1
x7_11 = 1
x13_11 = 1
x21_11 = 1
x22_11 = 1
x27_11 = 1
x31_11 = 1
x34_11 = 1
x3_15 = 1
x9_15 = 1
x12_15 = 1
x14_15 = 1
x28_15 = 1
x29_15 = 1
w11 = 1
w15 = 1
