Tiempo de corrida total: 0.788523
Tiempo de corrida recorrer el arbol: 0.772599
Valor de la funcion objetivo: 3
x10_1 = 1
x15_1 = 1
x28_2 = 1
x2_4 = 1
x21_4 = 1
w1 = 1
w2 = 1
w4 = 1
