Tiempo de corrida total: 0.60989
Tiempo de corrida recorrer el arbol: 0.0741539
Valor de la funcion objetivo: 3
x10_6 = 1
x13_6 = 1
x20_6 = 1
x27_6 = 1
x34_6 = 1
x39_6 = 1
x43_6 = 1
x21_11 = 1
x25_11 = 1
x26_11 = 1
x29_11 = 1
x32_11 = 1
x47_11 = 1
x49_11 = 1
x7_15 = 1
x9_15 = 1
x11_15 = 1
x40_15 = 1
x41_15 = 1
x48_15 = 1
w6 = 1
w11 = 1
w15 = 1
