Tiempo de corrida total: 0.794619
Tiempo de corrida recorrer el arbol: 0.776855
Valor de la funcion objetivo: 2
x14_1 = 1
x16_1 = 1
x23_1 = 1
x26_1 = 1
x28_1 = 1
x34_1 = 1
x36_1 = 1
x37_1 = 1
x5_7 = 1
x25_7 = 1
x43_7 = 1
x44_7 = 1
x45_7 = 1
x48_7 = 1
x49_7 = 1
w1 = 1
w7 = 1
