Tiempo de corrida total: 0.0266418
Tiempo de corrida recorrer el arbol: 0.00510287
Valor de la funcion objetivo: 1
x15_4 = 1
x22_4 = 1
x24_4 = 1
x27_4 = 1
x30_4 = 1
w4 = 1
