Tiempo de corrida total: 0.0893099
Tiempo de corrida recorrer el arbol: 0.0291479
Valor de la funcion objetivo: 1
x1_15 = 1
x3_15 = 1
x9_15 = 1
x11_15 = 1
x17_15 = 1
x18_15 = 1
x19_15 = 1
x23_15 = 1
x25_15 = 1
x32_15 = 1
x33_15 = 1
x34_15 = 1
x35_15 = 1
x39_15 = 1
x40_15 = 1
w15 = 1
