Tiempo de corrida total: 1.65906
Tiempo de corrida recorrer el arbol: 1.64025
Valor de la funcion objetivo: 2
x17_2 = 1
x27_2 = 1
x37_2 = 1
x49_2 = 1
x5_10 = 1
x8_10 = 1
x14_10 = 1
x31_10 = 1
x36_10 = 1
x42_10 = 1
w2 = 1
w10 = 1
