Tiempo de corrida total: 0.24063
Tiempo de corrida recorrer el arbol: 0.028621
Valor de la funcion objetivo: 1
x3_5 = 1
x13_5 = 1
x31_5 = 1
x39_5 = 1
x44_5 = 1
w5 = 1
