Tiempo de corrida total: 0.033345
Tiempo de corrida recorrer el arbol: 0.0219319
Valor de la funcion objetivo: 2
x5_5 = 1
x12_5 = 1
x28_5 = 1
x30_5 = 1
x10_7 = 1
x18_7 = 1
x23_7 = 1
x24_7 = 1
x25_7 = 1
x29_7 = 1
w5 = 1
w7 = 1
