Tiempo de corrida total: 3.41843
Tiempo de corrida recorrer el arbol: 3.38882
Valor de la funcion objetivo: 3
x3_5 = 1
x4_5 = 1
x5_5 = 1
x7_5 = 1
x13_5 = 1
x15_5 = 1
x11_7 = 1
x12_7 = 1
x18_7 = 1
x20_7 = 1
x28_7 = 1
x30_7 = 1
x1_8 = 1
x24_8 = 1
x25_8 = 1
w5 = 1
w7 = 1
w8 = 1
