Tiempo de corrida total: 0.480333
Tiempo de corrida recorrer el arbol: 0.477507
Valor de la funcion objetivo: 2
x1_1 = 1
x7_1 = 1
x25_1 = 1
x2_2 = 1
x16_2 = 1
w1 = 1
w2 = 1
