Tiempo de corrida total: 0.213416
Tiempo de corrida recorrer el arbol: 0.026752
Valor de la funcion objetivo: 1
x1_1 = 1
x3_1 = 1
x8_1 = 1
x12_1 = 1
x39_1 = 1
w1 = 1
