Tiempo de corrida total: 0.994883
Tiempo de corrida recorrer el arbol: 0.910941
Valor de la funcion objetivo: 2
x1_2 = 1
x5_2 = 1
x16_2 = 1
x25_2 = 1
x26_2 = 1
x36_2 = 1
x8_5 = 1
x12_5 = 1
x23_5 = 1
x31_5 = 1
w2 = 1
w5 = 1
