Tiempo de corrida total: 0.814477
Tiempo de corrida recorrer el arbol: 0.56772
Valor de la funcion objetivo: 2
x4_5 = 1
x7_5 = 1
x8_5 = 1
x21_5 = 1
x32_5 = 1
x33_5 = 1
x37_5 = 1
x40_5 = 1
x2_9 = 1
x3_9 = 1
x6_9 = 1
x16_9 = 1
x17_9 = 1
x19_9 = 1
x36_9 = 1
w5 = 1
w9 = 1
