Tiempo de corrida total: 0.0564792
Tiempo de corrida recorrer el arbol: 0.021625
Valor de la funcion objetivo: 1
x11_4 = 1
x22_4 = 1
x24_4 = 1
x25_4 = 1
x29_4 = 1
w4 = 1
