Tiempo de corrida total: 1.70136
Tiempo de corrida recorrer el arbol: 1.69329
Valor de la funcion objetivo: 2
x1_1 = 1
x4_1 = 1
x6_1 = 1
x7_1 = 1
x12_1 = 1
x21_1 = 1
x23_1 = 1
x36_1 = 1
x8_15 = 1
x24_15 = 1
x27_15 = 1
x29_15 = 1
x32_15 = 1
x37_15 = 1
x40_15 = 1
w1 = 1
w15 = 1
