Tiempo de corrida total: 0.179858
Tiempo de corrida recorrer el arbol: 0.0228789
Valor de la funcion objetivo: 2
x3_5 = 1
x6_5 = 1
x7_5 = 1
x11_5 = 1
x15_5 = 1
x16_5 = 1
x18_5 = 1
x24_5 = 1
x25_5 = 1
x32_5 = 1
x36_5 = 1
x38_5 = 1
x17_15 = 1
x31_15 = 1
x33_15 = 1
w5 = 1
w15 = 1
