Tiempo de corrida total: 0.0233891
Tiempo de corrida recorrer el arbol: 0.00719309
Valor de la funcion objetivo: 1
x2_2 = 1
x5_2 = 1
x6_2 = 1
x32_2 = 1
x38_2 = 1
w2 = 1
