Tiempo de corrida total: 0.646217
Tiempo de corrida recorrer el arbol: 0.239928
Valor de la funcion objetivo: 1
x11_5 = 1
x16_5 = 1
x23_5 = 1
x24_5 = 1
x28_5 = 1
x29_5 = 1
x30_5 = 1
x33_5 = 1
x37_5 = 1
x49_5 = 1
w5 = 1
