Tiempo de corrida total: 0.524358
Tiempo de corrida recorrer el arbol: 0.13991
Valor de la funcion objetivo: 2
x5_1 = 1
x10_1 = 1
x21_1 = 1
x46_1 = 1
x7_9 = 1
x16_9 = 1
x18_9 = 1
x25_9 = 1
x36_9 = 1
x49_9 = 1
w1 = 1
w9 = 1
