Tiempo de corrida total: 4.90355
Tiempo de corrida recorrer el arbol: 4.47264
Valor de la funcion objetivo: 3
x12_5 = 1
x32_5 = 1
x39_5 = 1
x10_7 = 1
x30_7 = 1
x37_7 = 1
x40_7 = 1
x14_10 = 1
x17_10 = 1
x21_10 = 1
w5 = 1
w7 = 1
w10 = 1
