Tiempo de corrida total: 0.140414
Tiempo de corrida recorrer el arbol: 0.027179
Valor de la funcion objetivo: 2
x2_13 = 1
x3_13 = 1
x9_13 = 1
x17_13 = 1
x19_13 = 1
x26_13 = 1
x29_13 = 1
x4_20 = 1
x5_20 = 1
x6_20 = 1
x8_20 = 1
x10_20 = 1
x13_20 = 1
x14_20 = 1
x16_20 = 1
x18_20 = 1
x22_20 = 1
x25_20 = 1
x27_20 = 1
x28_20 = 1
w13 = 1
w20 = 1
