Tiempo de corrida total: 1.55988
Tiempo de corrida recorrer el arbol: 0.661003
Valor de la funcion objetivo: 2
x2_3 = 1
x6_3 = 1
x13_3 = 1
x22_3 = 1
x27_3 = 1
x30_3 = 1
x10_8 = 1
x12_8 = 1
x20_8 = 1
x25_8 = 1
w3 = 1
w8 = 1
