Tiempo de corrida total: 0.250194
Tiempo de corrida recorrer el arbol: 0.243385
Valor de la funcion objetivo: 2
x1_1 = 1
x12_1 = 1
x29_1 = 1
x15_2 = 1
x18_2 = 1
w1 = 1
w2 = 1
