Tiempo de corrida total: 0.515436
Tiempo de corrida recorrer el arbol: 0.164641
Valor de la funcion objetivo: 1
x12_7 = 1
x14_7 = 1
x22_7 = 1
x27_7 = 1
x29_7 = 1
x35_7 = 1
x42_7 = 1
x47_7 = 1
x49_7 = 1
x50_7 = 1
w7 = 1
