Tiempo de corrida total: 2.80261
Tiempo de corrida recorrer el arbol: 2.53533
Valor de la funcion objetivo: 3
x4_2 = 1
x9_2 = 1
x24_2 = 1
x1_4 = 1
x15_4 = 1
x18_4 = 1
x12_10 = 1
x14_10 = 1
x28_10 = 1
x30_10 = 1
w2 = 1
w4 = 1
w10 = 1
