Tiempo de corrida total: 0.223086
Tiempo de corrida recorrer el arbol: 0.0494912
Valor de la funcion objetivo: 2
x17_6 = 1
x26_6 = 1
x33_6 = 1
x36_6 = 1
x47_6 = 1
x50_6 = 1
x4_19 = 1
x6_19 = 1
x7_19 = 1
x9_19 = 1
x10_19 = 1
x13_19 = 1
x15_19 = 1
x20_19 = 1
x21_19 = 1
x23_19 = 1
x30_19 = 1
x34_19 = 1
x35_19 = 1
x43_19 = 1
w6 = 1
w19 = 1
