Tiempo de corrida total: 2.16136
Tiempo de corrida recorrer el arbol: 2.15103
Valor de la funcion objetivo: 2
x3_2 = 1
x8_2 = 1
x20_2 = 1
x23_2 = 1
x45_2 = 1
x46_2 = 1
x49_2 = 1
x2_7 = 1
x5_7 = 1
x9_7 = 1
x12_7 = 1
x17_7 = 1
x18_7 = 1
x22_7 = 1
x36_7 = 1
w2 = 1
w7 = 1
