Tiempo de corrida total: 0.349761
Tiempo de corrida recorrer el arbol: 0.0594552
Valor de la funcion objetivo: 1
x8_2 = 1
x12_2 = 1
x25_2 = 1
x28_2 = 1
x49_2 = 1
w2 = 1
