Tiempo de corrida total: 0.260521
Tiempo de corrida recorrer el arbol: 0.100477
Valor de la funcion objetivo: 1
x7_3 = 1
x16_3 = 1
x24_3 = 1
x45_3 = 1
x49_3 = 1
w3 = 1
