Tiempo de corrida total: 0.424319
Tiempo de corrida recorrer el arbol: 0.328284
Valor de la funcion objetivo: 2
x1_8 = 1
x3_8 = 1
x10_8 = 1
x11_8 = 1
x16_8 = 1
x20_8 = 1
x26_8 = 1
x31_8 = 1
x32_8 = 1
x35_8 = 1
x37_8 = 1
x38_8 = 1
x7_9 = 1
x14_9 = 1
x36_9 = 1
w8 = 1
w9 = 1
