Tiempo de corrida total: 7.04088
Tiempo de corrida recorrer el arbol: 6.98438
Valor de la funcion objetivo: 4
x1_2 = 1
x2_2 = 1
x7_2 = 1
x13_2 = 1
x29_2 = 1
x4_3 = 1
x5_3 = 1
x6_3 = 1
x10_3 = 1
x9_6 = 1
x12_6 = 1
x18_6 = 1
x20_6 = 1
x27_6 = 1
x23_7 = 1
w2 = 1
w3 = 1
w6 = 1
w7 = 1
