Tiempo de corrida total: 0.0697739
Tiempo de corrida recorrer el arbol: 0.0439091
Valor de la funcion objetivo: 1
x5_7 = 1
x9_7 = 1
x11_7 = 1
x14_7 = 1
x16_7 = 1
x18_7 = 1
x25_7 = 1
x26_7 = 1
x27_7 = 1
x28_7 = 1
w7 = 1
