Tiempo de corrida total: 1.83023
Tiempo de corrida recorrer el arbol: 0.477952
Valor de la funcion objetivo: 5
x1_2 = 1
x3_2 = 1
x23_2 = 1
x4_3 = 1
x5_3 = 1
x28_3 = 1
x6_7 = 1
x12_7 = 1
x14_7 = 1
x7_8 = 1
x25_8 = 1
x29_8 = 1
x20_13 = 1
x27_13 = 1
x30_13 = 1
w2 = 1
w3 = 1
w7 = 1
w8 = 1
w13 = 1
