Tiempo de corrida total: 0.109852
Tiempo de corrida recorrer el arbol: 0.022769
Valor de la funcion objetivo: 1
x6_1 = 1
x8_1 = 1
x9_1 = 1
x13_1 = 1
x19_1 = 1
w1 = 1
