Tiempo de corrida total: 0.187109
Tiempo de corrida recorrer el arbol: 0.0333419
Valor de la funcion objetivo: 2
x9_7 = 1
x15_7 = 1
x18_7 = 1
x24_7 = 1
x34_7 = 1
x3_12 = 1
x6_12 = 1
x7_12 = 1
x8_12 = 1
x13_12 = 1
x20_12 = 1
x35_12 = 1
x36_12 = 1
x44_12 = 1
x49_12 = 1
w7 = 1
w12 = 1
