Tiempo de corrida total: 0.15355
Tiempo de corrida recorrer el arbol: 0.0395482
Valor de la funcion objetivo: 2
x2_3 = 1
x3_3 = 1
x13_3 = 1
x14_3 = 1
x27_3 = 1
x33_3 = 1
x34_3 = 1
x35_3 = 1
x1_17 = 1
x8_17 = 1
x9_17 = 1
x16_17 = 1
x20_17 = 1
x26_17 = 1
x30_17 = 1
x31_17 = 1
x36_17 = 1
x37_17 = 1
x39_17 = 1
x40_17 = 1
w3 = 1
w17 = 1
