Tiempo de corrida total: 0.857424
Tiempo de corrida recorrer el arbol: 0.831768
Valor de la funcion objetivo: 2
x20_4 = 1
x26_4 = 1
x12_5 = 1
x21_5 = 1
x39_5 = 1
w4 = 1
w5 = 1
