Tiempo de corrida total: 2.62625
Tiempo de corrida recorrer el arbol: 2.54969
Valor de la funcion objetivo: 2
x3_3 = 1
x5_3 = 1
x8_3 = 1
x15_3 = 1
x22_3 = 1
x25_3 = 1
x29_3 = 1
x37_3 = 1
x48_3 = 1
x2_5 = 1
x9_5 = 1
x21_5 = 1
x23_5 = 1
x24_5 = 1
x42_5 = 1
w3 = 1
w5 = 1
