Tiempo de corrida total: 0.244979
Tiempo de corrida recorrer el arbol: 0.192188
Valor de la funcion objetivo: 2
x4_1 = 1
x5_1 = 1
x10_1 = 1
x14_1 = 1
x16_1 = 1
x17_1 = 1
x24_1 = 1
x25_1 = 1
x30_1 = 1
x27_10 = 1
w1 = 1
w10 = 1
