Tiempo de corrida total: 0.451789
Tiempo de corrida recorrer el arbol: 0.360997
Valor de la funcion objetivo: 2
x14_13 = 1
x16_13 = 1
x21_13 = 1
x25_13 = 1
x27_13 = 1
x32_13 = 1
x33_13 = 1
x34_13 = 1
x37_13 = 1
x40_13 = 1
x1_15 = 1
x12_15 = 1
x19_15 = 1
x24_15 = 1
x38_15 = 1
w13 = 1
w15 = 1
