Tiempo de corrida total: 0.827227
Tiempo de corrida recorrer el arbol: 0.759904
Valor de la funcion objetivo: 2
x5_5 = 1
x14_5 = 1
x30_5 = 1
x39_5 = 1
x3_10 = 1
x13_10 = 1
x19_10 = 1
x23_10 = 1
x26_10 = 1
x35_10 = 1
w5 = 1
w10 = 1
