Tiempo de corrida total: 0.0179451
Tiempo de corrida recorrer el arbol: 0.01618
Valor de la funcion objetivo: 1
x5_10 = 1
x10_10 = 1
x12_10 = 1
x14_10 = 1
x18_10 = 1
x25_10 = 1
x29_10 = 1
x31_10 = 1
x38_10 = 1
x49_10 = 1
w10 = 1
