Tiempo de corrida total: 0.139865
Tiempo de corrida recorrer el arbol: 0.134195
Valor de la funcion objetivo: 2
x5_1 = 1
x9_1 = 1
x16_1 = 1
x25_1 = 1
x29_1 = 1
x10_9 = 1
x18_9 = 1
x19_9 = 1
x23_9 = 1
x27_9 = 1
w1 = 1
w9 = 1
