Tiempo de corrida total: 1.29349
Tiempo de corrida recorrer el arbol: 0.441707
Valor de la funcion objetivo: 2
x2_3 = 1
x9_3 = 1
x11_3 = 1
x12_3 = 1
x13_3 = 1
x35_3 = 1
x6_6 = 1
x15_6 = 1
x34_6 = 1
x36_6 = 1
w3 = 1
w6 = 1
