Tiempo de corrida total: 0.97898
Tiempo de corrida recorrer el arbol: 0.973398
Valor de la funcion objetivo: 2
x1_1 = 1
x2_1 = 1
x3_1 = 1
x5_1 = 1
x6_1 = 1
x17_1 = 1
x33_1 = 1
x4_2 = 1
x9_2 = 1
x21_2 = 1
w1 = 1
w2 = 1
