Tiempo de corrida total: 0.141514
Tiempo de corrida recorrer el arbol: 0.034518
Valor de la funcion objetivo: 1
x10_2 = 1
x27_2 = 1
x30_2 = 1
x36_2 = 1
x37_2 = 1
w2 = 1
