Tiempo de corrida total: 0.137919
Tiempo de corrida recorrer el arbol: 0.131904
Valor de la funcion objetivo: 2
x1_1 = 1
x2_1 = 1
x3_1 = 1
x4_1 = 1
x5_1 = 1
x10_1 = 1
x12_1 = 1
x15_1 = 1
x17_1 = 1
x20_1 = 1
x23_1 = 1
x27_1 = 1
x8_2 = 1
x9_2 = 1
x16_2 = 1
w1 = 1
w2 = 1
