Tiempo de corrida total: 0.00638413
Tiempo de corrida recorrer el arbol: 0.00542784
Valor de la funcion objetivo: 1
x1_1 = 1
x3_1 = 1
x6_1 = 1
x11_1 = 1
x14_1 = 1
w1 = 1
