Tiempo de corrida total: 0.022208
Tiempo de corrida recorrer el arbol: 0.00944901
Valor de la funcion objetivo: 1
x2_3 = 1
x8_3 = 1
x10_3 = 1
x14_3 = 1
x36_3 = 1
w3 = 1
