Tiempo de corrida total: 0.488864
Tiempo de corrida recorrer el arbol: 0.482427
Valor de la funcion objetivo: 2
x1_1 = 1
x3_1 = 1
x4_2 = 1
x5_2 = 1
x12_2 = 1
w1 = 1
w2 = 1
