Tiempo de corrida total: 0.237408
Tiempo de corrida recorrer el arbol: 0.0248258
Valor de la funcion objetivo: 1
x4_1 = 1
x19_1 = 1
x22_1 = 1
x30_1 = 1
x43_1 = 1
w1 = 1
