Tiempo de corrida total: 0.0202911
Tiempo de corrida recorrer el arbol: 0.00770187
Valor de la funcion objetivo: 1
x10_2 = 1
x11_2 = 1
x21_2 = 1
x25_2 = 1
x33_2 = 1
w2 = 1
