Tiempo de corrida total: 0.363312
Tiempo de corrida recorrer el arbol: 0.101322
Valor de la funcion objetivo: 1
x6_3 = 1
x21_3 = 1
x24_3 = 1
x30_3 = 1
x34_3 = 1
w3 = 1
