Tiempo de corrida total: 0.121619
Tiempo de corrida recorrer el arbol: 0.0172188
Valor de la funcion objetivo: 1
x2_1 = 1
x10_1 = 1
x20_1 = 1
x21_1 = 1
x34_1 = 1
w1 = 1
