Tiempo de corrida total: 3.25432
Tiempo de corrida recorrer el arbol: 2.77592
Valor de la funcion objetivo: 3
x9_2 = 1
x10_2 = 1
x15_2 = 1
x19_2 = 1
x20_2 = 1
x25_2 = 1
x28_2 = 1
x1_14 = 1
x6_14 = 1
x11_14 = 1
x17_14 = 1
x18_14 = 1
x24_14 = 1
x3_17 = 1
x5_17 = 1
x16_17 = 1
x32_17 = 1
x36_17 = 1
x37_17 = 1
x39_17 = 1
w2 = 1
w14 = 1
w17 = 1
