Tiempo de corrida total: 0.915101
Tiempo de corrida recorrer el arbol: 0.878143
Valor de la funcion objetivo: 2
x5_3 = 1
x8_3 = 1
x15_3 = 1
x29_3 = 1
x34_3 = 1
x41_3 = 1
x17_10 = 1
x32_10 = 1
x45_10 = 1
x47_10 = 1
w3 = 1
w10 = 1
