Tiempo de corrida total: 0.160107
Tiempo de corrida recorrer el arbol: 0.0708821
Valor de la funcion objetivo: 1
x1_6 = 1
x2_6 = 1
x6_6 = 1
x11_6 = 1
x17_6 = 1
x22_6 = 1
x25_6 = 1
x29_6 = 1
x30_6 = 1
x36_6 = 1
w6 = 1
