Tiempo de corrida total: 0.338557
Tiempo de corrida recorrer el arbol: 0.0579619
Valor de la funcion objetivo: 2
x25_1 = 1
x33_1 = 1
x19_3 = 1
x26_3 = 1
x27_3 = 1
w1 = 1
w3 = 1
