Tiempo de corrida total: 0.0659499
Tiempo de corrida recorrer el arbol: 0.060724
Valor de la funcion objetivo: 1
x14_5 = 1
x15_5 = 1
x27_5 = 1
x36_5 = 1
x38_5 = 1
w5 = 1
