Tiempo de corrida total: 0.321709
Tiempo de corrida recorrer el arbol: 0.306952
Valor de la funcion objetivo: 2
x1_10 = 1
x2_10 = 1
x4_10 = 1
x10_10 = 1
x12_10 = 1
x13_10 = 1
x16_10 = 1
x20_10 = 1
x25_10 = 1
x29_10 = 1
x30_10 = 1
x14_15 = 1
x17_15 = 1
x24_15 = 1
x27_15 = 1
w10 = 1
w15 = 1
