Tiempo de corrida total: 0.861331
Tiempo de corrida recorrer el arbol: 0.185746
Valor de la funcion objetivo: 2
x6_3 = 1
x9_3 = 1
x10_3 = 1
x14_3 = 1
x20_3 = 1
x30_3 = 1
x34_3 = 1
x49_3 = 1
x7_15 = 1
x27_15 = 1
x33_15 = 1
x37_15 = 1
x40_15 = 1
x43_15 = 1
x50_15 = 1
w3 = 1
w15 = 1
