Tiempo de corrida total: 0.0311449
Tiempo de corrida recorrer el arbol: 0.007267
Valor de la funcion objetivo: 1
x27_2 = 1
x28_2 = 1
x34_2 = 1
x38_2 = 1
x39_2 = 1
w2 = 1
