Tiempo de corrida total: 0.011111
Tiempo de corrida recorrer el arbol: 0.00455904
Valor de la funcion objetivo: 1
x7_1 = 1
x8_1 = 1
x10_1 = 1
x18_1 = 1
x30_1 = 1
w1 = 1
