Tiempo de corrida total: 0.0996821
Tiempo de corrida recorrer el arbol: 0.0498061
Valor de la funcion objetivo: 1
x5_7 = 1
x12_7 = 1
x13_7 = 1
x14_7 = 1
x21_7 = 1
x25_7 = 1
x32_7 = 1
x38_7 = 1
x40_7 = 1
x44_7 = 1
w7 = 1
