Tiempo de corrida total: 0.0044229
Tiempo de corrida recorrer el arbol: 0.00387001
Valor de la funcion objetivo: 1
x1_1 = 1
x3_1 = 1
x10_1 = 1
x13_1 = 1
x14_1 = 1
w1 = 1
