Tiempo de corrida total: 0.0119669
Tiempo de corrida recorrer el arbol: 0.00542402
Valor de la funcion objetivo: 1
x10_5 = 1
x13_5 = 1
x18_5 = 1
x25_5 = 1
x30_5 = 1
w5 = 1
