Tiempo de corrida total: 0.635627
Tiempo de corrida recorrer el arbol: 0.617703
Valor de la funcion objetivo: 2
x39_1 = 1
x1_5 = 1
x5_5 = 1
x14_5 = 1
x34_5 = 1
w1 = 1
w5 = 1
