Tiempo de corrida total: 0.014456
Tiempo de corrida recorrer el arbol: 0.0067749
Valor de la funcion objetivo: 1
x1_3 = 1
x22_3 = 1
x25_3 = 1
x29_3 = 1
x30_3 = 1
w3 = 1
