Tiempo de corrida total: 0.174478
Tiempo de corrida recorrer el arbol: 0.0446692
Valor de la funcion objetivo: 2
x1_1 = 1
x4_1 = 1
x7_1 = 1
x16_1 = 1
x18_1 = 1
x25_1 = 1
x36_1 = 1
x9_5 = 1
x10_5 = 1
x12_5 = 1
x15_5 = 1
x31_5 = 1
x32_5 = 1
x37_5 = 1
x40_5 = 1
w1 = 1
w5 = 1
