Tiempo de corrida total: 3.78439
Tiempo de corrida recorrer el arbol: 3.35688
Valor de la funcion objetivo: 4
x13_1 = 1
x21_1 = 1
x35_1 = 1
x26_3 = 1
x30_3 = 1
x31_3 = 1
x8_7 = 1
x38_7 = 1
x4_9 = 1
x29_9 = 1
w1 = 1
w3 = 1
w7 = 1
w9 = 1
