Tiempo de corrida total: 0.130935
Tiempo de corrida recorrer el arbol: 0.126188
Valor de la funcion objetivo: 2
x1_1 = 1
x2_1 = 1
x6_1 = 1
x7_1 = 1
x8_1 = 1
x24_1 = 1
x3_2 = 1
x14_2 = 1
x16_2 = 1
x30_2 = 1
w1 = 1
w2 = 1
