Tiempo de corrida total: 0.042603
Tiempo de corrida recorrer el arbol: 0.0208261
Valor de la funcion objetivo: 1
x7_4 = 1
x15_4 = 1
x21_4 = 1
x36_4 = 1
x37_4 = 1
w4 = 1
