Tiempo de corrida total: 0.526759
Tiempo de corrida recorrer el arbol: 0.492516
Valor de la funcion objetivo: 2
x1_3 = 1
x3_3 = 1
x7_3 = 1
x16_4 = 1
x30_4 = 1
w3 = 1
w4 = 1
