Tiempo de corrida total: 1.26039
Tiempo de corrida recorrer el arbol: 1.13298
Valor de la funcion objetivo: 2
x7_3 = 1
x8_3 = 1
x11_3 = 1
x17_3 = 1
x31_3 = 1
x36_3 = 1
x10_5 = 1
x16_5 = 1
x19_5 = 1
x27_5 = 1
w3 = 1
w5 = 1
