Tiempo de corrida total: 0.392857
Tiempo de corrida recorrer el arbol: 0.283245
Valor de la funcion objetivo: 2
x2_2 = 1
x10_2 = 1
x18_2 = 1
x21_2 = 1
x30_2 = 1
x38_2 = 1
x39_2 = 1
x1_5 = 1
x6_5 = 1
x12_5 = 1
x19_5 = 1
x25_5 = 1
x26_5 = 1
x29_5 = 1
x31_5 = 1
w2 = 1
w5 = 1
