Tiempo de corrida total: 4.51526
Tiempo de corrida recorrer el arbol: 4.49693
Valor de la funcion objetivo: 3
x4_6 = 1
x14_6 = 1
x15_6 = 1
x25_6 = 1
x23_8 = 1
x28_8 = 1
x1_9 = 1
x19_9 = 1
x24_9 = 1
x30_9 = 1
w6 = 1
w8 = 1
w9 = 1
