Tiempo de corrida total: 0.0148759
Tiempo de corrida recorrer el arbol: 0.0128171
Valor de la funcion objetivo: 1
x1_1 = 1
x2_1 = 1
x5_1 = 1
x22_1 = 1
x23_1 = 1
w1 = 1
