Tiempo de corrida total: 0.146679
Tiempo de corrida recorrer el arbol: 0.0767488
Valor de la funcion objetivo: 1
x3_2 = 1
x7_2 = 1
x14_2 = 1
x29_2 = 1
x30_2 = 1
x31_2 = 1
x34_2 = 1
x37_2 = 1
x38_2 = 1
x40_2 = 1
w2 = 1
