Tiempo de corrida total: 0.232983
Tiempo de corrida recorrer el arbol: 0.204728
Valor de la funcion objetivo: 2
x1_6 = 1
x2_6 = 1
x3_6 = 1
x10_6 = 1
x12_6 = 1
x14_6 = 1
x16_6 = 1
x19_6 = 1
x26_6 = 1
x27_6 = 1
x5_13 = 1
x7_13 = 1
x9_13 = 1
x11_13 = 1
x17_13 = 1
x18_13 = 1
x24_13 = 1
x25_13 = 1
x28_13 = 1
x30_13 = 1
w6 = 1
w13 = 1
