Tiempo de corrida total: 1.78791
Tiempo de corrida recorrer el arbol: 1.77767
Valor de la funcion objetivo: 2
x12_1 = 1
x14_1 = 1
x24_1 = 1
x27_1 = 1
x39_1 = 1
x42_1 = 1
x2_10 = 1
x8_10 = 1
x25_10 = 1
x29_10 = 1
w1 = 1
w10 = 1
