Tiempo de corrida total: 0.00802898
Tiempo de corrida recorrer el arbol: 0.00697708
Valor de la funcion objetivo: 1
x1_1 = 1
x3_1 = 1
x4_1 = 1
x8_1 = 1
x44_1 = 1
w1 = 1
