Tiempo de corrida total: 1.75712
Tiempo de corrida recorrer el arbol: 0.244015
Valor de la funcion objetivo: 2
x3_8 = 1
x19_8 = 1
x30_8 = 1
x32_8 = 1
x33_8 = 1
x35_8 = 1
x40_8 = 1
x2_12 = 1
x12_12 = 1
x14_12 = 1
x22_12 = 1
x24_12 = 1
x28_12 = 1
x31_12 = 1
x48_12 = 1
w8 = 1
w12 = 1
