Tiempo de corrida total: 0.154489
Tiempo de corrida recorrer el arbol: 0.0630929
Valor de la funcion objetivo: 1
x5_2 = 1
x7_2 = 1
x27_2 = 1
x30_2 = 1
x36_2 = 1
w2 = 1
