Tiempo de corrida total: 0.250572
Tiempo de corrida recorrer el arbol: 0.248932
Valor de la funcion objetivo: 2
x1_1 = 1
x2_1 = 1
x3_1 = 1
x6_1 = 1
x8_1 = 1
x11_1 = 1
x13_1 = 1
x14_1 = 1
x15_1 = 1
x17_1 = 1
x21_1 = 1
x23_1 = 1
x16_2 = 1
x20_2 = 1
x25_2 = 1
w1 = 1
w2 = 1
