Tiempo de corrida total: 0.0935879
Tiempo de corrida recorrer el arbol: 0.0778742
Valor de la funcion objetivo: 2
x18_10 = 1
x23_10 = 1
x1_13 = 1
x3_13 = 1
x4_13 = 1
x5_13 = 1
x10_13 = 1
x12_13 = 1
x17_13 = 1
x19_13 = 1
x20_13 = 1
x26_13 = 1
x27_13 = 1
x28_13 = 1
x29_13 = 1
w10 = 1
w13 = 1
