Tiempo de corrida total: 0.148131
Tiempo de corrida recorrer el arbol: 0.0167542
Valor de la funcion objetivo: 2
x2_5 = 1
x4_5 = 1
x9_5 = 1
x10_5 = 1
x11_5 = 1
x18_5 = 1
x20_5 = 1
x22_5 = 1
x27_5 = 1
x3_8 = 1
w5 = 1
w8 = 1
