Tiempo de corrida total: 2.91448
Tiempo de corrida recorrer el arbol: 0.844253
Valor de la funcion objetivo: 2
x4_2 = 1
x9_2 = 1
x31_2 = 1
x32_2 = 1
x49_2 = 1
x50_2 = 1
x16_15 = 1
x17_15 = 1
x23_15 = 1
x29_15 = 1
x35_15 = 1
x36_15 = 1
x39_15 = 1
x40_15 = 1
x46_15 = 1
w2 = 1
w15 = 1
