Tiempo de corrida total: 0.0163181
Tiempo de corrida recorrer el arbol: 0.00828004
Valor de la funcion objetivo: 1
x1_4 = 1
x3_4 = 1
x8_4 = 1
x25_4 = 1
x29_4 = 1
w4 = 1
