Tiempo de corrida total: 0.0500779
Tiempo de corrida recorrer el arbol: 0.013628
Valor de la funcion objetivo: 1
x3_2 = 1
x7_2 = 1
x18_2 = 1
x26_2 = 1
x28_2 = 1
w2 = 1
