Tiempo de corrida total: 0.127248
Tiempo de corrida recorrer el arbol: 0.036623
Valor de la funcion objetivo: 2
x1_9 = 1
x2_9 = 1
x3_9 = 1
x10_9 = 1
x12_9 = 1
x13_9 = 1
x18_9 = 1
x27_9 = 1
x30_9 = 1
x5_18 = 1
x8_18 = 1
x11_18 = 1
x14_18 = 1
x17_18 = 1
x19_18 = 1
x21_18 = 1
x23_18 = 1
x24_18 = 1
x25_18 = 1
x29_18 = 1
w9 = 1
w18 = 1
