Tiempo de corrida total: 0.077929
Tiempo de corrida recorrer el arbol: 0.0147431
Valor de la funcion objetivo: 1
x1_5 = 1
x10_5 = 1
x15_5 = 1
x17_5 = 1
x29_5 = 1
w5 = 1
