Tiempo de corrida total: 0.039047
Tiempo de corrida recorrer el arbol: 0.0106089
Valor de la funcion objetivo: 1
x1_4 = 1
x5_4 = 1
x7_4 = 1
x9_4 = 1
x10_4 = 1
x13_4 = 1
x18_4 = 1
x21_4 = 1
x24_4 = 1
x28_4 = 1
w4 = 1
