Tiempo de corrida total: 0.075958
Tiempo de corrida recorrer el arbol: 0.0614691
Valor de la funcion objetivo: 3
x7_5 = 1
x9_5 = 1
x10_5 = 1
x1_6 = 1
x3_6 = 1
x6_6 = 1
x8_6 = 1
x2_10 = 1
x5_10 = 1
x11_10 = 1
w5 = 1
w6 = 1
w10 = 1
