Tiempo de corrida total: 4.50535
Tiempo de corrida recorrer el arbol: 4.13348
Valor de la funcion objetivo: 2
x2_16 = 1
x18_16 = 1
x20_16 = 1
x30_16 = 1
x33_16 = 1
x38_16 = 1
x39_16 = 1
x41_16 = 1
x43_16 = 1
x45_16 = 1
x1_17 = 1
x3_17 = 1
x6_17 = 1
x8_17 = 1
x12_17 = 1
x19_17 = 1
x26_17 = 1
x29_17 = 1
x37_17 = 1
x40_17 = 1
w16 = 1
w17 = 1
