Tiempo de corrida total: 0.0448499
Tiempo de corrida recorrer el arbol: 0.0139179
Valor de la funcion objetivo: 1
x6_4 = 1
x10_4 = 1
x18_4 = 1
x21_4 = 1
x42_4 = 1
w4 = 1
