Tiempo de corrida total: 0.0189798
Tiempo de corrida recorrer el arbol: 0.0106258
Valor de la funcion objetivo: 1
x6_3 = 1
x7_3 = 1
x8_3 = 1
x18_3 = 1
x21_3 = 1
w3 = 1
