Tiempo de corrida total: 0.0734339
Tiempo de corrida recorrer el arbol: 0.069536
Valor de la funcion objetivo: 3
x5_4 = 1
x6_4 = 1
x7_4 = 1
x10_4 = 1
x3_5 = 1
x8_5 = 1
x9_5 = 1
x2_9 = 1
x4_9 = 1
x11_9 = 1
w4 = 1
w5 = 1
w9 = 1
