Tiempo de corrida total: 1.01637
Tiempo de corrida recorrer el arbol: 0.380732
Valor de la funcion objetivo: 2
x5_9 = 1
x23_9 = 1
x24_9 = 1
x28_9 = 1
x30_9 = 1
x33_9 = 1
x34_9 = 1
x12_17 = 1
x14_17 = 1
x18_17 = 1
x19_17 = 1
x20_17 = 1
x21_17 = 1
x29_17 = 1
x35_17 = 1
x37_17 = 1
x40_17 = 1
x41_17 = 1
x42_17 = 1
x43_17 = 1
w9 = 1
w17 = 1
