Tiempo de corrida total: 0.0524919
Tiempo de corrida recorrer el arbol: 0.00978303
Valor de la funcion objetivo: 1
x12_5 = 1
x17_5 = 1
x21_5 = 1
x35_5 = 1
x41_5 = 1
w5 = 1
