Tiempo de corrida total: 0.028095
Tiempo de corrida recorrer el arbol: 0.019089
Valor de la funcion objetivo: 2
x15_4 = 1
x22_4 = 1
x6_10 = 1
x8_10 = 1
x9_10 = 1
x10_10 = 1
x17_10 = 1
x18_10 = 1
x19_10 = 1
x20_10 = 1
w4 = 1
w10 = 1
