Tiempo de corrida total: 0.268725
Tiempo de corrida recorrer el arbol: 0.248254
Valor de la funcion objetivo: 1
x12_20 = 1
x13_20 = 1
x15_20 = 1
x19_20 = 1
x20_20 = 1
x35_20 = 1
x37_20 = 1
x38_20 = 1
x40_20 = 1
x42_20 = 1
x45_20 = 1
x60_20 = 1
x63_20 = 1
x64_20 = 1
x68_20 = 1
x86_20 = 1
x87_20 = 1
x88_20 = 1
x89_20 = 1
x90_20 = 1
w20 = 1
