Tiempo de corrida total: 0.0213621
Tiempo de corrida recorrer el arbol: 0.0118642
Valor de la funcion objetivo: 1
x7_4 = 1
x8_4 = 1
x9_4 = 1
x20_4 = 1
x21_4 = 1
w4 = 1
