Tiempo de corrida total: 0.0152948
Tiempo de corrida recorrer el arbol: 0.011972
Valor de la funcion objetivo: 2
x1_1 = 1
x11_1 = 1
x3_2 = 1
x4_2 = 1
x9_2 = 1
w1 = 1
w2 = 1
