Tiempo de corrida total: 1.20007
Tiempo de corrida recorrer el arbol: 1.03772
Valor de la funcion objetivo: 2
x1_4 = 1
x23_4 = 1
x24_4 = 1
x26_4 = 1
x34_4 = 1
x16_14 = 1
x18_14 = 1
x20_14 = 1
x25_14 = 1
x30_14 = 1
x33_14 = 1
x35_14 = 1
x36_14 = 1
x39_14 = 1
x44_14 = 1
w4 = 1
w14 = 1
