Tiempo de corrida total: 0.0555689
Tiempo de corrida recorrer el arbol: 0.0118229
Valor de la funcion objetivo: 1
x7_2 = 1
x18_2 = 1
x19_2 = 1
x30_2 = 1
x42_2 = 1
w2 = 1
