Tiempo de corrida total: 0.0367601
Tiempo de corrida recorrer el arbol: 0.00961709
Valor de la funcion objetivo: 1
x1_1 = 1
x5_1 = 1
x10_1 = 1
x24_1 = 1
x29_1 = 1
w1 = 1
