Tiempo de corrida total: 0.808654
Tiempo de corrida recorrer el arbol: 0.700296
Valor de la funcion objetivo: 2
x16_1 = 1
x25_1 = 1
x30_1 = 1
x35_1 = 1
x37_1 = 1
x39_1 = 1
x40_1 = 1
x41_1 = 1
x42_1 = 1
x43_1 = 1
x1_2 = 1
x23_2 = 1
x26_2 = 1
x31_2 = 1
x33_2 = 1
w1 = 1
w2 = 1
