Tiempo de corrida total: 0.00951195
Tiempo de corrida recorrer el arbol: 0.00526094
Valor de la funcion objetivo: 2
x3_2 = 1
x8_2 = 1
x2_3 = 1
x4_3 = 1
x9_3 = 1
w2 = 1
w3 = 1
