Tiempo de corrida total: 0.0126209
Tiempo de corrida recorrer el arbol: 0.00218606
Valor de la funcion objetivo: 2
x2_1 = 1
x5_1 = 1
x7_1 = 1
x9_3 = 1
x10_3 = 1
w1 = 1
w3 = 1
