Tiempo de corrida total: 0.0336542
Tiempo de corrida recorrer el arbol: 0.00948811
Valor de la funcion objetivo: 2
x1_5 = 1
x10_5 = 1
x23_5 = 1
x12_6 = 1
x14_6 = 1
x15_6 = 1
x17_6 = 1
x18_6 = 1
x20_6 = 1
x21_6 = 1
w5 = 1
w6 = 1
