Tiempo de corrida total: 0.01792
Tiempo de corrida recorrer el arbol: 0.00421095
Valor de la funcion objetivo: 1
x1_5 = 1
x6_5 = 1
x16_5 = 1
x17_5 = 1
x19_5 = 1
w5 = 1
