Tiempo de corrida total: 0.423596
Tiempo de corrida recorrer el arbol: 0.042064
Valor de la funcion objetivo: 1
x24_1 = 1
x28_1 = 1
x32_1 = 1
x33_1 = 1
x34_1 = 1
x38_1 = 1
x39_1 = 1
x40_1 = 1
x43_1 = 1
x45_1 = 1
w1 = 1
