Tiempo de corrida total: 0.0941949
Tiempo de corrida recorrer el arbol: 0.0168221
Valor de la funcion objetivo: 1
x2_2 = 1
x4_2 = 1
x11_2 = 1
x22_2 = 1
x36_2 = 1
w2 = 1
