Tiempo de corrida total: 1.54876
Tiempo de corrida recorrer el arbol: 0.985265
Valor de la funcion objetivo: 1
x5_4 = 1
x12_4 = 1
x16_4 = 1
x17_4 = 1
x18_4 = 1
x35_4 = 1
x40_4 = 1
x44_4 = 1
x45_4 = 1
x59_4 = 1
x64_4 = 1
x65_4 = 1
x68_4 = 1
x80_4 = 1
x82_4 = 1
x83_4 = 1
x86_4 = 1
x87_4 = 1
x91_4 = 1
x92_4 = 1
w4 = 1
