Tiempo de corrida total: 0.0868559
Tiempo de corrida recorrer el arbol: 0.0135789
Valor de la funcion objetivo: 1
x6_1 = 1
x8_1 = 1
x18_1 = 1
x19_1 = 1
x30_1 = 1
w1 = 1
