Tiempo de corrida total: 0.0175769
Tiempo de corrida recorrer el arbol: 0.011884
Valor de la funcion objetivo: 1
x5_3 = 1
x11_3 = 1
x12_3 = 1
x16_3 = 1
x22_3 = 1
w3 = 1
