Tiempo de corrida total: 0.0388732
Tiempo de corrida recorrer el arbol: 0.0376971
Valor de la funcion objetivo: 2
x1_1 = 1
x8_1 = 1
x10_1 = 1
x12_1 = 1
x17_1 = 1
x7_9 = 1
x15_9 = 1
x19_9 = 1
x20_9 = 1
x21_9 = 1
w1 = 1
w9 = 1
