Tiempo de corrida total: 0.00915909
Tiempo de corrida recorrer el arbol: 0.00886607
Valor de la funcion objetivo: 2
x1_1 = 1
x3_1 = 1
x8_1 = 1
x2_2 = 1
x9_2 = 1
w1 = 1
w2 = 1
