Tiempo de corrida total: 0.010509
Tiempo de corrida recorrer el arbol: 0.00878406
Valor de la funcion objetivo: 2
x1_1 = 1
x6_1 = 1
x4_3 = 1
x8_3 = 1
x9_3 = 1
w1 = 1
w3 = 1
