Tiempo de corrida total: 3.55859
Tiempo de corrida recorrer el arbol: 1.89134
Valor de la funcion objetivo: 1
x13_16 = 1
x27_16 = 1
x36_16 = 1
x38_16 = 1
x44_16 = 1
x45_16 = 1
x61_16 = 1
x62_16 = 1
x65_16 = 1
x74_16 = 1
x79_16 = 1
x80_16 = 1
x81_16 = 1
x83_16 = 1
x86_16 = 1
x87_16 = 1
x88_16 = 1
x89_16 = 1
x90_16 = 1
x91_16 = 1
w16 = 1
