Tiempo de corrida total: 0.0108378
Tiempo de corrida recorrer el arbol: 0.00855708
Valor de la funcion objetivo: 2
x1_1 = 1
x5_1 = 1
x11_1 = 1
x8_5 = 1
x9_5 = 1
w1 = 1
w5 = 1
