Tiempo de corrida total: 0.464806
Tiempo de corrida recorrer el arbol: 0.445196
Valor de la funcion objetivo: 1
x12_20 = 1
x19_20 = 1
x20_20 = 1
x21_20 = 1
x36_20 = 1
x40_20 = 1
x44_20 = 1
x62_20 = 1
x64_20 = 1
x65_20 = 1
x66_20 = 1
x67_20 = 1
x82_20 = 1
x83_20 = 1
x84_20 = 1
x85_20 = 1
x86_20 = 1
x88_20 = 1
x91_20 = 1
x92_20 = 1
w20 = 1
