Tiempo de corrida total: 0.220214
Tiempo de corrida recorrer el arbol: 0.0887079
Valor de la funcion objetivo: 1
x12_8 = 1
x13_8 = 1
x16_8 = 1
x17_8 = 1
x20_8 = 1
x21_8 = 1
x33_8 = 1
x37_8 = 1
x38_8 = 1
x41_8 = 1
w8 = 1
