Tiempo de corrida total: 0.00848603
Tiempo de corrida recorrer el arbol: 0.00181389
Valor de la funcion objetivo: 2
x2_1 = 1
x5_1 = 1
x7_1 = 1
x9_5 = 1
x10_5 = 1
w1 = 1
w5 = 1
