Tiempo de corrida total: 7.27438
Tiempo de corrida recorrer el arbol: 2.53363
Valor de la funcion objetivo: 1
x35_10 = 1
x36_10 = 1
x38_10 = 1
x44_10 = 1
x45_10 = 1
x65_10 = 1
x68_10 = 1
x71_10 = 1
x74_10 = 1
x79_10 = 1
x80_10 = 1
x81_10 = 1
x82_10 = 1
x83_10 = 1
x84_10 = 1
x87_10 = 1
x88_10 = 1
x89_10 = 1
x90_10 = 1
x91_10 = 1
w10 = 1
