Tiempo de corrida total: 2.53604
Tiempo de corrida recorrer el arbol: 2.46022
Valor de la funcion objetivo: 2
x5_2 = 1
x7_2 = 1
x13_2 = 1
x16_2 = 1
x17_2 = 1
x36_2 = 1
x44_2 = 1
x8_20 = 1
x9_20 = 1
x19_20 = 1
x20_20 = 1
x27_20 = 1
x29_20 = 1
x30_20 = 1
x31_20 = 1
x37_20 = 1
x38_20 = 1
x40_20 = 1
x42_20 = 1
x43_20 = 1
w2 = 1
w20 = 1
