Tiempo de corrida total: 0.010709
Tiempo de corrida recorrer el arbol: 0.00911403
Valor de la funcion objetivo: 1
x1_1 = 1
x3_1 = 1
x6_1 = 1
x17_1 = 1
x29_1 = 1
w1 = 1
