Tiempo de corrida total: 0.12526
Tiempo de corrida recorrer el arbol: 0.121063
Valor de la funcion objetivo: 3
x2_3 = 1
x7_3 = 1
x9_3 = 1
x10_3 = 1
x1_4 = 1
x3_4 = 1
x6_4 = 1
x8_4 = 1
x5_6 = 1
x11_6 = 1
w3 = 1
w4 = 1
w6 = 1
