Tiempo de corrida total: 0.995002
Tiempo de corrida recorrer el arbol: 0.614762
Valor de la funcion objetivo: 2
x5_15 = 1
x6_15 = 1
x12_15 = 1
x16_15 = 1
x24_15 = 1
x29_15 = 1
x44_15 = 1
x15_16 = 1
x20_16 = 1
x21_16 = 1
x30_16 = 1
x31_16 = 1
x35_16 = 1
x36_16 = 1
x37_16 = 1
x39_16 = 1
x40_16 = 1
x41_16 = 1
x42_16 = 1
x43_16 = 1
w15 = 1
w16 = 1
