Tiempo de corrida total: 0.726463
Tiempo de corrida recorrer el arbol: 0.300526
Valor de la funcion objetivo: 1
x1_10 = 1
x12_10 = 1
x17_10 = 1
x19_10 = 1
x22_10 = 1
x24_10 = 1
x35_10 = 1
x37_10 = 1
x68_10 = 1
x82_10 = 1
w10 = 1
