Tiempo de corrida total: 2.47664
Tiempo de corrida recorrer el arbol: 0.913266
Valor de la funcion objetivo: 1
x7_16 = 1
x10_16 = 1
x29_16 = 1
x33_16 = 1
x36_16 = 1
x39_16 = 1
x40_16 = 1
x41_16 = 1
x66_16 = 1
x67_16 = 1
x72_16 = 1
x76_16 = 1
x77_16 = 1
x79_16 = 1
x80_16 = 1
x83_16 = 1
x86_16 = 1
x87_16 = 1
x89_16 = 1
x90_16 = 1
w16 = 1
