Tiempo de corrida total: 1.18554
Tiempo de corrida recorrer el arbol: 0.892262
Valor de la funcion objetivo: 1
x50_2 = 1
x52_2 = 1
x54_2 = 1
x55_2 = 1
x59_2 = 1
x65_2 = 1
x67_2 = 1
x68_2 = 1
x71_2 = 1
x73_2 = 1
x74_2 = 1
x76_2 = 1
x79_2 = 1
x86_2 = 1
x92_2 = 1
w2 = 1
