Tiempo de corrida total: 0.0294549
Tiempo de corrida recorrer el arbol: 0.014806
Valor de la funcion objetivo: 1
x14_1 = 1
x19_1 = 1
x20_1 = 1
x29_1 = 1
x32_1 = 1
x36_1 = 1
x39_1 = 1
x41_1 = 1
x42_1 = 1
x44_1 = 1
w1 = 1
