Tiempo de corrida total: 1.11467
Tiempo de corrida recorrer el arbol: 0.624286
Valor de la funcion objetivo: 1
x8_8 = 1
x20_8 = 1
x30_8 = 1
x37_8 = 1
x43_8 = 1
x44_8 = 1
x56_8 = 1
x74_8 = 1
x77_8 = 1
x78_8 = 1
x80_8 = 1
x82_8 = 1
x85_8 = 1
x87_8 = 1
x89_8 = 1
w8 = 1
