Tiempo de corrida total: 0.0816081
Tiempo de corrida recorrer el arbol: 0.026521
Valor de la funcion objetivo: 2
x8_1 = 1
x10_1 = 1
x12_1 = 1
x17_1 = 1
x18_1 = 1
x20_1 = 1
x21_1 = 1
x11_5 = 1
x14_5 = 1
x15_5 = 1
w1 = 1
w5 = 1
