Tiempo de corrida total: 0.213816
Tiempo de corrida recorrer el arbol: 0.0987701
Valor de la funcion objetivo: 1
x6_5 = 1
x8_5 = 1
x9_5 = 1
x17_5 = 1
x20_5 = 1
w5 = 1
