Tiempo de corrida total: 1.06942
Tiempo de corrida recorrer el arbol: 0.704472
Valor de la funcion objetivo: 1
x9_10 = 1
x17_10 = 1
x19_10 = 1
x31_10 = 1
x50_10 = 1
x61_10 = 1
x65_10 = 1
x66_10 = 1
x67_10 = 1
x76_10 = 1
w10 = 1
