Tiempo de corrida total: 1.12659
Tiempo de corrida recorrer el arbol: 1.08929
Valor de la funcion objetivo: 3
x5_1 = 1
x12_1 = 1
x16_1 = 1
x17_1 = 1
x21_1 = 1
x3_10 = 1
x11_10 = 1
x14_10 = 1
x2_14 = 1
x4_14 = 1
x7_14 = 1
x13_14 = 1
x15_14 = 1
x18_14 = 1
x20_14 = 1
w1 = 1
w10 = 1
w14 = 1
