Tiempo de corrida total: 0.162601
Tiempo de corrida recorrer el arbol: 0.137122
Valor de la funcion objetivo: 2
x9_5 = 1
x10_5 = 1
x18_5 = 1
x20_5 = 1
x21_5 = 1
x1_9 = 1
x5_9 = 1
x11_9 = 1
x12_9 = 1
x16_9 = 1
w5 = 1
w9 = 1
