Tiempo de corrida total: 0.237571
Tiempo de corrida recorrer el arbol: 0.0472181
Valor de la funcion objetivo: 1
x1_1 = 1
x24_1 = 1
x31_1 = 1
x33_1 = 1
x39_1 = 1
w1 = 1
