Tiempo de corrida total: 0.131217
Tiempo de corrida recorrer el arbol: 0.128942
Valor de la funcion objetivo: 3
x1_1 = 1
x3_1 = 1
x6_1 = 1
x8_1 = 1
x2_6 = 1
x7_6 = 1
x9_6 = 1
x10_6 = 1
x5_8 = 1
x11_8 = 1
w1 = 1
w6 = 1
w8 = 1
