Tiempo de corrida total: 1.81389
Tiempo de corrida recorrer el arbol: 0.230788
Valor de la funcion objetivo: 1
x42_10 = 1
x51_10 = 1
x55_10 = 1
x62_10 = 1
x65_10 = 1
x69_10 = 1
x74_10 = 1
x79_10 = 1
x82_10 = 1
x90_10 = 1
w10 = 1
