Tiempo de corrida total: 0.838467
Tiempo de corrida recorrer el arbol: 0.471754
Valor de la funcion objetivo: 2
x5_9 = 1
x10_9 = 1
x16_9 = 1
x18_9 = 1
x25_9 = 1
x28_9 = 1
x29_9 = 1
x36_9 = 1
x39_9 = 1
x40_9 = 1
x41_9 = 1
x1_13 = 1
x12_13 = 1
x21_13 = 1
x37_13 = 1
w9 = 1
w13 = 1
