Tiempo de corrida total: 0.11831
Tiempo de corrida recorrer el arbol: 0.116253
Valor de la funcion objetivo: 3
x1_1 = 1
x3_1 = 1
x6_1 = 1
x8_1 = 1
x2_2 = 1
x4_2 = 1
x7_2 = 1
x9_2 = 1
x5_3 = 1
x11_3 = 1
w1 = 1
w2 = 1
w3 = 1
