Tiempo de corrida total: 0.320492
Tiempo de corrida recorrer el arbol: 0.0537879
Valor de la funcion objetivo: 1
x5_1 = 1
x17_1 = 1
x21_1 = 1
x22_1 = 1
x24_1 = 1
w1 = 1
