Tiempo de corrida total: 0.716235
Tiempo de corrida recorrer el arbol: 0.706045
Valor de la funcion objetivo: 2
x5_1 = 1
x13_1 = 1
x16_1 = 1
x17_1 = 1
x18_1 = 1
x21_1 = 1
x19_18 = 1
x20_18 = 1
x27_18 = 1
x29_18 = 1
x31_18 = 1
x35_18 = 1
x36_18 = 1
x37_18 = 1
x39_18 = 1
x41_18 = 1
x42_18 = 1
x43_18 = 1
x44_18 = 1
x45_18 = 1
w1 = 1
w18 = 1
