Tiempo de corrida total: 0.00704408
Tiempo de corrida recorrer el arbol: 0.00674796
Valor de la funcion objetivo: 2
x1_1 = 1
x3_1 = 1
x6_1 = 1
x8_1 = 1
x11_2 = 1
w1 = 1
w2 = 1
