Tiempo de corrida total: 2.16235
Tiempo de corrida recorrer el arbol: 1.48257
Valor de la funcion objetivo: 1
x1_10 = 1
x21_10 = 1
x24_10 = 1
x29_10 = 1
x37_10 = 1
x39_10 = 1
x45_10 = 1
x59_10 = 1
x68_10 = 1
x78_10 = 1
w10 = 1
