Tiempo de corrida total: 0.133147
Tiempo de corrida recorrer el arbol: 0.051023
Valor de la funcion objetivo: 1
x14_10 = 1
x16_10 = 1
x21_10 = 1
x24_10 = 1
x35_10 = 1
x38_10 = 1
x40_10 = 1
x42_10 = 1
x44_10 = 1
x45_10 = 1
w10 = 1
