Tiempo de corrida total: 0.0598018
Tiempo de corrida recorrer el arbol: 0.0280561
Valor de la funcion objetivo: 2
x5_5 = 1
x7_5 = 1
x10_5 = 1
x17_5 = 1
x13_7 = 1
x15_7 = 1
x16_7 = 1
x20_7 = 1
x21_7 = 1
x22_7 = 1
w5 = 1
w7 = 1
