Tiempo de corrida total: 0.966746
Tiempo de corrida recorrer el arbol: 0.912529
Valor de la funcion objetivo: 3
x1_10 = 1
x10_10 = 1
x12_10 = 1
x17_10 = 1
x19_10 = 1
x2_14 = 1
x7_14 = 1
x13_14 = 1
x15_14 = 1
x16_14 = 1
x18_14 = 1
x20_14 = 1
x4_15 = 1
x11_15 = 1
x23_15 = 1
w10 = 1
w14 = 1
w15 = 1
