Tiempo de corrida total: 1.81455
Tiempo de corrida recorrer el arbol: 0.722564
Valor de la funcion objetivo: 1
x12_8 = 1
x19_8 = 1
x20_8 = 1
x40_8 = 1
x41_8 = 1
x43_8 = 1
x44_8 = 1
x55_8 = 1
x61_8 = 1
x64_8 = 1
x65_8 = 1
x66_8 = 1
x67_8 = 1
x69_8 = 1
x76_8 = 1
x78_8 = 1
x80_8 = 1
x82_8 = 1
x86_8 = 1
x89_8 = 1
w8 = 1
