Tiempo de corrida total: 1.88751
Tiempo de corrida recorrer el arbol: 1.69022
Valor de la funcion objetivo: 2
x3_2 = 1
x29_2 = 1
x13_13 = 1
x15_13 = 1
x16_13 = 1
x18_13 = 1
x22_13 = 1
x25_13 = 1
x35_13 = 1
x39_13 = 1
x40_13 = 1
x41_13 = 1
x43_13 = 1
x44_13 = 1
x45_13 = 1
w2 = 1
w13 = 1
