Tiempo de corrida total: 0.011209
Tiempo de corrida recorrer el arbol: 0.00414395
Valor de la funcion objetivo: 1
x13_5 = 1
x14_5 = 1
x16_5 = 1
x20_5 = 1
x21_5 = 1
w5 = 1
