Tiempo de corrida total: 0.0391209
Tiempo de corrida recorrer el arbol: 0.011795
Valor de la funcion objetivo: 1
x39_2 = 1
x40_2 = 1
x41_2 = 1
x43_2 = 1
x46_2 = 1
w2 = 1
