Tiempo de corrida total: 0.0575261
Tiempo de corrida recorrer el arbol: 0.0454259
Valor de la funcion objetivo: 1
x1_1 = 1
x5_1 = 1
x6_1 = 1
x12_1 = 1
x16_1 = 1
w1 = 1
