Tiempo de corrida total: 0.429534
Tiempo de corrida recorrer el arbol: 0.144241
Valor de la funcion objetivo: 2
x16_4 = 1
x25_4 = 1
x29_4 = 1
x30_4 = 1
x35_4 = 1
x37_4 = 1
x41_4 = 1
x43_4 = 1
x1_7 = 1
x19_7 = 1
x26_7 = 1
x31_7 = 1
x33_7 = 1
x39_7 = 1
x44_7 = 1
w4 = 1
w7 = 1
