Tiempo de corrida total: 0.148491
Tiempo de corrida recorrer el arbol: 0.057102
Valor de la funcion objetivo: 1
x15_10 = 1
x18_10 = 1
x22_10 = 1
x35_10 = 1
x36_10 = 1
x37_10 = 1
x39_10 = 1
x40_10 = 1
x43_10 = 1
x45_10 = 1
w10 = 1
