Tiempo de corrida total: 3.18493
Tiempo de corrida recorrer el arbol: 3.16604
Valor de la funcion objetivo: 2
x2_19 = 1
x18_19 = 1
x20_19 = 1
x30_19 = 1
x33_19 = 1
x38_19 = 1
x39_19 = 1
x41_19 = 1
x44_19 = 1
x1_20 = 1
x3_20 = 1
x8_20 = 1
x12_20 = 1
x19_20 = 1
x26_20 = 1
x29_20 = 1
x31_20 = 1
x37_20 = 1
x40_20 = 1
x42_20 = 1
w19 = 1
w20 = 1
