Tiempo de corrida total: 0.0420392
Tiempo de corrida recorrer el arbol: 0.0377061
Valor de la funcion objetivo: 1
x1_1 = 1
x3_1 = 1
x8_1 = 1
x17_1 = 1
x24_1 = 1
w1 = 1
