Tiempo de corrida total: 0.0672381
Tiempo de corrida recorrer el arbol: 0.0518899
Valor de la funcion objetivo: 1
x12_12 = 1
x35_12 = 1
x36_12 = 1
x52_12 = 1
x60_12 = 1
x63_12 = 1
x66_12 = 1
x67_12 = 1
x76_12 = 1
x78_12 = 1
x81_12 = 1
x84_12 = 1
x85_12 = 1
x86_12 = 1
x90_12 = 1
w12 = 1
