Tiempo de corrida total: 2.50644
Tiempo de corrida recorrer el arbol: 0.697085
Valor de la funcion objetivo: 1
x6_18 = 1
x10_18 = 1
x12_18 = 1
x18_18 = 1
x19_18 = 1
x20_18 = 1
x31_18 = 1
x40_18 = 1
x43_18 = 1
x55_18 = 1
x57_18 = 1
x64_18 = 1
x65_18 = 1
x66_18 = 1
x67_18 = 1
x76_18 = 1
x80_18 = 1
x86_18 = 1
x87_18 = 1
x91_18 = 1
w18 = 1
