Tiempo de corrida total: 1.24574
Tiempo de corrida recorrer el arbol: 0.417661
Valor de la funcion objetivo: 2
x5_17 = 1
x13_17 = 1
x16_17 = 1
x17_17 = 1
x18_17 = 1
x21_17 = 1
x36_17 = 1
x39_17 = 1
x41_17 = 1
x44_17 = 1
x3_19 = 1
x15_19 = 1
x19_19 = 1
x20_19 = 1
x22_19 = 1
x35_19 = 1
x37_19 = 1
x42_19 = 1
x43_19 = 1
x45_19 = 1
w17 = 1
w19 = 1
