Tiempo de corrida total: 0.235891
Tiempo de corrida recorrer el arbol: 0.105925
Valor de la funcion objetivo: 2
x1_11 = 1
x3_11 = 1
x14_11 = 1
x24_11 = 1
x29_11 = 1
x31_11 = 1
x34_11 = 1
x35_11 = 1
x40_11 = 1
x45_11 = 1
x16_14 = 1
x28_14 = 1
x36_14 = 1
x41_14 = 1
x42_14 = 1
w11 = 1
w14 = 1
