Tiempo de corrida total: 0.00959015
Tiempo de corrida recorrer el arbol: 0.00429201
Valor de la funcion objetivo: 1
x1_1 = 1
x5_1 = 1
x16_1 = 1
x21_1 = 1
x22_1 = 1
w1 = 1
