Tiempo de corrida total: 0.965121
Tiempo de corrida recorrer el arbol: 0.933705
Valor de la funcion objetivo: 2
x10_3 = 1
x16_3 = 1
x20_3 = 1
x29_3 = 1
x41_3 = 1
x25_12 = 1
x26_12 = 1
x30_12 = 1
x33_12 = 1
x35_12 = 1
x37_12 = 1
x39_12 = 1
x40_12 = 1
x43_12 = 1
x46_12 = 1
w3 = 1
w12 = 1
