Tiempo de corrida total: 0.525189
Tiempo de corrida recorrer el arbol: 0.368984
Valor de la funcion objetivo: 1
x1_9 = 1
x10_9 = 1
x12_9 = 1
x17_9 = 1
x21_9 = 1
x29_9 = 1
x39_9 = 1
x63_9 = 1
x71_9 = 1
x87_9 = 1
w9 = 1
