Tiempo de corrida total: 0.0776989
Tiempo de corrida recorrer el arbol: 0.0285161
Valor de la funcion objetivo: 2
x2_4 = 1
x5_4 = 1
x11_4 = 1
x16_4 = 1
x4_7 = 1
x7_7 = 1
x9_7 = 1
x18_7 = 1
x19_7 = 1
x20_7 = 1
w4 = 1
w7 = 1
