Tiempo de corrida total: 0.00700998
Tiempo de corrida recorrer el arbol: 0.00373912
Valor de la funcion objetivo: 1
x6_2 = 1
x7_2 = 1
x8_2 = 1
x18_2 = 1
x19_2 = 1
w2 = 1
