Tiempo de corrida total: 0.434974
Tiempo de corrida recorrer el arbol: 0.0706151
Valor de la funcion objetivo: 1
x3_1 = 1
x8_1 = 1
x12_1 = 1
x15_1 = 1
x31_1 = 1
w1 = 1
