Tiempo de corrida total: 0.011224
Tiempo de corrida recorrer el arbol: 0.00937295
Valor de la funcion objetivo: 1
x5_4 = 1
x6_4 = 1
x7_4 = 1
x10_4 = 1
x23_4 = 1
w4 = 1
