Tiempo de corrida total: 0.439708
Tiempo de corrida recorrer el arbol: 0.297467
Valor de la funcion objetivo: 1
x12_6 = 1
x17_6 = 1
x21_6 = 1
x22_6 = 1
x37_6 = 1
x40_6 = 1
x42_6 = 1
x44_6 = 1
x48_6 = 1
x67_6 = 1
w6 = 1
