Tiempo de corrida total: 0.110159
Tiempo de corrida recorrer el arbol: 0.0957282
Valor de la funcion objetivo: 1
x32_5 = 1
x39_5 = 1
x44_5 = 1
x54_5 = 1
x60_5 = 1
x64_5 = 1
x67_5 = 1
x68_5 = 1
x77_5 = 1
x83_5 = 1
x86_5 = 1
x88_5 = 1
x89_5 = 1
x90_5 = 1
x92_5 = 1
w5 = 1
