Tiempo de corrida total: 0.0778921
Tiempo de corrida recorrer el arbol: 0.047348
Valor de la funcion objetivo: 1
x14_8 = 1
x22_8 = 1
x35_8 = 1
x36_8 = 1
x38_8 = 1
x39_8 = 1
x42_8 = 1
x43_8 = 1
x44_8 = 1
x45_8 = 1
w8 = 1
