Tiempo de corrida total: 0.0473831
Tiempo de corrida recorrer el arbol: 0.045656
Valor de la funcion objetivo: 2
x8_1 = 1
x10_1 = 1
x12_1 = 1
x17_1 = 1
x18_1 = 1
x19_1 = 1
x21_1 = 1
x15_9 = 1
x20_9 = 1
x22_9 = 1
w1 = 1
w9 = 1
