Tiempo de corrida total: 1.68917
Tiempo de corrida recorrer el arbol: 1.68073
Valor de la funcion objetivo: 3
x12_1 = 1
x13_1 = 1
x14_1 = 1
x15_1 = 1
x19_1 = 1
x20_1 = 1
x21_1 = 1
x7_3 = 1
x8_3 = 1
x9_3 = 1
x1_15 = 1
x5_15 = 1
x6_15 = 1
x10_15 = 1
x23_15 = 1
w1 = 1
w3 = 1
w15 = 1
