Tiempo de corrida total: 0.0151529
Tiempo de corrida recorrer el arbol: 0.012826
Valor de la funcion objetivo: 1
x1_1 = 1
x3_1 = 1
x8_1 = 1
x19_1 = 1
x31_1 = 1
w1 = 1
