Tiempo de corrida total: 0.141722
Tiempo de corrida recorrer el arbol: 0.114006
Valor de la funcion objetivo: 2
x5_5 = 1
x7_5 = 1
x10_5 = 1
x13_5 = 1
x16_5 = 1
x21_5 = 1
x4_9 = 1
x19_9 = 1
x20_9 = 1
x22_9 = 1
w5 = 1
w9 = 1
