Tiempo de corrida total: 0.156207
Tiempo de corrida recorrer el arbol: 0.150006
Valor de la funcion objetivo: 3
x1_4 = 1
x3_4 = 1
x6_4 = 1
x8_4 = 1
x2_9 = 1
x7_9 = 1
x9_9 = 1
x10_9 = 1
x5_10 = 1
x11_10 = 1
w4 = 1
w9 = 1
w10 = 1
