Tiempo de corrida total: 0.0558791
Tiempo de corrida recorrer el arbol: 0.044755
Valor de la funcion objetivo: 3
x1_2 = 1
x3_2 = 1
x6_2 = 1
x8_2 = 1
x2_9 = 1
x7_9 = 1
x9_9 = 1
x10_9 = 1
x5_10 = 1
x11_10 = 1
w2 = 1
w9 = 1
w10 = 1
