Tiempo de corrida total: 2.37637
Tiempo de corrida recorrer el arbol: 2.15368
Valor de la funcion objetivo: 2
x3_8 = 1
x8_8 = 1
x12_8 = 1
x19_8 = 1
x24_8 = 1
x26_8 = 1
x29_8 = 1
x31_8 = 1
x40_8 = 1
x42_8 = 1
x2_16 = 1
x7_16 = 1
x18_16 = 1
x20_16 = 1
x30_16 = 1
x33_16 = 1
x38_16 = 1
x39_16 = 1
x41_16 = 1
x44_16 = 1
w8 = 1
w16 = 1
