Tiempo de corrida total: 0.428677
Tiempo de corrida recorrer el arbol: 0.062624
Valor de la funcion objetivo: 1
x24_5 = 1
x64_5 = 1
x66_5 = 1
x72_5 = 1
x79_5 = 1
w5 = 1
