Tiempo de corrida total: 0.0094769
Tiempo de corrida recorrer el arbol: 0.00261903
Valor de la funcion objetivo: 2
x3_2 = 1
x6_2 = 1
x8_2 = 1
x1_4 = 1
x11_4 = 1
w2 = 1
w4 = 1
