Tiempo de corrida total: 0.447405
Tiempo de corrida recorrer el arbol: 0.061002
Valor de la funcion objetivo: 1
x37_1 = 1
x40_1 = 1
x43_1 = 1
x44_1 = 1
x66_1 = 1
w1 = 1
