Tiempo de corrida total: 1.15393
Tiempo de corrida recorrer el arbol: 1.14528
Valor de la funcion objetivo: 2
x1_1 = 1
x3_1 = 1
x6_1 = 1
x8_1 = 1
x12_1 = 1
x14_1 = 1
x17_1 = 1
x24_1 = 1
x26_1 = 1
x31_1 = 1
x40_1 = 1
x5_2 = 1
x16_2 = 1
x36_2 = 1
x41_2 = 1
w1 = 1
w2 = 1
