Tiempo de corrida total: 0.029901
Tiempo de corrida recorrer el arbol: 0.0218511
Valor de la funcion objetivo: 2
x2_1 = 1
x5_1 = 1
x7_1 = 1
x10_1 = 1
x11_5 = 1
w1 = 1
w5 = 1
