Tiempo de corrida total: 0.695389
Tiempo de corrida recorrer el arbol: 0.162765
Valor de la funcion objetivo: 1
x6_1 = 1
x9_1 = 1
x10_1 = 1
x31_1 = 1
x32_1 = 1
x40_1 = 1
x42_1 = 1
x54_1 = 1
x57_1 = 1
x76_1 = 1
w1 = 1
