Tiempo de corrida total: 1.16353
Tiempo de corrida recorrer el arbol: 1.12775
Valor de la funcion objetivo: 2
x3_14 = 1
x26_14 = 1
x31_14 = 1
x37_14 = 1
x12_15 = 1
x16_15 = 1
x18_15 = 1
x29_15 = 1
x35_15 = 1
x39_15 = 1
x40_15 = 1
x41_15 = 1
x42_15 = 1
x43_15 = 1
x44_15 = 1
w14 = 1
w15 = 1
