Tiempo de corrida total: 0.089916
Tiempo de corrida recorrer el arbol: 0.0196669
Valor de la funcion objetivo: 1
x14_2 = 1
x17_2 = 1
x18_2 = 1
x19_2 = 1
x32_2 = 1
w2 = 1
