Tiempo de corrida total: 0.857549
Tiempo de corrida recorrer el arbol: 0.484458
Valor de la funcion objetivo: 2
x25_9 = 1
x26_9 = 1
x28_9 = 1
x32_9 = 1
x33_9 = 1
x36_9 = 1
x38_9 = 1
x39_9 = 1
x40_9 = 1
x42_9 = 1
x43_9 = 1
x46_9 = 1
x11_11 = 1
x16_11 = 1
x34_11 = 1
w9 = 1
w11 = 1
