Tiempo de corrida total: 0.0155549
Tiempo de corrida recorrer el arbol: 0.0144918
Valor de la funcion objetivo: 2
x1_1 = 1
x3_1 = 1
x8_1 = 1
x4_2 = 1
x7_2 = 1
w1 = 1
w2 = 1
