Tiempo de corrida total: 2.37285
Tiempo de corrida recorrer el arbol: 1.59954
Valor de la funcion objetivo: 1
x15_12 = 1
x27_12 = 1
x37_12 = 1
x50_12 = 1
x58_12 = 1
x65_12 = 1
x73_12 = 1
x78_12 = 1
x83_12 = 1
x86_12 = 1
x87_12 = 1
x88_12 = 1
x89_12 = 1
x90_12 = 1
x91_12 = 1
w12 = 1
