Tiempo de corrida total: 0.184934
Tiempo de corrida recorrer el arbol: 0.041151
Valor de la funcion objetivo: 1
x10_1 = 1
x13_1 = 1
x54_1 = 1
x56_1 = 1
x82_1 = 1
w1 = 1
