Tiempo de corrida total: 3.77714
Tiempo de corrida recorrer el arbol: 3.68155
Valor de la funcion objetivo: 2
x12_18 = 1
x15_18 = 1
x18_18 = 1
x22_18 = 1
x24_19 = 1
x25_19 = 1
x27_19 = 1
x29_19 = 1
x31_19 = 1
x32_19 = 1
x33_19 = 1
x35_19 = 1
x36_19 = 1
x38_19 = 1
x39_19 = 1
x40_19 = 1
x41_19 = 1
x42_19 = 1
x43_19 = 1
x45_19 = 1
w18 = 1
w19 = 1
