Tiempo de corrida total: 1.58283
Tiempo de corrida recorrer el arbol: 1.56579
Valor de la funcion objetivo: 3
x7_7 = 1
x9_7 = 1
x15_7 = 1
x17_7 = 1
x18_7 = 1
x20_7 = 1
x1_9 = 1
x5_9 = 1
x10_9 = 1
x12_9 = 1
x16_9 = 1
x3_15 = 1
x4_15 = 1
x11_15 = 1
x23_15 = 1
w7 = 1
w9 = 1
w15 = 1
