Tiempo de corrida total: 0.223916
Tiempo de corrida recorrer el arbol: 0.0663562
Valor de la funcion objetivo: 1
x13_6 = 1
x22_6 = 1
x35_6 = 1
x39_6 = 1
x41_6 = 1
x59_6 = 1
x64_6 = 1
x67_6 = 1
x68_6 = 1
x81_6 = 1
x82_6 = 1
x83_6 = 1
x85_6 = 1
x86_6 = 1
x89_6 = 1
w6 = 1
