Tiempo de corrida total: 0.0850461
Tiempo de corrida recorrer el arbol: 0.0838702
Valor de la funcion objetivo: 2
x14_1 = 1
x15_1 = 1
x18_1 = 1
x20_1 = 1
x22_1 = 1
x5_4 = 1
x10_4 = 1
x12_4 = 1
x17_4 = 1
x21_4 = 1
w1 = 1
w4 = 1
