Tiempo de corrida total: 0.0318868
Tiempo de corrida recorrer el arbol: 0.00591707
Valor de la funcion objetivo: 1
x18_2 = 1
x19_2 = 1
x20_2 = 1
x21_2 = 1
x22_2 = 1
w2 = 1
