Tiempo de corrida total: 0.080837
Tiempo de corrida recorrer el arbol: 0.0237229
Valor de la funcion objetivo: 1
x14_4 = 1
x15_4 = 1
x26_4 = 1
x32_4 = 1
x35_4 = 1
x36_4 = 1
x39_4 = 1
x42_4 = 1
x43_4 = 1
x44_4 = 1
w4 = 1
