Tiempo de corrida total: 1.29096
Tiempo de corrida recorrer el arbol: 1.21341
Valor de la funcion objetivo: 3
x4_7 = 1
x7_7 = 1
x8_7 = 1
x9_7 = 1
x23_7 = 1
x1_8 = 1
x5_8 = 1
x10_8 = 1
x12_8 = 1
x17_8 = 1
x13_15 = 1
x15_15 = 1
x18_15 = 1
x20_15 = 1
x21_15 = 1
w7 = 1
w8 = 1
w15 = 1
