Tiempo de corrida total: 0.053447
Tiempo de corrida recorrer el arbol: 0.0136988
Valor de la funcion objetivo: 1
x14_1 = 1
x17_1 = 1
x29_1 = 1
x39_1 = 1
x40_1 = 1
w1 = 1
