Tiempo de corrida total: 0.035707
Tiempo de corrida recorrer el arbol: 0.012965
Valor de la funcion objetivo: 2
x12_2 = 1
x15_2 = 1
x20_2 = 1
x22_2 = 1
x8_7 = 1
x10_7 = 1
x17_7 = 1
x18_7 = 1
x19_7 = 1
x21_7 = 1
w2 = 1
w7 = 1
