Tiempo de corrida total: 1.84526
Tiempo de corrida recorrer el arbol: 1.83573
Valor de la funcion objetivo: 3
x6_1 = 1
x10_1 = 1
x12_1 = 1
x16_1 = 1
x17_1 = 1
x19_1 = 1
x21_1 = 1
x2_2 = 1
x4_2 = 1
x11_2 = 1
x15_2 = 1
x1_14 = 1
x3_14 = 1
x8_14 = 1
x23_14 = 1
w1 = 1
w2 = 1
w14 = 1
