Tiempo de corrida total: 0.155859
Tiempo de corrida recorrer el arbol: 0.0252371
Valor de la funcion objetivo: 1
x5_7 = 1
x12_7 = 1
x17_7 = 1
x21_7 = 1
x22_7 = 1
x35_7 = 1
x36_7 = 1
x41_7 = 1
x44_7 = 1
x45_7 = 1
w7 = 1
