Tiempo de corrida total: 0.0339718
Tiempo de corrida recorrer el arbol: 0.00980401
Valor de la funcion objetivo: 1
x1_2 = 1
x5_2 = 1
x17_2 = 1
x24_2 = 1
x33_2 = 1
w2 = 1
