Tiempo de corrida total: 0.910731
Tiempo de corrida recorrer el arbol: 0.834819
Valor de la funcion objetivo: 3
x1_1 = 1
x6_1 = 1
x12_1 = 1
x14_1 = 1
x16_1 = 1
x17_1 = 1
x3_2 = 1
x4_2 = 1
x11_2 = 1
x15_2 = 1
x22_2 = 1
x5_5 = 1
x7_5 = 1
x10_5 = 1
x23_5 = 1
w1 = 1
w2 = 1
w5 = 1
