Tiempo de corrida total: 3.42025
Tiempo de corrida recorrer el arbol: 3.33233
Valor de la funcion objetivo: 2
x8_1 = 1
x12_1 = 1
x14_1 = 1
x18_1 = 1
x19_1 = 1
x20_1 = 1
x31_1 = 1
x35_1 = 1
x37_1 = 1
x41_1 = 1
x42_1 = 1
x7_19 = 1
x10_19 = 1
x13_19 = 1
x25_19 = 1
x28_19 = 1
x30_19 = 1
x32_19 = 1
x33_19 = 1
x36_19 = 1
w1 = 1
w19 = 1
