Tiempo de corrida total: 0.142275
Tiempo de corrida recorrer el arbol: 0.138761
Valor de la funcion objetivo: 3
x2_4 = 1
x7_4 = 1
x10_4 = 1
x3_5 = 1
x4_5 = 1
x8_5 = 1
x9_5 = 1
x1_8 = 1
x5_8 = 1
x11_8 = 1
w4 = 1
w5 = 1
w8 = 1
