Tiempo de corrida total: 1.81484
Tiempo de corrida recorrer el arbol: 1.78381
Valor de la funcion objetivo: 2
x1_1 = 1
x5_1 = 1
x16_1 = 1
x28_1 = 1
x40_1 = 1
x45_1 = 1
x6_15 = 1
x9_15 = 1
x29_15 = 1
x33_15 = 1
x37_15 = 1
x41_15 = 1
x43_15 = 1
x44_15 = 1
x46_15 = 1
w1 = 1
w15 = 1
