Tiempo de corrida total: 1.46143
Tiempo de corrida recorrer el arbol: 0.950432
Valor de la funcion objetivo: 1
x2_7 = 1
x25_7 = 1
x36_7 = 1
x41_7 = 1
x43_7 = 1
x49_7 = 1
x51_7 = 1
x54_7 = 1
x56_7 = 1
x57_7 = 1
x60_7 = 1
x63_7 = 1
x67_7 = 1
x69_7 = 1
x75_7 = 1
x81_7 = 1
x85_7 = 1
x88_7 = 1
x90_7 = 1
x91_7 = 1
w7 = 1
