Tiempo de corrida total: 0.224795
Tiempo de corrida recorrer el arbol: 0.106911
Valor de la funcion objetivo: 1
x14_1 = 1
x17_1 = 1
x18_1 = 1
x20_1 = 1
x21_1 = 1
x36_1 = 1
x40_1 = 1
x64_1 = 1
x69_1 = 1
x79_1 = 1
w1 = 1
