Tiempo de corrida total: 4.58959
Tiempo de corrida recorrer el arbol: 4.57965
Valor de la funcion objetivo: 2
x2_1 = 1
x7_1 = 1
x13_1 = 1
x16_1 = 1
x18_1 = 1
x21_1 = 1
x47_1 = 1
x1_10 = 1
x3_10 = 1
x12_10 = 1
x24_10 = 1
x26_10 = 1
x29_10 = 1
x31_10 = 1
x34_10 = 1
x35_10 = 1
x37_10 = 1
x40_10 = 1
x42_10 = 1
x45_10 = 1
w1 = 1
w10 = 1
