Tiempo de corrida total: 0.0134749
Tiempo de corrida recorrer el arbol: 0.011827
Valor de la funcion objetivo: 2
x2_1 = 1
x7_1 = 1
x9_1 = 1
x1_4 = 1
x6_4 = 1
w1 = 1
w4 = 1
