Tiempo de corrida total: 0.101504
Tiempo de corrida recorrer el arbol: 0.092978
Valor de la funcion objetivo: 1
x28_10 = 1
x40_10 = 1
x42_10 = 1
x44_10 = 1
x45_10 = 1
x59_10 = 1
x77_10 = 1
x81_10 = 1
x87_10 = 1
x93_10 = 1
w10 = 1
