Tiempo de corrida total: 0.605053
Tiempo de corrida recorrer el arbol: 0.190705
Valor de la funcion objetivo: 2
x6_1 = 1
x8_1 = 1
x12_1 = 1
x17_1 = 1
x18_1 = 1
x19_1 = 1
x20_1 = 1
x29_1 = 1
x33_1 = 1
x35_1 = 1
x37_1 = 1
x40_1 = 1
x41_1 = 1
x42_1 = 1
x43_1 = 1
x44_1 = 1
x23_9 = 1
x24_9 = 1
x28_9 = 1
x34_9 = 1
w1 = 1
w9 = 1
