Tiempo de corrida total: 0.651231
Tiempo de corrida recorrer el arbol: 0.148938
Valor de la funcion objetivo: 1
x5_2 = 1
x10_2 = 1
x12_2 = 1
x16_2 = 1
x36_2 = 1
x52_2 = 1
x64_2 = 1
x65_2 = 1
x75_2 = 1
x82_2 = 1
w2 = 1
