Tiempo de corrida total: 0.803755
Tiempo de corrida recorrer el arbol: 0.776208
Valor de la funcion objetivo: 1
x19_18 = 1
x48_18 = 1
x51_18 = 1
x57_18 = 1
x61_18 = 1
x62_18 = 1
x63_18 = 1
x69_18 = 1
x73_18 = 1
x74_18 = 1
x78_18 = 1
x79_18 = 1
x80_18 = 1
x82_18 = 1
x84_18 = 1
x86_18 = 1
x89_18 = 1
x90_18 = 1
x92_18 = 1
x94_18 = 1
w18 = 1
