Tiempo de corrida total: 0.01542
Tiempo de corrida recorrer el arbol: 0.0018239
Valor de la funcion objetivo: 2
x1_4 = 1
x8_4 = 1
x10_4 = 1
x3_5 = 1
x4_5 = 1
w4 = 1
w5 = 1
