Tiempo de corrida total: 0.891749
Tiempo de corrida recorrer el arbol: 0.581643
Valor de la funcion objetivo: 1
x40_12 = 1
x52_12 = 1
x53_12 = 1
x61_12 = 1
x71_12 = 1
x74_12 = 1
x77_12 = 1
x78_12 = 1
x81_12 = 1
x83_12 = 1
x87_12 = 1
x88_12 = 1
x89_12 = 1
x90_12 = 1
x92_12 = 1
w12 = 1
