Tiempo de corrida total: 0.158007
Tiempo de corrida recorrer el arbol: 0.142127
Valor de la funcion objetivo: 1
x18_2 = 1
x21_2 = 1
x25_2 = 1
x33_2 = 1
x49_2 = 1
x52_2 = 1
x54_2 = 1
x56_2 = 1
x60_2 = 1
x72_2 = 1
x76_2 = 1
x85_2 = 1
x86_2 = 1
x90_2 = 1
x92_2 = 1
w2 = 1
