Tiempo de corrida total: 0.114077
Tiempo de corrida recorrer el arbol: 0.0713351
Valor de la funcion objetivo: 1
x5_5 = 1
x10_5 = 1
x12_5 = 1
x13_5 = 1
x16_5 = 1
x17_5 = 1
x18_5 = 1
x21_5 = 1
x28_5 = 1
x33_5 = 1
w5 = 1
