Tiempo de corrida total: 0.812983
Tiempo de corrida recorrer el arbol: 0.805478
Valor de la funcion objetivo: 2
x1_1 = 1
x3_1 = 1
x6_1 = 1
x8_1 = 1
x12_1 = 1
x14_1 = 1
x17_1 = 1
x24_1 = 1
x26_1 = 1
x35_1 = 1
x37_1 = 1
x42_1 = 1
x16_2 = 1
x18_2 = 1
x25_2 = 1
w1 = 1
w2 = 1
