Tiempo de corrida total: 4.39285
Tiempo de corrida recorrer el arbol: 0.544652
Valor de la funcion objetivo: 1
x12_4 = 1
x20_4 = 1
x21_4 = 1
x29_4 = 1
x31_4 = 1
x33_4 = 1
x41_4 = 1
x55_4 = 1
x57_4 = 1
x59_4 = 1
x64_4 = 1
x65_4 = 1
x66_4 = 1
x67_4 = 1
x76_4 = 1
x80_4 = 1
x82_4 = 1
x88_4 = 1
x91_4 = 1
x92_4 = 1
w4 = 1
