Tiempo de corrida total: 0.017616
Tiempo de corrida recorrer el arbol: 0.0104799
Valor de la funcion objetivo: 1
x5_2 = 1
x6_2 = 1
x7_2 = 1
x10_2 = 1
x23_2 = 1
w2 = 1
