Tiempo de corrida total: 0.045882
Tiempo de corrida recorrer el arbol: 0.020566
Valor de la funcion objetivo: 1
x6_10 = 1
x17_10 = 1
x21_10 = 1
x30_10 = 1
x32_10 = 1
x33_10 = 1
x35_10 = 1
x37_10 = 1
x40_10 = 1
x41_10 = 1
w10 = 1
