Tiempo de corrida total: 0.0869591
Tiempo de corrida recorrer el arbol: 0.079555
Valor de la funcion objetivo: 2
x5_5 = 1
x10_5 = 1
x12_5 = 1
x16_5 = 1
x21_5 = 1
x15_10 = 1
x17_10 = 1
x19_10 = 1
x20_10 = 1
x22_10 = 1
w5 = 1
w10 = 1
