Tiempo de corrida total: 0.306594
Tiempo de corrida recorrer el arbol: 0.10645
Valor de la funcion objetivo: 2
x2_11 = 1
x7_11 = 1
x15_11 = 1
x21_11 = 1
x39_11 = 1
x41_11 = 1
x44_11 = 1
x1_12 = 1
x3_12 = 1
x14_12 = 1
x17_12 = 1
x19_12 = 1
x24_12 = 1
x37_12 = 1
x40_12 = 1
w11 = 1
w12 = 1
