Tiempo de corrida total: 0.949232
Tiempo de corrida recorrer el arbol: 0.216449
Valor de la funcion objetivo: 2
x18_5 = 1
x25_5 = 1
x27_5 = 1
x29_5 = 1
x31_5 = 1
x32_5 = 1
x33_5 = 1
x37_5 = 1
x40_5 = 1
x41_5 = 1
x42_5 = 1
x43_5 = 1
x44_5 = 1
x45_5 = 1
x1_20 = 1
x11_20 = 1
x12_20 = 1
x16_20 = 1
x22_20 = 1
x24_20 = 1
w5 = 1
w20 = 1
