Tiempo de corrida total: 1.22897
Tiempo de corrida recorrer el arbol: 1.21604
Valor de la funcion objetivo: 3
x3_5 = 1
x12_5 = 1
x14_5 = 1
x15_5 = 1
x17_5 = 1
x20_5 = 1
x22_5 = 1
x5_9 = 1
x6_9 = 1
x7_9 = 1
x16_9 = 1
x18_9 = 1
x21_9 = 1
x1_13 = 1
x23_13 = 1
w5 = 1
w9 = 1
w13 = 1
