Tiempo de corrida total: 0.112399
Tiempo de corrida recorrer el arbol: 0.104318
Valor de la funcion objetivo: 1
x28_9 = 1
x39_9 = 1
x42_9 = 1
x45_9 = 1
x48_9 = 1
x64_9 = 1
x65_9 = 1
x81_9 = 1
x88_9 = 1
x90_9 = 1
w9 = 1
