Tiempo de corrida total: 0.735482
Tiempo de corrida recorrer el arbol: 0.646106
Valor de la funcion objetivo: 3
x1_5 = 1
x3_5 = 1
x12_5 = 1
x17_5 = 1
x19_5 = 1
x22_5 = 1
x15_14 = 1
x20_14 = 1
x5_15 = 1
x6_15 = 1
x7_15 = 1
x10_15 = 1
x16_15 = 1
x18_15 = 1
x21_15 = 1
w5 = 1
w14 = 1
w15 = 1
