Tiempo de corrida total: 2.10377
Tiempo de corrida recorrer el arbol: 0.753151
Valor de la funcion objetivo: 1
x20_4 = 1
x38_4 = 1
x50_4 = 1
x54_4 = 1
x59_4 = 1
x63_4 = 1
x64_4 = 1
x65_4 = 1
x67_4 = 1
x68_4 = 1
x73_4 = 1
x74_4 = 1
x77_4 = 1
x84_4 = 1
x92_4 = 1
w4 = 1
