Tiempo de corrida total: 1.93395
Tiempo de corrida recorrer el arbol: 0.464483
Valor de la funcion objetivo: 1
x2_2 = 1
x18_2 = 1
x20_2 = 1
x36_2 = 1
x49_2 = 1
x51_2 = 1
x54_2 = 1
x57_2 = 1
x62_2 = 1
x63_2 = 1
x67_2 = 1
x68_2 = 1
x69_2 = 1
x74_2 = 1
x77_2 = 1
x79_2 = 1
x80_2 = 1
x88_2 = 1
x90_2 = 1
x91_2 = 1
w2 = 1
