Tiempo de corrida total: 0.158664
Tiempo de corrida recorrer el arbol: 0.0277619
Valor de la funcion objetivo: 1
x7_1 = 1
x9_1 = 1
x10_1 = 1
x65_1 = 1
x93_1 = 1
w1 = 1
