Tiempo de corrida total: 0.221991
Tiempo de corrida recorrer el arbol: 0.0587859
Valor de la funcion objetivo: 1
x6_1 = 1
x16_1 = 1
x21_1 = 1
x33_1 = 1
x35_1 = 1
w1 = 1
