Tiempo de corrida total: 0.10064
Tiempo de corrida recorrer el arbol: 0.043081
Valor de la funcion objetivo: 1
x40_4 = 1
x52_4 = 1
x66_4 = 1
x68_4 = 1
x74_4 = 1
x75_4 = 1
x76_4 = 1
x79_4 = 1
x84_4 = 1
x85_4 = 1
x86_4 = 1
x88_4 = 1
x89_4 = 1
x91_4 = 1
x92_4 = 1
w4 = 1
