Tiempo de corrida total: 0.036164
Tiempo de corrida recorrer el arbol: 0.0319769
Valor de la funcion objetivo: 1
x5_1 = 1
x12_1 = 1
x13_1 = 1
x16_1 = 1
x18_1 = 1
x21_1 = 1
x33_1 = 1
x36_1 = 1
x39_1 = 1
x41_1 = 1
w1 = 1
