Tiempo de corrida total: 1.61003
Tiempo de corrida recorrer el arbol: 0.546346
Valor de la funcion objetivo: 2
x2_15 = 1
x16_15 = 1
x18_15 = 1
x20_15 = 1
x47_15 = 1
x8_19 = 1
x12_19 = 1
x17_19 = 1
x19_19 = 1
x24_19 = 1
x26_19 = 1
x29_19 = 1
x31_19 = 1
x33_19 = 1
x37_19 = 1
x38_19 = 1
x40_19 = 1
x41_19 = 1
x43_19 = 1
x44_19 = 1
w15 = 1
w19 = 1
