Tiempo de corrida total: 0.491006
Tiempo de corrida recorrer el arbol: 0.141239
Valor de la funcion objetivo: 1
x10_4 = 1
x12_4 = 1
x17_4 = 1
x18_4 = 1
x33_4 = 1
x35_4 = 1
x52_4 = 1
x53_4 = 1
x55_4 = 1
x60_4 = 1
w4 = 1
