Tiempo de corrida total: 3.73553
Tiempo de corrida recorrer el arbol: 3.72694
Valor de la funcion objetivo: 2
x1_1 = 1
x3_1 = 1
x8_1 = 1
x12_1 = 1
x17_1 = 1
x19_1 = 1
x24_1 = 1
x26_1 = 1
x29_1 = 1
x37_1 = 1
x40_1 = 1
x42_1 = 1
x7_2 = 1
x9_2 = 1
x13_2 = 1
x18_2 = 1
x25_2 = 1
x27_2 = 1
x33_2 = 1
x41_2 = 1
w1 = 1
w2 = 1
