Tiempo de corrida total: 0.0624161
Tiempo de corrida recorrer el arbol: 0.0609879
Valor de la funcion objetivo: 2
x11_1 = 1
x13_1 = 1
x14_1 = 1
x15_1 = 1
x16_1 = 1
x7_8 = 1
x10_8 = 1
x19_8 = 1
x20_8 = 1
x21_8 = 1
w1 = 1
w8 = 1
