Tiempo de corrida total: 0.65351
Tiempo de corrida recorrer el arbol: 0.180914
Valor de la funcion objetivo: 2
x4_5 = 1
x14_5 = 1
x18_5 = 1
x22_5 = 1
x27_5 = 1
x37_5 = 1
x24_15 = 1
x25_15 = 1
x29_15 = 1
x32_15 = 1
x33_15 = 1
x34_15 = 1
x35_15 = 1
x38_15 = 1
x40_15 = 1
x41_15 = 1
x42_15 = 1
x43_15 = 1
x44_15 = 1
x45_15 = 1
w5 = 1
w15 = 1
