Tiempo de corrida total: 0.0471029
Tiempo de corrida recorrer el arbol: 0.039423
Valor de la funcion objetivo: 2
x8_2 = 1
x12_2 = 1
x15_2 = 1
x18_2 = 1
x20_2 = 1
x5_5 = 1
x7_5 = 1
x10_5 = 1
x17_5 = 1
x21_5 = 1
w2 = 1
w5 = 1
