Tiempo de corrida total: 1.35452
Tiempo de corrida recorrer el arbol: 0.688342
Valor de la funcion objetivo: 1
x30_15 = 1
x32_15 = 1
x39_15 = 1
x44_15 = 1
x62_15 = 1
x64_15 = 1
x68_15 = 1
x73_15 = 1
x75_15 = 1
x77_15 = 1
x78_15 = 1
x84_15 = 1
x85_15 = 1
x91_15 = 1
x93_15 = 1
w15 = 1
