Tiempo de corrida total: 0.931782
Tiempo de corrida recorrer el arbol: 0.877021
Valor de la funcion objetivo: 3
x2_6 = 1
x5_6 = 1
x7_6 = 1
x13_6 = 1
x18_6 = 1
x21_6 = 1
x11_9 = 1
x12_9 = 1
x15_9 = 1
x16_9 = 1
x3_14 = 1
x4_14 = 1
x8_14 = 1
x14_14 = 1
x19_14 = 1
w6 = 1
w9 = 1
w14 = 1
