Tiempo de corrida total: 0.091279
Tiempo de corrida recorrer el arbol: 0.082685
Valor de la funcion objetivo: 1
x24_10 = 1
x26_10 = 1
x28_10 = 1
x29_10 = 1
x30_10 = 1
x32_10 = 1
x34_10 = 1
x37_10 = 1
x38_10 = 1
x44_10 = 1
w10 = 1
