Tiempo de corrida total: 2.50781
Tiempo de corrida recorrer el arbol: 1.00168
Valor de la funcion objetivo: 1
x25_1 = 1
x30_1 = 1
x36_1 = 1
x40_1 = 1
x54_1 = 1
x56_1 = 1
x62_1 = 1
x65_1 = 1
x73_1 = 1
x74_1 = 1
x77_1 = 1
x79_1 = 1
x86_1 = 1
x87_1 = 1
x91_1 = 1
w1 = 1
