Tiempo de corrida total: 0.112012
Tiempo de corrida recorrer el arbol: 0.0968449
Valor de la funcion objetivo: 1
x30_2 = 1
x35_2 = 1
x39_2 = 1
x40_2 = 1
x52_2 = 1
x57_2 = 1
x60_2 = 1
x74_2 = 1
x76_2 = 1
x80_2 = 1
x83_2 = 1
x85_2 = 1
x89_2 = 1
x90_2 = 1
x91_2 = 1
w2 = 1
