Tiempo de corrida total: 4.52255
Tiempo de corrida recorrer el arbol: 4.40737
Valor de la funcion objetivo: 2
x7_2 = 1
x10_2 = 1
x13_2 = 1
x16_2 = 1
x17_2 = 1
x18_2 = 1
x19_2 = 1
x21_2 = 1
x47_2 = 1
x1_14 = 1
x3_14 = 1
x12_14 = 1
x26_14 = 1
x29_14 = 1
x34_14 = 1
x35_14 = 1
x37_14 = 1
x40_14 = 1
x42_14 = 1
x45_14 = 1
w2 = 1
w14 = 1
