Tiempo de corrida total: 1.04669
Tiempo de corrida recorrer el arbol: 0.568748
Valor de la funcion objetivo: 1
x17_16 = 1
x29_16 = 1
x40_16 = 1
x41_16 = 1
x43_16 = 1
x63_16 = 1
x64_16 = 1
x68_16 = 1
x71_16 = 1
x79_16 = 1
x80_16 = 1
x82_16 = 1
x83_16 = 1
x84_16 = 1
x87_16 = 1
x88_16 = 1
x89_16 = 1
x90_16 = 1
x91_16 = 1
x92_16 = 1
w16 = 1
