Tiempo de corrida total: 1.31862
Tiempo de corrida recorrer el arbol: 1.30337
Valor de la funcion objetivo: 3
x2_4 = 1
x4_4 = 1
x13_4 = 1
x15_4 = 1
x18_4 = 1
x20_4 = 1
x3_8 = 1
x11_8 = 1
x12_8 = 1
x14_8 = 1
x5_9 = 1
x7_9 = 1
x16_9 = 1
x17_9 = 1
x21_9 = 1
w4 = 1
w8 = 1
w9 = 1
