Tiempo de corrida total: 0.381218
Tiempo de corrida recorrer el arbol: 0.122113
Valor de la funcion objetivo: 2
x2_3 = 1
x5_3 = 1
x23_3 = 1
x34_3 = 1
x46_3 = 1
x3_11 = 1
x8_11 = 1
x12_11 = 1
x15_11 = 1
x19_11 = 1
x26_11 = 1
x31_11 = 1
x35_11 = 1
x37_11 = 1
x38_11 = 1
w3 = 1
w11 = 1
