Tiempo de corrida total: 0.021661
Tiempo de corrida recorrer el arbol: 0.021019
Valor de la funcion objetivo: 1
x2_1 = 1
x4_1 = 1
x13_1 = 1
x15_1 = 1
x20_1 = 1
w1 = 1
