Tiempo de corrida total: 0.013387
Tiempo de corrida recorrer el arbol: 0.0130029
Valor de la funcion objetivo: 2
x1_1 = 1
x5_1 = 1
x6_1 = 1
x7_2 = 1
x9_2 = 1
w1 = 1
w2 = 1
