Tiempo de corrida total: 0.025769
Tiempo de corrida recorrer el arbol: 0.0106142
Valor de la funcion objetivo: 1
x2_5 = 1
x13_5 = 1
x15_5 = 1
x16_5 = 1
x22_5 = 1
w5 = 1
