Tiempo de corrida total: 3.68034
Tiempo de corrida recorrer el arbol: 1.05692
Valor de la funcion objetivo: 1
x18_7 = 1
x19_7 = 1
x20_7 = 1
x27_7 = 1
x31_7 = 1
x36_7 = 1
x37_7 = 1
x38_7 = 1
x40_7 = 1
x44_7 = 1
x62_7 = 1
x65_7 = 1
x67_7 = 1
x76_7 = 1
x77_7 = 1
x78_7 = 1
x79_7 = 1
x80_7 = 1
x82_7 = 1
x85_7 = 1
w7 = 1
