Tiempo de corrida total: 1.10522
Tiempo de corrida recorrer el arbol: 1.07534
Valor de la funcion objetivo: 3
x1_5 = 1
x3_5 = 1
x11_5 = 1
x12_5 = 1
x5_6 = 1
x7_6 = 1
x10_6 = 1
x17_6 = 1
x18_6 = 1
x21_6 = 1
x2_13 = 1
x4_13 = 1
x13_13 = 1
x15_13 = 1
x20_13 = 1
w5 = 1
w6 = 1
w13 = 1
