Tiempo de corrida total: 1.13554
Tiempo de corrida recorrer el arbol: 1.12514
Valor de la funcion objetivo: 2
x1_1 = 1
x3_1 = 1
x6_1 = 1
x8_1 = 1
x12_1 = 1
x19_1 = 1
x31_1 = 1
x35_1 = 1
x37_1 = 1
x40_1 = 1
x42_1 = 1
x2_2 = 1
x5_2 = 1
x34_2 = 1
x44_2 = 1
w1 = 1
w2 = 1
