Tiempo de corrida total: 0.029876
Tiempo de corrida recorrer el arbol: 0.016048
Valor de la funcion objetivo: 2
x3_8 = 1
x11_8 = 1
x14_8 = 1
x12_10 = 1
x13_10 = 1
x15_10 = 1
x16_10 = 1
x17_10 = 1
x19_10 = 1
x21_10 = 1
w8 = 1
w10 = 1
