Tiempo de corrida total: 1.46984
Tiempo de corrida recorrer el arbol: 1.46084
Valor de la funcion objetivo: 3
x1_1 = 1
x3_1 = 1
x6_1 = 1
x8_1 = 1
x14_1 = 1
x17_1 = 1
x19_1 = 1
x2_2 = 1
x4_2 = 1
x7_2 = 1
x15_2 = 1
x18_2 = 1
x20_2 = 1
x5_3 = 1
x16_3 = 1
w1 = 1
w2 = 1
w3 = 1
