Tiempo de corrida total: 2.00262
Tiempo de corrida recorrer el arbol: 1.74498
Valor de la funcion objetivo: 2
x13_13 = 1
x18_13 = 1
x25_13 = 1
x28_13 = 1
x33_13 = 1
x36_13 = 1
x41_13 = 1
x3_20 = 1
x6_20 = 1
x8_20 = 1
x12_20 = 1
x17_20 = 1
x19_20 = 1
x20_20 = 1
x29_20 = 1
x35_20 = 1
x37_20 = 1
x40_20 = 1
x42_20 = 1
x43_20 = 1
w13 = 1
w20 = 1
