Tiempo de corrida total: 1.69427
Tiempo de corrida recorrer el arbol: 0.455844
Valor de la funcion objetivo: 1
x6_2 = 1
x10_2 = 1
x24_2 = 1
x30_2 = 1
x31_2 = 1
x40_2 = 1
x41_2 = 1
x71_2 = 1
x76_2 = 1
x89_2 = 1
w2 = 1
