Tiempo de corrida total: 0.041079
Tiempo de corrida recorrer el arbol: 0.0176711
Valor de la funcion objetivo: 2
x11_2 = 1
x13_2 = 1
x14_2 = 1
x15_2 = 1
x16_2 = 1
x12_9 = 1
x17_9 = 1
x18_9 = 1
x19_9 = 1
x20_9 = 1
w2 = 1
w9 = 1
