Tiempo de corrida total: 0.0114589
Tiempo de corrida recorrer el arbol: 0.00658703
Valor de la funcion objetivo: 2
x8_2 = 1
x10_2 = 1
x3_4 = 1
x6_4 = 1
x9_4 = 1
w2 = 1
w4 = 1
