Tiempo de corrida total: 0.00886202
Tiempo de corrida recorrer el arbol: 0.00214291
Valor de la funcion objetivo: 2
x1_1 = 1
x5_1 = 1
x11_1 = 1
x8_4 = 1
x9_4 = 1
w1 = 1
w4 = 1
