Tiempo de corrida total: 0.050211
Tiempo de corrida recorrer el arbol: 0.0132179
Valor de la funcion objetivo: 1
x9_3 = 1
x17_3 = 1
x19_3 = 1
x20_3 = 1
x32_3 = 1
w3 = 1
