Tiempo de corrida total: 0.038856
Tiempo de corrida recorrer el arbol: 0.00946593
Valor de la funcion objetivo: 1
x1_1 = 1
x5_1 = 1
x17_1 = 1
x33_1 = 1
x44_1 = 1
w1 = 1
