Tiempo de corrida total: 4.02185
Tiempo de corrida recorrer el arbol: 3.94129
Valor de la funcion objetivo: 2
x1_15 = 1
x5_15 = 1
x12_15 = 1
x16_15 = 1
x17_15 = 1
x21_15 = 1
x29_15 = 1
x33_15 = 1
x35_15 = 1
x40_15 = 1
x45_15 = 1
x4_17 = 1
x9_17 = 1
x15_17 = 1
x18_17 = 1
x19_17 = 1
x20_17 = 1
x37_17 = 1
x38_17 = 1
x41_17 = 1
w15 = 1
w17 = 1
