Tiempo de corrida total: 0.117329
Tiempo de corrida recorrer el arbol: 0.0420699
Valor de la funcion objetivo: 1
x5_6 = 1
x12_6 = 1
x21_6 = 1
x22_6 = 1
x24_6 = 1
x28_6 = 1
x36_6 = 1
x39_6 = 1
x41_6 = 1
x45_6 = 1
w6 = 1
