Tiempo de corrida total: 0.106909
Tiempo de corrida recorrer el arbol: 0.104009
Valor de la funcion objetivo: 3
x2_5 = 1
x11_5 = 1
x5_6 = 1
x6_6 = 1
x7_6 = 1
x10_6 = 1
x3_9 = 1
x4_9 = 1
x8_9 = 1
x9_9 = 1
w5 = 1
w6 = 1
w9 = 1
