Tiempo de corrida total: 1.17056
Tiempo de corrida recorrer el arbol: 1.05158
Valor de la funcion objetivo: 3
x7_1 = 1
x13_1 = 1
x15_1 = 1
x17_1 = 1
x18_1 = 1
x20_1 = 1
x1_10 = 1
x5_10 = 1
x10_10 = 1
x12_10 = 1
x21_10 = 1
x3_14 = 1
x4_14 = 1
x9_14 = 1
x23_14 = 1
w1 = 1
w10 = 1
w14 = 1
