Tiempo de corrida total: 0.0473111
Tiempo de corrida recorrer el arbol: 0.020896
Valor de la funcion objetivo: 2
x8_9 = 1
x10_9 = 1
x18_9 = 1
x19_9 = 1
x11_10 = 1
x12_10 = 1
x13_10 = 1
x14_10 = 1
x15_10 = 1
x16_10 = 1
w9 = 1
w10 = 1
