Tiempo de corrida total: 0.125122
Tiempo de corrida recorrer el arbol: 0.0211859
Valor de la funcion objetivo: 1
x2_7 = 1
x27_7 = 1
x28_7 = 1
x30_7 = 1
x32_7 = 1
x36_7 = 1
x38_7 = 1
x43_7 = 1
x44_7 = 1
x45_7 = 1
w7 = 1
