Tiempo de corrida total: 3.84295
Tiempo de corrida recorrer el arbol: 1.35761
Valor de la funcion objetivo: 1
x48_7 = 1
x51_7 = 1
x57_7 = 1
x60_7 = 1
x63_7 = 1
x66_7 = 1
x68_7 = 1
x69_7 = 1
x70_7 = 1
x73_7 = 1
x74_7 = 1
x76_7 = 1
x78_7 = 1
x80_7 = 1
x81_7 = 1
x82_7 = 1
x84_7 = 1
x88_7 = 1
x90_7 = 1
x91_7 = 1
w7 = 1
