Tiempo de corrida total: 1.65048
Tiempo de corrida recorrer el arbol: 1.64202
Valor de la funcion objetivo: 2
x1_1 = 1
x3_1 = 1
x6_1 = 1
x8_1 = 1
x12_1 = 1
x14_1 = 1
x17_1 = 1
x19_1 = 1
x26_1 = 1
x31_1 = 1
x37_1 = 1
x2_2 = 1
x4_2 = 1
x7_2 = 1
x25_2 = 1
w1 = 1
w2 = 1
