Tiempo de corrida total: 0.102692
Tiempo de corrida recorrer el arbol: 0.0947418
Valor de la funcion objetivo: 1
x1_1 = 1
x5_1 = 1
x6_1 = 1
x10_1 = 1
x17_1 = 1
x21_1 = 1
x24_1 = 1
x28_1 = 1
x40_1 = 1
x44_1 = 1
w1 = 1
