Tiempo de corrida total: 1.67401
Tiempo de corrida recorrer el arbol: 1.65378
Valor de la funcion objetivo: 3
x1_3 = 1
x6_3 = 1
x10_3 = 1
x17_3 = 1
x19_3 = 1
x2_7 = 1
x4_7 = 1
x7_7 = 1
x23_7 = 1
x11_11 = 1
x12_11 = 1
x13_11 = 1
x14_11 = 1
x15_11 = 1
x16_11 = 1
w3 = 1
w7 = 1
w11 = 1
