Tiempo de corrida total: 2.85596
Tiempo de corrida recorrer el arbol: 0.292394
Valor de la funcion objetivo: 1
x12_13 = 1
x13_13 = 1
x16_13 = 1
x18_13 = 1
x19_13 = 1
x20_13 = 1
x35_13 = 1
x36_13 = 1
x60_13 = 1
x63_13 = 1
x69_13 = 1
x84_13 = 1
x86_13 = 1
x89_13 = 1
x92_13 = 1
w13 = 1
