Tiempo de corrida total: 1.44457
Tiempo de corrida recorrer el arbol: 0.91803
Valor de la funcion objetivo: 2
x1_17 = 1
x3_17 = 1
x12_17 = 1
x14_17 = 1
x24_17 = 1
x26_17 = 1
x34_17 = 1
x35_17 = 1
x37_17 = 1
x40_17 = 1
x45_17 = 1
x7_19 = 1
x13_19 = 1
x15_19 = 1
x16_19 = 1
x17_19 = 1
x18_19 = 1
x19_19 = 1
x21_19 = 1
x47_19 = 1
w17 = 1
w19 = 1
