Tiempo de corrida total: 0.340513
Tiempo de corrida recorrer el arbol: 0.17427
Valor de la funcion objetivo: 1
x18_1 = 1
x29_1 = 1
x35_1 = 1
x36_1 = 1
x37_1 = 1
x39_1 = 1
x40_1 = 1
x41_1 = 1
x42_1 = 1
x44_1 = 1
w1 = 1
