Tiempo de corrida total: 0.835829
Tiempo de corrida recorrer el arbol: 0.733941
Valor de la funcion objetivo: 3
x2_2 = 1
x5_2 = 1
x7_2 = 1
x13_2 = 1
x18_2 = 1
x12_4 = 1
x16_4 = 1
x17_4 = 1
x19_4 = 1
x3_8 = 1
x4_8 = 1
x11_8 = 1
x14_8 = 1
x15_8 = 1
x22_8 = 1
w2 = 1
w4 = 1
w8 = 1
