Tiempo de corrida total: 0.0609419
Tiempo de corrida recorrer el arbol: 0.051831
Valor de la funcion objetivo: 3
x7_3 = 1
x9_3 = 1
x10_3 = 1
x2_4 = 1
x5_4 = 1
x11_4 = 1
x1_5 = 1
x3_5 = 1
x6_5 = 1
x8_5 = 1
w3 = 1
w4 = 1
w5 = 1
