Tiempo de corrida total: 1.30352
Tiempo de corrida recorrer el arbol: 0.996871
Valor de la funcion objetivo: 2
x25_1 = 1
x27_1 = 1
x29_1 = 1
x31_1 = 1
x33_1 = 1
x12_18 = 1
x16_18 = 1
x21_18 = 1
x22_18 = 1
x24_18 = 1
x28_18 = 1
x35_18 = 1
x37_18 = 1
x38_18 = 1
x40_18 = 1
x41_18 = 1
x42_18 = 1
x43_18 = 1
x44_18 = 1
x45_18 = 1
w1 = 1
w18 = 1
