Tiempo de corrida total: 0.135119
Tiempo de corrida recorrer el arbol: 0.065527
Valor de la funcion objetivo: 1
x15_9 = 1
x22_9 = 1
x27_9 = 1
x34_9 = 1
x35_9 = 1
x36_9 = 1
x37_9 = 1
x38_9 = 1
x40_9 = 1
x45_9 = 1
w9 = 1
