Tiempo de corrida total: 0.749632
Tiempo de corrida recorrer el arbol: 0.273722
Valor de la funcion objetivo: 1
x17_8 = 1
x19_8 = 1
x30_8 = 1
x32_8 = 1
x35_8 = 1
x38_8 = 1
x39_8 = 1
x44_8 = 1
x67_8 = 1
x71_8 = 1
w8 = 1
