Tiempo de corrida total: 0.0451989
Tiempo de corrida recorrer el arbol: 0.040895
Valor de la funcion objetivo: 1
x1_1 = 1
x3_1 = 1
x8_1 = 1
x14_1 = 1
x40_1 = 1
w1 = 1
