Tiempo de corrida total: 0.233433
Tiempo de corrida recorrer el arbol: 0.118785
Valor de la funcion objetivo: 1
x33_20 = 1
x41_20 = 1
x44_20 = 1
x56_20 = 1
x63_20 = 1
x64_20 = 1
x66_20 = 1
x67_20 = 1
x68_20 = 1
x75_20 = 1
x77_20 = 1
x78_20 = 1
x80_20 = 1
x83_20 = 1
x86_20 = 1
x87_20 = 1
x89_20 = 1
x90_20 = 1
x91_20 = 1
x92_20 = 1
w20 = 1
