Tiempo de corrida total: 0.745846
Tiempo de corrida recorrer el arbol: 0.667465
Valor de la funcion objetivo: 3
x4_11 = 1
x9_11 = 1
x20_11 = 1
x2_13 = 1
x5_13 = 1
x7_13 = 1
x10_13 = 1
x13_13 = 1
x18_13 = 1
x21_13 = 1
x1_14 = 1
x3_14 = 1
x12_14 = 1
x14_14 = 1
x17_14 = 1
w11 = 1
w13 = 1
w14 = 1
