Tiempo de corrida total: 2.38059
Tiempo de corrida recorrer el arbol: 2.26986
Valor de la funcion objetivo: 2
x5_9 = 1
x6_9 = 1
x12_9 = 1
x18_9 = 1
x29_9 = 1
x33_9 = 1
x35_9 = 1
x2_14 = 1
x15_14 = 1
x25_14 = 1
x30_14 = 1
x34_14 = 1
x38_14 = 1
x39_14 = 1
x45_14 = 1
w9 = 1
w14 = 1
