Tiempo de corrida total: 0.0342431
Tiempo de corrida recorrer el arbol: 0.014967
Valor de la funcion objetivo: 2
x1_5 = 1
x6_5 = 1
x10_5 = 1
x21_5 = 1
x7_6 = 1
x8_6 = 1
x15_6 = 1
x17_6 = 1
x18_6 = 1
x20_6 = 1
w5 = 1
w6 = 1
