Tiempo de corrida total: 0.293051
Tiempo de corrida recorrer el arbol: 0.28519
Valor de la funcion objetivo: 1
x49_10 = 1
x53_10 = 1
x55_10 = 1
x58_10 = 1
x59_10 = 1
x62_10 = 1
x64_10 = 1
x65_10 = 1
x70_10 = 1
x81_10 = 1
w10 = 1
