Tiempo de corrida total: 0.362479
Tiempo de corrida recorrer el arbol: 0.195438
Valor de la funcion objetivo: 1
x26_15 = 1
x34_15 = 1
x37_15 = 1
x46_15 = 1
x48_15 = 1
x51_15 = 1
x58_15 = 1
x71_15 = 1
x72_15 = 1
x76_15 = 1
x77_15 = 1
x78_15 = 1
x83_15 = 1
x85_15 = 1
x88_15 = 1
w15 = 1
