Tiempo de corrida total: 1.14515
Tiempo de corrida recorrer el arbol: 0.407095
Valor de la funcion objetivo: 1
x7_4 = 1
x15_4 = 1
x19_4 = 1
x20_4 = 1
x30_4 = 1
x38_4 = 1
x42_4 = 1
x43_4 = 1
x54_4 = 1
x64_4 = 1
w4 = 1
