Tiempo de corrida total: 1.30239
Tiempo de corrida recorrer el arbol: 1.04231
Valor de la funcion objetivo: 2
x4_12 = 1
x18_12 = 1
x20_12 = 1
x27_12 = 1
x31_12 = 1
x36_12 = 1
x37_12 = 1
x41_12 = 1
x42_12 = 1
x43_12 = 1
x5_13 = 1
x6_13 = 1
x16_13 = 1
x17_13 = 1
x21_13 = 1
x29_13 = 1
x35_13 = 1
x39_13 = 1
x40_13 = 1
x44_13 = 1
w12 = 1
w13 = 1
