Tiempo de corrida total: 0.0927131
Tiempo de corrida recorrer el arbol: 0.0864091
Valor de la funcion objetivo: 2
x7_9 = 1
x10_9 = 1
x13_9 = 1
x16_9 = 1
x20_9 = 1
x21_9 = 1
x1_10 = 1
x5_10 = 1
x11_10 = 1
x23_10 = 1
w9 = 1
w10 = 1
