Tiempo de corrida total: 0.039449
Tiempo de corrida recorrer el arbol: 0.0197248
Valor de la funcion objetivo: 1
x5_5 = 1
x12_5 = 1
x13_5 = 1
x16_5 = 1
x22_5 = 1
w5 = 1
