Tiempo de corrida total: 0.238501
Tiempo de corrida recorrer el arbol: 0.099601
Valor de la funcion objetivo: 1
x1_10 = 1
x5_10 = 1
x16_10 = 1
x22_10 = 1
x28_10 = 1
x35_10 = 1
x40_10 = 1
x45_10 = 1
x81_10 = 1
x82_10 = 1
w10 = 1
