Tiempo de corrida total: 0.11157
Tiempo de corrida recorrer el arbol: 0.0776031
Valor de la funcion objetivo: 2
x8_1 = 1
x9_1 = 1
x10_1 = 1
x17_1 = 1
x18_1 = 1
x21_1 = 1
x3_9 = 1
x4_9 = 1
x11_9 = 1
x14_9 = 1
w1 = 1
w9 = 1
