Tiempo de corrida total: 0.0929639
Tiempo de corrida recorrer el arbol: 0.0704701
Valor de la funcion objetivo: 1
x13_4 = 1
x14_4 = 1
x35_4 = 1
x36_4 = 1
x39_4 = 1
x40_4 = 1
x42_4 = 1
x43_4 = 1
x44_4 = 1
x45_4 = 1
w4 = 1
