Tiempo de corrida total: 0.046742
Tiempo de corrida recorrer el arbol: 0.0151012
Valor de la funcion objetivo: 1
x4_1 = 1
x8_1 = 1
x9_1 = 1
x18_1 = 1
x30_1 = 1
w1 = 1
