Tiempo de corrida total: 0.092299
Tiempo de corrida recorrer el arbol: 0.040854
Valor de la funcion objetivo: 1
x1_4 = 1
x3_4 = 1
x24_4 = 1
x58_4 = 1
x61_4 = 1
w4 = 1
