Tiempo de corrida total: 0.0255702
Tiempo de corrida recorrer el arbol: 0.00418997
Valor de la funcion objetivo: 1
x5_1 = 1
x6_1 = 1
x7_1 = 1
x10_1 = 1
x23_1 = 1
w1 = 1
