Tiempo de corrida total: 2.20545
Tiempo de corrida recorrer el arbol: 0.44673
Valor de la funcion objetivo: 1
x48_11 = 1
x51_11 = 1
x52_11 = 1
x54_11 = 1
x57_11 = 1
x60_11 = 1
x63_11 = 1
x67_11 = 1
x74_11 = 1
x76_11 = 1
x80_11 = 1
x81_11 = 1
x82_11 = 1
x83_11 = 1
x84_11 = 1
x86_11 = 1
x87_11 = 1
x89_11 = 1
x90_11 = 1
x91_11 = 1
w11 = 1
