Tiempo de corrida total: 0.335519
Tiempo de corrida recorrer el arbol: 0.051569
Valor de la funcion objetivo: 1
x6_4 = 1
x8_4 = 1
x9_4 = 1
x18_4 = 1
x21_4 = 1
w4 = 1
