Tiempo de corrida total: 2.25094
Tiempo de corrida recorrer el arbol: 2.10962
Valor de la funcion objetivo: 2
x7_3 = 1
x20_3 = 1
x21_3 = 1
x25_3 = 1
x29_3 = 1
x30_3 = 1
x32_3 = 1
x36_3 = 1
x39_3 = 1
x40_3 = 1
x41_3 = 1
x42_3 = 1
x11_4 = 1
x15_4 = 1
x16_4 = 1
w3 = 1
w4 = 1
