Tiempo de corrida total: 0.0822148
Tiempo de corrida recorrer el arbol: 0.0132349
Valor de la funcion objetivo: 1
x2_1 = 1
x9_1 = 1
x10_1 = 1
x23_1 = 1
x32_1 = 1
w1 = 1
