Tiempo de corrida total: 0.0245788
Tiempo de corrida recorrer el arbol: 0.0206852
Valor de la funcion objetivo: 2
x3_4 = 1
x9_4 = 1
x1_5 = 1
x6_5 = 1
x8_5 = 1
w4 = 1
w5 = 1
