Tiempo de corrida total: 0.0777769
Tiempo de corrida recorrer el arbol: 0.0766771
Valor de la funcion objetivo: 2
x11_1 = 1
x12_1 = 1
x13_1 = 1
x14_1 = 1
x15_1 = 1
x16_1 = 1
x17_9 = 1
x19_9 = 1
x20_9 = 1
x21_9 = 1
w1 = 1
w9 = 1
