Tiempo de corrida total: 0.205837
Tiempo de corrida recorrer el arbol: 0.116395
Valor de la funcion objetivo: 1
x24_1 = 1
x40_1 = 1
x52_1 = 1
x66_1 = 1
x68_1 = 1
x74_1 = 1
x75_1 = 1
x76_1 = 1
x79_1 = 1
x84_1 = 1
x85_1 = 1
x87_1 = 1
x88_1 = 1
x89_1 = 1
x91_1 = 1
w1 = 1
