Tiempo de corrida total: 0.024035
Tiempo de corrida recorrer el arbol: 0.0124938
Valor de la funcion objetivo: 1
x12_4 = 1
x14_4 = 1
x15_4 = 1
x18_4 = 1
x22_4 = 1
w4 = 1
