Tiempo de corrida total: 0.108493
Tiempo de corrida recorrer el arbol: 0.067256
Valor de la funcion objetivo: 1
x4_1 = 1
x7_1 = 1
x13_1 = 1
x30_1 = 1
x38_1 = 1
w1 = 1
