Tiempo de corrida total: 1.73113
Tiempo de corrida recorrer el arbol: 0.515356
Valor de la funcion objetivo: 1
x9_13 = 1
x10_13 = 1
x32_13 = 1
x44_13 = 1
x54_13 = 1
x64_13 = 1
x65_13 = 1
x67_13 = 1
x68_13 = 1
x77_13 = 1
x80_13 = 1
x83_13 = 1
x88_13 = 1
x89_13 = 1
x90_13 = 1
w13 = 1
