Tiempo de corrida total: 0.620953
Tiempo de corrida recorrer el arbol: 0.450801
Valor de la funcion objetivo: 2
x26_4 = 1
x29_4 = 1
x30_4 = 1
x31_4 = 1
x32_4 = 1
x33_4 = 1
x36_4 = 1
x39_4 = 1
x41_4 = 1
x1_5 = 1
x16_5 = 1
x35_5 = 1
x37_5 = 1
x40_5 = 1
x42_5 = 1
w4 = 1
w5 = 1
