Tiempo de corrida total: 1.57352
Tiempo de corrida recorrer el arbol: 1.20086
Valor de la funcion objetivo: 2
x2_19 = 1
x5_19 = 1
x7_19 = 1
x16_19 = 1
x18_19 = 1
x21_19 = 1
x47_19 = 1
x1_20 = 1
x3_20 = 1
x12_20 = 1
x14_20 = 1
x24_20 = 1
x26_20 = 1
x29_20 = 1
x31_20 = 1
x34_20 = 1
x35_20 = 1
x37_20 = 1
x40_20 = 1
x45_20 = 1
w19 = 1
w20 = 1
