Tiempo de corrida total: 0.0127418
Tiempo de corrida recorrer el arbol: 0.00907183
Valor de la funcion objetivo: 2
x5_1 = 1
x10_1 = 1
x2_2 = 1
x7_2 = 1
x9_2 = 1
w1 = 1
w2 = 1
