Tiempo de corrida total: 0.0255032
Tiempo de corrida recorrer el arbol: 0.015898
Valor de la funcion objetivo: 2
x6_1 = 1
x7_1 = 1
x9_1 = 1
x10_1 = 1
x11_5 = 1
w1 = 1
w5 = 1
