Tiempo de corrida total: 0.491736
Tiempo de corrida recorrer el arbol: 0.111558
Valor de la funcion objetivo: 2
x16_8 = 1
x18_8 = 1
x28_8 = 1
x29_8 = 1
x36_8 = 1
x39_8 = 1
x41_8 = 1
x44_8 = 1
x1_10 = 1
x26_10 = 1
x33_10 = 1
x34_10 = 1
x35_10 = 1
x40_10 = 1
x45_10 = 1
w8 = 1
w10 = 1
