Tiempo de corrida total: 0.00547695
Tiempo de corrida recorrer el arbol: 0.00483704
Valor de la funcion objetivo: 1
x1_1 = 1
x3_1 = 1
x6_1 = 1
x14_1 = 1
x19_1 = 1
w1 = 1
