Tiempo de corrida total: 0.604823
Tiempo de corrida recorrer el arbol: 0.582843
Valor de la funcion objetivo: 1
x7_1 = 1
x13_1 = 1
x15_1 = 1
x18_1 = 1
x25_1 = 1
x27_1 = 1
x32_1 = 1
x36_1 = 1
x43_1 = 1
x44_1 = 1
x56_1 = 1
x62_1 = 1
x65_1 = 1
x79_1 = 1
x83_1 = 1
x86_1 = 1
x87_1 = 1
x88_1 = 1
x90_1 = 1
x91_1 = 1
w1 = 1
