Tiempo de corrida total: 2.54593
Tiempo de corrida recorrer el arbol: 2.24319
Valor de la funcion objetivo: 2
x1_9 = 1
x3_9 = 1
x12_9 = 1
x24_9 = 1
x26_9 = 1
x29_9 = 1
x34_9 = 1
x35_9 = 1
x37_9 = 1
x40_9 = 1
x42_9 = 1
x45_9 = 1
x5_19 = 1
x6_19 = 1
x7_19 = 1
x16_19 = 1
x17_19 = 1
x18_19 = 1
x21_19 = 1
x47_19 = 1
w9 = 1
w19 = 1
