Tiempo de corrida total: 1.13889
Tiempo de corrida recorrer el arbol: 1.08278
Valor de la funcion objetivo: 3
x3_5 = 1
x12_5 = 1
x14_5 = 1
x15_5 = 1
x19_5 = 1
x20_5 = 1
x22_5 = 1
x5_6 = 1
x6_6 = 1
x7_6 = 1
x16_6 = 1
x17_6 = 1
x18_6 = 1
x21_6 = 1
x1_15 = 1
w5 = 1
w6 = 1
w15 = 1
