Tiempo de corrida total: 0.357131
Tiempo de corrida recorrer el arbol: 0.34891
Valor de la funcion objetivo: 1
x12_4 = 1
x14_4 = 1
x20_4 = 1
x40_4 = 1
x43_4 = 1
x50_4 = 1
x59_4 = 1
x60_4 = 1
x69_4 = 1
x73_4 = 1
w4 = 1
