Tiempo de corrida total: 1.49513
Tiempo de corrida recorrer el arbol: 1.45414
Valor de la funcion objetivo: 2
x25_1 = 1
x29_1 = 1
x30_1 = 1
x31_1 = 1
x34_1 = 1
x39_1 = 1
x40_1 = 1
x41_1 = 1
x42_1 = 1
x44_1 = 1
x46_1 = 1
x11_15 = 1
x16_15 = 1
x28_15 = 1
x36_15 = 1
w1 = 1
w15 = 1
