Tiempo de corrida total: 0.084141
Tiempo de corrida recorrer el arbol: 0.0782249
Valor de la funcion objetivo: 2
x7_4 = 1
x9_4 = 1
x10_4 = 1
x17_4 = 1
x21_4 = 1
x2_10 = 1
x11_10 = 1
x15_10 = 1
x16_10 = 1
x22_10 = 1
w4 = 1
w10 = 1
