Tiempo de corrida total: 1.59955
Tiempo de corrida recorrer el arbol: 0.197529
Valor de la funcion objetivo: 1
x3_7 = 1
x8_7 = 1
x12_7 = 1
x14_7 = 1
x15_7 = 1
x17_7 = 1
x20_7 = 1
x43_7 = 1
x50_7 = 1
x82_7 = 1
w7 = 1
