Tiempo de corrida total: 0.0235069
Tiempo de corrida recorrer el arbol: 0.0122721
Valor de la funcion objetivo: 1
x1_4 = 1
x12_4 = 1
x14_4 = 1
x19_4 = 1
x22_4 = 1
w4 = 1
