Tiempo de corrida total: 0.171241
Tiempo de corrida recorrer el arbol: 0.144114
Valor de la funcion objetivo: 1
x30_20 = 1
x33_20 = 1
x35_20 = 1
x41_20 = 1
x57_20 = 1
x63_20 = 1
x64_20 = 1
x66_20 = 1
x74_20 = 1
x77_20 = 1
x78_20 = 1
x79_20 = 1
x84_20 = 1
x85_20 = 1
x86_20 = 1
x87_20 = 1
x89_20 = 1
x90_20 = 1
x91_20 = 1
x92_20 = 1
w20 = 1
