Tiempo de corrida total: 0.0117669
Tiempo de corrida recorrer el arbol: 0.00618196
Valor de la funcion objetivo: 2
x3_4 = 1
x4_4 = 1
x8_4 = 1
x9_4 = 1
x2_5 = 1
w4 = 1
w5 = 1
