Tiempo de corrida total: 0.0725269
Tiempo de corrida recorrer el arbol: 0.023433
Valor de la funcion objetivo: 1
x83_5 = 1
x88_5 = 1
x89_5 = 1
x92_5 = 1
x94_5 = 1
w5 = 1
