Tiempo de corrida total: 1.85899
Tiempo de corrida recorrer el arbol: 1.81684
Valor de la funcion objetivo: 2
x5_3 = 1
x16_3 = 1
x29_3 = 1
x34_3 = 1
x35_3 = 1
x36_3 = 1
x40_3 = 1
x41_3 = 1
x44_3 = 1
x6_14 = 1
x7_14 = 1
x10_14 = 1
x18_14 = 1
x33_14 = 1
x39_14 = 1
w3 = 1
w14 = 1
