Tiempo de corrida total: 1.83472
Tiempo de corrida recorrer el arbol: 0.176065
Valor de la funcion objetivo: 1
x8_1 = 1
x12_1 = 1
x14_1 = 1
x17_1 = 1
x19_1 = 1
x31_1 = 1
x35_1 = 1
x38_1 = 1
x66_1 = 1
x68_1 = 1
w1 = 1
