Tiempo de corrida total: 0.074439
Tiempo de corrida recorrer el arbol: 0.0644569
Valor de la funcion objetivo: 3
x2_4 = 1
x5_4 = 1
x1_8 = 1
x3_8 = 1
x11_8 = 1
x6_10 = 1
x7_10 = 1
x8_10 = 1
x9_10 = 1
x10_10 = 1
w4 = 1
w8 = 1
w10 = 1
