Tiempo de corrida total: 0.0120838
Tiempo de corrida recorrer el arbol: 0.00903201
Valor de la funcion objetivo: 2
x3_1 = 1
x6_1 = 1
x8_1 = 1
x9_1 = 1
x5_2 = 1
w1 = 1
w2 = 1
