Tiempo de corrida total: 2.03451
Tiempo de corrida recorrer el arbol: 1.94501
Valor de la funcion objetivo: 2
x1_9 = 1
x5_9 = 1
x6_9 = 1
x12_9 = 1
x16_9 = 1
x17_9 = 1
x24_9 = 1
x28_9 = 1
x29_9 = 1
x39_9 = 1
x40_9 = 1
x9_15 = 1
x32_15 = 1
x37_15 = 1
x38_15 = 1
w9 = 1
w15 = 1
