Tiempo de corrida total: 0.0997159
Tiempo de corrida recorrer el arbol: 0.0177462
Valor de la funcion objetivo: 1
x14_3 = 1
x16_3 = 1
x17_3 = 1
x19_3 = 1
x20_3 = 1
x21_3 = 1
x22_3 = 1
x38_3 = 1
x39_3 = 1
x42_3 = 1
w3 = 1
