Tiempo de corrida total: 0.745966
Tiempo de corrida recorrer el arbol: 0.63885
Valor de la funcion objetivo: 3
x2_6 = 1
x5_6 = 1
x7_6 = 1
x10_6 = 1
x16_6 = 1
x18_6 = 1
x21_6 = 1
x1_9 = 1
x12_9 = 1
x17_9 = 1
x3_12 = 1
x4_12 = 1
x14_12 = 1
x15_12 = 1
x20_12 = 1
w6 = 1
w9 = 1
w12 = 1
