Tiempo de corrida total: 0.0175831
Tiempo de corrida recorrer el arbol: 0.013428
Valor de la funcion objetivo: 1
x10_2 = 1
x12_2 = 1
x13_2 = 1
x17_2 = 1
x18_2 = 1
w2 = 1
