Tiempo de corrida total: 0.0296109
Tiempo de corrida recorrer el arbol: 0.0136659
Valor de la funcion objetivo: 1
x3_3 = 1
x4_3 = 1
x19_3 = 1
x22_3 = 1
x37_3 = 1
w3 = 1
