Tiempo de corrida total: 0.131163
Tiempo de corrida recorrer el arbol: 0.0293729
Valor de la funcion objetivo: 1
x4_1 = 1
x13_1 = 1
x15_1 = 1
x25_1 = 1
x62_1 = 1
w1 = 1
