Tiempo de corrida total: 0.192885
Tiempo de corrida recorrer el arbol: 0.051924
Valor de la funcion objetivo: 1
x3_4 = 1
x20_4 = 1
x32_4 = 1
x40_4 = 1
x53_4 = 1
w4 = 1
