Tiempo de corrida total: 0.188864
Tiempo de corrida recorrer el arbol: 0.040719
Valor de la funcion objetivo: 1
x13_1 = 1
x25_1 = 1
x27_1 = 1
x36_1 = 1
x40_1 = 1
w1 = 1
