Tiempo de corrida total: 3.24272
Tiempo de corrida recorrer el arbol: 0.320126
Valor de la funcion objetivo: 1
x50_1 = 1
x58_1 = 1
x59_1 = 1
x62_1 = 1
x63_1 = 1
x64_1 = 1
x66_1 = 1
x68_1 = 1
x70_1 = 1
x74_1 = 1
x75_1 = 1
x78_1 = 1
x84_1 = 1
x85_1 = 1
x86_1 = 1
w1 = 1
