Tiempo de corrida total: 0.318967
Tiempo de corrida recorrer el arbol: 0.126486
Valor de la funcion objetivo: 1
x3_2 = 1
x6_2 = 1
x9_2 = 1
x20_2 = 1
x26_2 = 1
x31_2 = 1
x32_2 = 1
x37_2 = 1
x42_2 = 1
x43_2 = 1
w2 = 1
