Tiempo de corrida total: 1.29121
Tiempo de corrida recorrer el arbol: 1.23614
Valor de la funcion objetivo: 3
x1_10 = 1
x11_10 = 1
x12_10 = 1
x16_10 = 1
x2_13 = 1
x5_13 = 1
x7_13 = 1
x10_13 = 1
x23_13 = 1
x3_15 = 1
x4_15 = 1
x15_15 = 1
x19_15 = 1
x20_15 = 1
x22_15 = 1
w10 = 1
w13 = 1
w15 = 1
