Tiempo de corrida total: 0.899076
Tiempo de corrida recorrer el arbol: 0.559936
Valor de la funcion objetivo: 1
x19_19 = 1
x41_19 = 1
x44_19 = 1
x54_19 = 1
x55_19 = 1
x56_19 = 1
x59_19 = 1
x61_19 = 1
x65_19 = 1
x67_19 = 1
x69_19 = 1
x71_19 = 1
x74_19 = 1
x78_19 = 1
x83_19 = 1
x84_19 = 1
x86_19 = 1
x87_19 = 1
x89_19 = 1
x92_19 = 1
w19 = 1
