Tiempo de corrida total: 2.84211
Tiempo de corrida recorrer el arbol: 2.03907
Valor de la funcion objetivo: 1
x1_10 = 1
x10_10 = 1
x12_10 = 1
x21_10 = 1
x24_10 = 1
x28_10 = 1
x31_10 = 1
x40_10 = 1
x59_10 = 1
x64_10 = 1
x71_10 = 1
x75_10 = 1
x76_10 = 1
x78_10 = 1
x91_10 = 1
w10 = 1
