Tiempo de corrida total: 0.0266478
Tiempo de corrida recorrer el arbol: 0.0182211
Valor de la funcion objetivo: 1
x14_1 = 1
x17_1 = 1
x21_1 = 1
x22_1 = 1
x35_1 = 1
x37_1 = 1
x38_1 = 1
x39_1 = 1
x40_1 = 1
x41_1 = 1
w1 = 1
