Tiempo de corrida total: 0.843413
Tiempo de corrida recorrer el arbol: 0.530834
Valor de la funcion objetivo: 1
x7_4 = 1
x8_4 = 1
x23_4 = 1
x27_4 = 1
x54_4 = 1
x56_4 = 1
x76_4 = 1
x77_4 = 1
x78_4 = 1
x79_4 = 1
w4 = 1
