Tiempo de corrida total: 0.076359
Tiempo de corrida recorrer el arbol: 0.0288079
Valor de la funcion objetivo: 1
x6_3 = 1
x8_3 = 1
x18_3 = 1
x21_3 = 1
x35_3 = 1
w3 = 1
