Tiempo de corrida total: 0.573732
Tiempo de corrida recorrer el arbol: 0.110326
Valor de la funcion objetivo: 1
x13_15 = 1
x17_15 = 1
x20_15 = 1
x32_15 = 1
x38_15 = 1
x40_15 = 1
x60_15 = 1
x61_15 = 1
x64_15 = 1
x68_15 = 1
x79_15 = 1
x80_15 = 1
x85_15 = 1
x89_15 = 1
x92_15 = 1
w15 = 1
