Tiempo de corrida total: 0.204857
Tiempo de corrida recorrer el arbol: 0.0868468
Valor de la funcion objetivo: 1
x25_10 = 1
x26_10 = 1
x27_10 = 1
x30_10 = 1
x32_10 = 1
x41_10 = 1
x56_10 = 1
x67_10 = 1
x71_10 = 1
x88_10 = 1
w10 = 1
