Tiempo de corrida total: 1.44869
Tiempo de corrida recorrer el arbol: 0.521852
Valor de la funcion objetivo: 1
x14_3 = 1
x17_3 = 1
x19_3 = 1
x22_3 = 1
x36_3 = 1
x65_3 = 1
x68_3 = 1
x71_3 = 1
x82_3 = 1
x86_3 = 1
w3 = 1
