Tiempo de corrida total: 0.15494
Tiempo de corrida recorrer el arbol: 0.0775011
Valor de la funcion objetivo: 1
x4_3 = 1
x13_3 = 1
x15_3 = 1
x30_3 = 1
x42_3 = 1
w3 = 1
