Tiempo de corrida total: 0.204838
Tiempo de corrida recorrer el arbol: 0.117167
Valor de la funcion objetivo: 1
x11_2 = 1
x20_2 = 1
x33_2 = 1
x42_2 = 1
x43_2 = 1
w2 = 1
