Tiempo de corrida total: 0.971123
Tiempo de corrida recorrer el arbol: 0.240807
Valor de la funcion objetivo: 2
x3_7 = 1
x14_7 = 1
x20_7 = 1
x26_7 = 1
x40_7 = 1
x45_7 = 1
x55_7 = 1
x57_7 = 1
x19_8 = 1
x38_8 = 1
w7 = 1
w8 = 1
