Tiempo de corrida total: 1.74551
Tiempo de corrida recorrer el arbol: 0.32706
Valor de la funcion objetivo: 5
x5_1 = 1
x11_1 = 1
x24_1 = 1
x2_3 = 1
x10_3 = 1
x13_3 = 1
x16_3 = 1
x3_4 = 1
x6_4 = 1
x14_4 = 1
x17_4 = 1
x25_4 = 1
x4_11 = 1
x18_11 = 1
x21_11 = 1
x1_18 = 1
x9_18 = 1
x12_18 = 1
x20_18 = 1
x23_18 = 1
w1 = 1
w3 = 1
w4 = 1
w11 = 1
w18 = 1
