Tiempo de corrida total: 0.230159
Tiempo de corrida recorrer el arbol: 0.18984
Valor de la funcion objetivo: 2
x3_3 = 1
x19_3 = 1
x21_3 = 1
x2_5 = 1
x13_5 = 1
w3 = 1
w5 = 1
