Tiempo de corrida total: 3.37731
Tiempo de corrida recorrer el arbol: 3.35934
Valor de la funcion objetivo: 2
x4_1 = 1
x33_1 = 1
x42_1 = 1
x43_1 = 1
x5_10 = 1
x14_10 = 1
x16_10 = 1
x27_10 = 1
x36_10 = 1
x46_10 = 1
w1 = 1
w10 = 1
