Tiempo de corrida total: 0.108057
Tiempo de corrida recorrer el arbol: 0.092386
Valor de la funcion objetivo: 2
x24_4 = 1
x2_5 = 1
x9_5 = 1
x11_5 = 1
x25_5 = 1
w4 = 1
w5 = 1
