Tiempo de corrida total: 0.281179
Tiempo de corrida recorrer el arbol: 0.100169
Valor de la funcion objetivo: 1
x1_5 = 1
x14_5 = 1
x49_5 = 1
x63_5 = 1
x74_5 = 1
w5 = 1
