Tiempo de corrida total: 1.26488
Tiempo de corrida recorrer el arbol: 1.20938
Valor de la funcion objetivo: 3
x9_3 = 1
x12_3 = 1
x25_3 = 1
x2_7 = 1
x10_7 = 1
x16_7 = 1
x24_7 = 1
x7_9 = 1
x15_9 = 1
x18_9 = 1
w3 = 1
w7 = 1
w9 = 1
