Tiempo de corrida total: 3.82352
Tiempo de corrida recorrer el arbol: 3.75446
Valor de la funcion objetivo: 2
x12_3 = 1
x15_3 = 1
x34_3 = 1
x49_3 = 1
x1_10 = 1
x10_10 = 1
x19_10 = 1
x28_10 = 1
x39_10 = 1
x44_10 = 1
w3 = 1
w10 = 1
