Tiempo de corrida total: 9.44495
Tiempo de corrida recorrer el arbol: 9.32804
Valor de la funcion objetivo: 2
x2_6 = 1
x30_6 = 1
x33_6 = 1
x59_6 = 1
x4_10 = 1
x17_10 = 1
x32_10 = 1
x37_10 = 1
x47_10 = 1
x50_10 = 1
w6 = 1
w10 = 1
