Tiempo de corrida total: 2.42616
Tiempo de corrida recorrer el arbol: 0.592611
Valor de la funcion objetivo: 2
x44_4 = 1
x63_4 = 1
x67_4 = 1
x8_10 = 1
x12_10 = 1
x27_10 = 1
x50_10 = 1
x55_10 = 1
x69_10 = 1
x76_10 = 1
w4 = 1
w10 = 1
