Tiempo de corrida total: 1.20373
Tiempo de corrida recorrer el arbol: 1.18487
Valor de la funcion objetivo: 3
x1_1 = 1
x15_1 = 1
x4_6 = 1
x7_6 = 1
x18_6 = 1
x21_6 = 1
x2_7 = 1
x9_7 = 1
x16_7 = 1
x25_7 = 1
w1 = 1
w6 = 1
w7 = 1
