Tiempo de corrida total: 2.67423
Tiempo de corrida recorrer el arbol: 1.32609
Valor de la funcion objetivo: 2
x22_2 = 1
x36_2 = 1
x48_2 = 1
x65_2 = 1
x11_4 = 1
x23_4 = 1
x52_4 = 1
x58_4 = 1
x64_4 = 1
x80_4 = 1
w2 = 1
w4 = 1
