Tiempo de corrida total: 0.574069
Tiempo de corrida recorrer el arbol: 0.210501
Valor de la funcion objetivo: 1
x8_2 = 1
x15_2 = 1
x28_2 = 1
x49_2 = 1
x72_2 = 1
w2 = 1
