Tiempo de corrida total: 0.178079
Tiempo de corrida recorrer el arbol: 0.0775959
Valor de la funcion objetivo: 3
x4_7 = 1
x11_7 = 1
x18_7 = 1
x25_7 = 1
x5_8 = 1
x12_8 = 1
x23_8 = 1
x3_10 = 1
x14_10 = 1
x21_10 = 1
w7 = 1
w8 = 1
w10 = 1
