Tiempo de corrida total: 0.122768
Tiempo de corrida recorrer el arbol: 0.040231
Valor de la funcion objetivo: 1
x2_3 = 1
x10_3 = 1
x18_3 = 1
x27_3 = 1
x31_3 = 1
w3 = 1
