Tiempo de corrida total: 0.973445
Tiempo de corrida recorrer el arbol: 0.322332
Valor de la funcion objetivo: 2
x7_2 = 1
x9_2 = 1
x22_2 = 1
x34_2 = 1
x45_2 = 1
x5_3 = 1
x14_3 = 1
x15_3 = 1
x27_3 = 1
x30_3 = 1
w2 = 1
w3 = 1
