Tiempo de corrida total: 2.05309
Tiempo de corrida recorrer el arbol: 1.52159
Valor de la funcion objetivo: 2
x6_8 = 1
x11_8 = 1
x16_8 = 1
x33_8 = 1
x42_8 = 1
x43_8 = 1
x25_9 = 1
x34_9 = 1
x38_9 = 1
x47_9 = 1
w8 = 1
w9 = 1
