Tiempo de corrida total: 1.24938
Tiempo de corrida recorrer el arbol: 1.15894
Valor de la funcion objetivo: 2
x5_8 = 1
x14_8 = 1
x15_8 = 1
x30_8 = 1
x41_8 = 1
x1_9 = 1
x13_9 = 1
x16_9 = 1
x26_9 = 1
x45_9 = 1
w8 = 1
w9 = 1
