Tiempo de corrida total: 3.15875
Tiempo de corrida recorrer el arbol: 2.87824
Valor de la funcion objetivo: 3
x3_6 = 1
x11_6 = 1
x14_6 = 1
x25_6 = 1
x36_6 = 1
x6_11 = 1
x9_11 = 1
x13_11 = 1
x29_11 = 1
x32_11 = 1
x1_12 = 1
x17_12 = 1
x21_12 = 1
x30_12 = 1
x34_12 = 1
w6 = 1
w11 = 1
w12 = 1
