Tiempo de corrida total: 0.102515
Tiempo de corrida recorrer el arbol: 0.050211
Valor de la funcion objetivo: 1
x1_1 = 1
x10_1 = 1
x18_1 = 1
x21_1 = 1
x32_1 = 1
w1 = 1
