Tiempo de corrida total: 0.08482
Tiempo de corrida recorrer el arbol: 0.0562351
Valor de la funcion objetivo: 1
x13_2 = 1
x22_2 = 1
x35_2 = 1
x39_2 = 1
x44_2 = 1
w2 = 1
