Tiempo de corrida total: 0.160501
Tiempo de corrida recorrer el arbol: 0.0286291
Valor de la funcion objetivo: 1
x4_4 = 1
x33_4 = 1
x47_4 = 1
x50_4 = 1
x62_4 = 1
w4 = 1
