Tiempo de corrida total: 9.53401
Tiempo de corrida recorrer el arbol: 1.46663
Valor de la funcion objetivo: 3
x12_15 = 1
x13_15 = 1
x29_15 = 1
x43_15 = 1
x50_15 = 1
x70_15 = 1
x80_15 = 1
x88_15 = 1
x10_19 = 1
x14_19 = 1
x35_19 = 1
x39_19 = 1
x49_19 = 1
x64_19 = 1
x84_19 = 1
x93_19 = 1
x3_20 = 1
x18_20 = 1
x72_20 = 1
x91_20 = 1
w15 = 1
w19 = 1
w20 = 1
