Tiempo de corrida total: 0.025183
Tiempo de corrida recorrer el arbol: 0.017689
Valor de la funcion objetivo: 1
x5_1 = 1
x8_1 = 1
x25_1 = 1
x34_1 = 1
x45_1 = 1
w1 = 1
