Tiempo de corrida total: 2.35368
Tiempo de corrida recorrer el arbol: 0.298685
Valor de la funcion objetivo: 2
x9_2 = 1
x24_2 = 1
x27_2 = 1
x44_2 = 1
x50_2 = 1
x71_2 = 1
x73_2 = 1
x94_2 = 1
x5_9 = 1
x14_9 = 1
w2 = 1
w9 = 1
