Tiempo de corrida total: 0.0226729
Tiempo de corrida recorrer el arbol: 0.019486
Valor de la funcion objetivo: 1
x1_1 = 1
x10_1 = 1
x19_1 = 1
x23_1 = 1
x32_1 = 1
w1 = 1
