Tiempo de corrida total: 0.59782
Tiempo de corrida recorrer el arbol: 0.253233
Valor de la funcion objetivo: 2
x6_4 = 1
x9_4 = 1
x22_4 = 1
x32_4 = 1
x42_4 = 1
x7_7 = 1
x8_7 = 1
x26_7 = 1
x41_7 = 1
x45_7 = 1
w4 = 1
w7 = 1
