Tiempo de corrida total: 0.192627
Tiempo de corrida recorrer el arbol: 0.167452
Valor de la funcion objetivo: 2
x3_2 = 1
x2_3 = 1
x10_3 = 1
x16_3 = 1
x23_3 = 1
w2 = 1
w3 = 1
