Tiempo de corrida total: 7.69597
Tiempo de corrida recorrer el arbol: 7.53286
Valor de la funcion objetivo: 2
x1_6 = 1
x11_6 = 1
x21_6 = 1
x26_6 = 1
x40_6 = 1
x52_6 = 1
x3_8 = 1
x15_8 = 1
x32_8 = 1
x37_8 = 1
w6 = 1
w8 = 1
