Tiempo de corrida total: 0.236314
Tiempo de corrida recorrer el arbol: 0.211466
Valor de la funcion objetivo: 2
x5_3 = 1
x24_3 = 1
x27_3 = 1
x31_3 = 1
x3_5 = 1
x12_5 = 1
x14_5 = 1
x23_5 = 1
x25_5 = 1
x34_5 = 1
w3 = 1
w5 = 1
