Tiempo de corrida total: 0.342156
Tiempo de corrida recorrer el arbol: 0.099818
Valor de la funcion objetivo: 1
x9_2 = 1
x15_2 = 1
x43_2 = 1
x56_2 = 1
x77_2 = 1
w2 = 1
