Tiempo de corrida total: 0.0662439
Tiempo de corrida recorrer el arbol: 0.0634391
Valor de la funcion objetivo: 1
x12_5 = 1
x15_5 = 1
x34_5 = 1
x37_5 = 1
x49_5 = 1
w5 = 1
