Tiempo de corrida total: 0.223063
Tiempo de corrida recorrer el arbol: 0.079608
Valor de la funcion objetivo: 1
x5_3 = 1
x10_3 = 1
x25_3 = 1
x39_3 = 1
x51_3 = 1
w3 = 1
