Tiempo de corrida total: 3.27742
Tiempo de corrida recorrer el arbol: 0.195389
Valor de la funcion objetivo: 2
x36_5 = 1
x56_5 = 1
x63_5 = 1
x2_7 = 1
x17_7 = 1
x32_7 = 1
x40_7 = 1
x72_7 = 1
x75_7 = 1
x91_7 = 1
w5 = 1
w7 = 1
