Tiempo de corrida total: 6.55401
Tiempo de corrida recorrer el arbol: 6.54186
Valor de la funcion objetivo: 2
x1_1 = 1
x12_1 = 1
x18_1 = 1
x29_1 = 1
x40_1 = 1
x62_1 = 1
x5_2 = 1
x10_2 = 1
x25_2 = 1
x48_2 = 1
w1 = 1
w2 = 1
