Tiempo de corrida total: 0.231707
Tiempo de corrida recorrer el arbol: 0.148597
Valor de la funcion objetivo: 1
x2_2 = 1
x13_2 = 1
x36_2 = 1
x41_2 = 1
x75_2 = 1
w2 = 1
