Tiempo de corrida total: 0.135428
Tiempo de corrida recorrer el arbol: 0.110089
Valor de la funcion objetivo: 2
x17_2 = 1
x25_2 = 1
x2_4 = 1
x10_4 = 1
x21_4 = 1
w2 = 1
w4 = 1
