Tiempo de corrida total: 0.189414
Tiempo de corrida recorrer el arbol: 0.0530388
Valor de la funcion objetivo: 1
x2_5 = 1
x16_5 = 1
x28_5 = 1
x41_5 = 1
x62_5 = 1
w5 = 1
