Tiempo de corrida total: 1.25878
Tiempo de corrida recorrer el arbol: 0.342657
Valor de la funcion objetivo: 2
x4_2 = 1
x9_2 = 1
x24_2 = 1
x29_2 = 1
x39_2 = 1
x51_2 = 1
x16_8 = 1
x27_8 = 1
x49_8 = 1
x61_8 = 1
w2 = 1
w8 = 1
