Tiempo de corrida total: 0.173605
Tiempo de corrida recorrer el arbol: 0.083101
Valor de la funcion objetivo: 1
x5_3 = 1
x10_3 = 1
x15_3 = 1
x27_3 = 1
x37_3 = 1
w3 = 1
