Tiempo de corrida total: 0.352585
Tiempo de corrida recorrer el arbol: 0.137629
Valor de la funcion objetivo: 1
x17_5 = 1
x23_5 = 1
x30_5 = 1
x54_5 = 1
x58_5 = 1
w5 = 1
