Tiempo de corrida total: 0.303636
Tiempo de corrida recorrer el arbol: 0.0339811
Valor de la funcion objetivo: 1
x5_1 = 1
x17_1 = 1
x27_1 = 1
x48_1 = 1
x60_1 = 1
w1 = 1
