Tiempo de corrida total: 1.38615
Tiempo de corrida recorrer el arbol: 1.37373
Valor de la funcion objetivo: 2
x5_7 = 1
x7_7 = 1
x16_7 = 1
x24_7 = 1
x33_7 = 1
x2_10 = 1
x10_10 = 1
x19_10 = 1
x27_10 = 1
x35_10 = 1
w7 = 1
w10 = 1
