Tiempo de corrida total: 0.0543079
Tiempo de corrida recorrer el arbol: 0.0355928
Valor de la funcion objetivo: 1
x4_1 = 1
x7_1 = 1
x23_1 = 1
x27_1 = 1
x36_1 = 1
w1 = 1
