Tiempo de corrida total: 0.741048
Tiempo de corrida recorrer el arbol: 0.130883
Valor de la funcion objetivo: 2
x2_1 = 1
x21_1 = 1
x40_1 = 1
x51_1 = 1
x4_2 = 1
x24_2 = 1
x26_2 = 1
x39_2 = 1
x43_2 = 1
x49_2 = 1
w1 = 1
w2 = 1
