Tiempo de corrida total: 0.38488
Tiempo de corrida recorrer el arbol: 0.349934
Valor de la funcion objetivo: 2
x2_5 = 1
x13_5 = 1
x22_5 = 1
x35_5 = 1
x40_5 = 1
x45_5 = 1
x5_9 = 1
x16_9 = 1
x31_9 = 1
x42_9 = 1
w5 = 1
w9 = 1
