Tiempo de corrida total: 6.42806
Tiempo de corrida recorrer el arbol: 3.30442
Valor de la funcion objetivo: 2
x2_11 = 1
x17_11 = 1
x33_11 = 1
x40_11 = 1
x49_11 = 1
x63_11 = 1
x78_11 = 1
x94_11 = 1
x1_15 = 1
x31_15 = 1
x38_15 = 1
x54_15 = 1
x68_15 = 1
x84_15 = 1
x89_15 = 1
w11 = 1
w15 = 1
