Tiempo de corrida total: 2.40118
Tiempo de corrida recorrer el arbol: 0.568109
Valor de la funcion objetivo: 2
x5_4 = 1
x20_4 = 1
x30_4 = 1
x45_4 = 1
x60_4 = 1
x61_4 = 1
x76_4 = 1
x94_4 = 1
x7_9 = 1
x56_9 = 1
w4 = 1
w9 = 1
