Tiempo de corrida total: 0.0805631
Tiempo de corrida recorrer el arbol: 0.0614791
Valor de la funcion objetivo: 1
x1_1 = 1
x15_1 = 1
x30_1 = 1
x38_1 = 1
x57_1 = 1
w1 = 1
