Tiempo de corrida total: 9.59659
Tiempo de corrida recorrer el arbol: 2.78136
Valor de la funcion objetivo: 3
x5_2 = 1
x27_2 = 1
x44_2 = 1
x46_2 = 1
x58_2 = 1
x70_2 = 1
x4_11 = 1
x23_11 = 1
x29_11 = 1
x45_11 = 1
x52_11 = 1
x71_11 = 1
x75_11 = 1
x7_19 = 1
x12_19 = 1
x26_19 = 1
x41_19 = 1
x56_19 = 1
x67_19 = 1
x78_19 = 1
w2 = 1
w11 = 1
w19 = 1
