Tiempo de corrida total: 6.85888
Tiempo de corrida recorrer el arbol: 0.957358
Valor de la funcion objetivo: 2
x10_9 = 1
x17_9 = 1
x25_9 = 1
x48_9 = 1
x52_9 = 1
x66_9 = 1
x83_9 = 1
x86_9 = 1
x2_10 = 1
x30_10 = 1
x37_10 = 1
x59_10 = 1
x64_10 = 1
x84_10 = 1
x87_10 = 1
w9 = 1
w10 = 1
