Tiempo de corrida total: 0.0511949
Tiempo de corrida recorrer el arbol: 0.0376692
Valor de la funcion objetivo: 1
x5_1 = 1
x10_1 = 1
x24_1 = 1
x30_1 = 1
x41_1 = 1
w1 = 1
