Tiempo de corrida total: 7.93214
Tiempo de corrida recorrer el arbol: 7.87849
Valor de la funcion objetivo: 3
x3_4 = 1
x12_4 = 1
x16_4 = 1
x19_4 = 1
x29_4 = 1
x5_12 = 1
x8_12 = 1
x21_12 = 1
x30_12 = 1
x34_12 = 1
x9_13 = 1
x13_13 = 1
x24_13 = 1
x28_13 = 1
x32_13 = 1
w4 = 1
w12 = 1
w13 = 1
