Tiempo de corrida total: 0.0920389
Tiempo de corrida recorrer el arbol: 0.0588291
Valor de la funcion objetivo: 1
x6_2 = 1
x15_2 = 1
x33_2 = 1
x37_2 = 1
x46_2 = 1
w2 = 1
