Tiempo de corrida total: 0.0740709
Tiempo de corrida recorrer el arbol: 0.0339639
Valor de la funcion objetivo: 1
x11_1 = 1
x15_1 = 1
x19_1 = 1
x30_1 = 1
x32_1 = 1
w1 = 1
