Tiempo de corrida total: 0.275755
Tiempo de corrida recorrer el arbol: 0.052038
Valor de la funcion objetivo: 4
x3_1 = 1
x10_1 = 1
x12_1 = 1
x19_1 = 1
x21_1 = 1
x13_4 = 1
x20_4 = 1
x5_5 = 1
x7_5 = 1
x16_5 = 1
x23_5 = 1
x2_10 = 1
x11_10 = 1
x18_10 = 1
x25_10 = 1
w1 = 1
w4 = 1
w5 = 1
w10 = 1
