Tiempo de corrida total: 0.330391
Tiempo de corrida recorrer el arbol: 0.0969672
Valor de la funcion objetivo: 1
x3_1 = 1
x35_1 = 1
x50_1 = 1
x64_1 = 1
x78_1 = 1
w1 = 1
