Tiempo de corrida total: 0.441992
Tiempo de corrida recorrer el arbol: 0.324558
Valor de la funcion objetivo: 3
x3_6 = 1
x6_6 = 1
x14_6 = 1
x17_6 = 1
x25_6 = 1
x5_9 = 1
x7_9 = 1
x18_9 = 1
x12_10 = 1
x23_10 = 1
w6 = 1
w9 = 1
w10 = 1
