Tiempo de corrida total: 0.067631
Tiempo de corrida recorrer el arbol: 0.04355
Valor de la funcion objetivo: 1
x1_4 = 1
x10_4 = 1
x27_4 = 1
x37_4 = 1
x47_4 = 1
w4 = 1
