Tiempo de corrida total: 0.259548
Tiempo de corrida recorrer el arbol: 0.155253
Valor de la funcion objetivo: 1
x22_5 = 1
x27_5 = 1
x41_5 = 1
x61_5 = 1
x84_5 = 1
w5 = 1
