Tiempo de corrida total: 1.16496
Tiempo de corrida recorrer el arbol: 0.184407
Valor de la funcion objetivo: 2
x11_1 = 1
x24_1 = 1
x26_1 = 1
x39_1 = 1
x41_1 = 1
x54_1 = 1
x18_10 = 1
x35_10 = 1
x56_10 = 1
x57_10 = 1
w1 = 1
w10 = 1
