Tiempo de corrida total: 0.201617
Tiempo de corrida recorrer el arbol: 0.116209
Valor de la funcion objetivo: 1
x13_4 = 1
x28_4 = 1
x42_4 = 1
x54_4 = 1
x65_4 = 1
w4 = 1
