Tiempo de corrida total: 0.0844109
Tiempo de corrida recorrer el arbol: 0.0242341
Valor de la funcion objetivo: 2
x3_2 = 1
x12_2 = 1
x19_2 = 1
x21_2 = 1
x2_4 = 1
w2 = 1
w4 = 1
