Tiempo de corrida total: 1.03307
Tiempo de corrida recorrer el arbol: 1.02269
Valor de la funcion objetivo: 3
x1_1 = 1
x8_1 = 1
x15_1 = 1
x17_1 = 1
x24_1 = 1
x2_2 = 1
x10_2 = 1
x11_2 = 1
x3_3 = 1
x12_3 = 1
w1 = 1
w2 = 1
w3 = 1
