Tiempo de corrida total: 0.103659
Tiempo de corrida recorrer el arbol: 0.028255
Valor de la funcion objetivo: 1
x1_4 = 1
x12_4 = 1
x24_4 = 1
x43_4 = 1
x58_4 = 1
w4 = 1
