Tiempo de corrida total: 0.0558629
Tiempo de corrida recorrer el arbol: 0.0492859
Valor de la funcion objetivo: 1
x1_1 = 1
x12_1 = 1
x24_1 = 1
x43_1 = 1
x58_1 = 1
w1 = 1
