Tiempo de corrida total: 3.36485
Tiempo de corrida recorrer el arbol: 3.09571
Valor de la funcion objetivo: 2
x5_1 = 1
x7_1 = 1
x16_1 = 1
x24_1 = 1
x27_1 = 1
x9_4 = 1
x18_4 = 1
x22_4 = 1
x25_4 = 1
x35_4 = 1
w1 = 1
w4 = 1
