Tiempo de corrida total: 2.37559
Tiempo de corrida recorrer el arbol: 0.46747
Valor de la funcion objetivo: 2
x9_6 = 1
x23_6 = 1
x2_7 = 1
x21_7 = 1
x25_7 = 1
x46_7 = 1
x56_7 = 1
x66_7 = 1
x75_7 = 1
x91_7 = 1
w6 = 1
w7 = 1
