Tiempo de corrida total: 0.0481031
Tiempo de corrida recorrer el arbol: 0.0422578
Valor de la funcion objetivo: 1
x6_2 = 1
x8_2 = 1
x17_2 = 1
x19_2 = 1
x34_2 = 1
w2 = 1
