Tiempo de corrida total: 0.239719
Tiempo de corrida recorrer el arbol: 0.068367
Valor de la funcion objetivo: 1
x18_2 = 1
x31_2 = 1
x44_2 = 1
x49_2 = 1
x64_2 = 1
w2 = 1
