Tiempo de corrida total: 1.44276
Tiempo de corrida recorrer el arbol: 0.867866
Valor de la funcion objetivo: 2
x2_1 = 1
x21_1 = 1
x32_1 = 1
x36_1 = 1
x41_1 = 1
x51_1 = 1
x16_9 = 1
x17_9 = 1
x31_9 = 1
x60_9 = 1
w1 = 1
w9 = 1
