Tiempo de corrida total: 9.00265
Tiempo de corrida recorrer el arbol: 8.99749
Valor de la funcion objetivo: 3
x2_3 = 1
x9_3 = 1
x11_3 = 1
x18_3 = 1
x25_3 = 1
x3_8 = 1
x10_8 = 1
x12_8 = 1
x19_8 = 1
x21_8 = 1
x5_15 = 1
x7_15 = 1
x14_15 = 1
x16_15 = 1
x23_15 = 1
w3 = 1
w8 = 1
w15 = 1
