Tiempo de corrida total: 2.72439
Tiempo de corrida recorrer el arbol: 0.313447
Valor de la funcion objetivo: 2
x9_2 = 1
x24_2 = 1
x27_2 = 1
x43_2 = 1
x52_2 = 1
x62_2 = 1
x80_2 = 1
x94_2 = 1
x5_5 = 1
x34_5 = 1
w2 = 1
w5 = 1
