Tiempo de corrida total: 0.117259
Tiempo de corrida recorrer el arbol: 0.0136211
Valor de la funcion objetivo: 1
x1_5 = 1
x10_5 = 1
x14_5 = 1
x23_5 = 1
x27_5 = 1
w5 = 1
