Tiempo de corrida total: 1.24757
Tiempo de corrida recorrer el arbol: 0.873873
Valor de la funcion objetivo: 2
x11_8 = 1
x14_8 = 1
x36_8 = 1
x46_8 = 1
x52_8 = 1
x61_8 = 1
x81_8 = 1
x89_8 = 1
x12_10 = 1
x26_10 = 1
w8 = 1
w10 = 1
