Tiempo de corrida total: 1.69802
Tiempo de corrida recorrer el arbol: 0.494448
Valor de la funcion objetivo: 2
x25_9 = 1
x46_9 = 1
x15_10 = 1
x22_10 = 1
x36_10 = 1
x41_10 = 1
x53_10 = 1
x56_10 = 1
x70_10 = 1
x75_10 = 1
w9 = 1
w10 = 1
