Tiempo de corrida total: 1.85334
Tiempo de corrida recorrer el arbol: 1.57714
Valor de la funcion objetivo: 2
x1_2 = 1
x11_2 = 1
x20_2 = 1
x24_2 = 1
x37_2 = 1
x47_2 = 1
x2_9 = 1
x17_9 = 1
x22_9 = 1
x40_9 = 1
w2 = 1
w9 = 1
