Tiempo de corrida total: 0.0166202
Tiempo de corrida recorrer el arbol: 0.0117829
Valor de la funcion objetivo: 1
x1_1 = 1
x10_1 = 1
x14_1 = 1
x23_1 = 1
x27_1 = 1
w1 = 1
