Tiempo de corrida total: 4.24745
Tiempo de corrida recorrer el arbol: 4.03079
Valor de la funcion objetivo: 4
x1_2 = 1
x10_2 = 1
x12_2 = 1
x23_2 = 1
x4_5 = 1
x11_5 = 1
x18_5 = 1
x25_5 = 1
x7_6 = 1
x14_6 = 1
x16_6 = 1
x5_8 = 1
x6_8 = 1
x19_8 = 1
x22_8 = 1
w2 = 1
w5 = 1
w6 = 1
w8 = 1
