Tiempo de corrida total: 7.75731
Tiempo de corrida recorrer el arbol: 6.88997
Valor de la funcion objetivo: 3
x2_2 = 1
x10_2 = 1
x18_2 = 1
x19_2 = 1
x27_2 = 1
x35_2 = 1
x4_7 = 1
x7_7 = 1
x20_7 = 1
x29_7 = 1
x33_7 = 1
x5_11 = 1
x14_11 = 1
x30_11 = 1
x34_11 = 1
w2 = 1
w7 = 1
w11 = 1
