Tiempo de corrida total: 0.179675
Tiempo de corrida recorrer el arbol: 0.055742
Valor de la funcion objetivo: 1
x12_4 = 1
x17_4 = 1
x32_4 = 1
x38_4 = 1
x55_4 = 1
w4 = 1
