Tiempo de corrida total: 0.222945
Tiempo de corrida recorrer el arbol: 0.0839872
Valor de la funcion objetivo: 2
x3_1 = 1
x12_1 = 1
x20_1 = 1
x28_1 = 1
x31_1 = 1
x5_6 = 1
x7_6 = 1
x16_6 = 1
x27_6 = 1
x36_6 = 1
w1 = 1
w6 = 1
