Tiempo de corrida total: 0.0710769
Tiempo de corrida recorrer el arbol: 0.037097
Valor de la funcion objetivo: 1
x4_2 = 1
x7_2 = 1
x15_2 = 1
x18_2 = 1
x21_2 = 1
w2 = 1
