Tiempo de corrida total: 0.131714
Tiempo de corrida recorrer el arbol: 0.0463791
Valor de la funcion objetivo: 3
x3_1 = 1
x12_1 = 1
x19_1 = 1
x21_1 = 1
x2_7 = 1
x9_7 = 1
x6_9 = 1
x14_9 = 1
x17_9 = 1
x25_9 = 1
w1 = 1
w7 = 1
w9 = 1
