Tiempo de corrida total: 0.0607572
Tiempo de corrida recorrer el arbol: 0.0460839
Valor de la funcion objetivo: 1
x4_4 = 1
x7_4 = 1
x23_4 = 1
x27_4 = 1
x36_4 = 1
w4 = 1
