Tiempo de corrida total: 1.76161
Tiempo de corrida recorrer el arbol: 0.552023
Valor de la funcion objetivo: 5
x2_3 = 1
x10_3 = 1
x13_3 = 1
x24_3 = 1
x1_5 = 1
x9_5 = 1
x12_5 = 1
x20_5 = 1
x23_5 = 1
x5_8 = 1
x19_8 = 1
x22_8 = 1
x14_15 = 1
x17_15 = 1
x25_15 = 1
x4_17 = 1
x7_17 = 1
x15_17 = 1
x18_17 = 1
x21_17 = 1
w3 = 1
w5 = 1
w8 = 1
w15 = 1
w17 = 1
