Tiempo de corrida total: 4.45018
Tiempo de corrida recorrer el arbol: 0.763837
Valor de la funcion objetivo: 3
x3_7 = 1
x8_7 = 1
x34_7 = 1
x49_7 = 1
x1_12 = 1
x14_12 = 1
x18_12 = 1
x27_12 = 1
x31_12 = 1
x40_12 = 1
x13_15 = 1
x24_15 = 1
x29_15 = 1
x42_15 = 1
x47_15 = 1
w7 = 1
w12 = 1
w15 = 1
