Tiempo de corrida total: 3.78538
Tiempo de corrida recorrer el arbol: 3.76679
Valor de la funcion objetivo: 2
x6_3 = 1
x9_3 = 1
x21_3 = 1
x22_3 = 1
x40_3 = 1
x13_10 = 1
x16_10 = 1
x28_10 = 1
x36_10 = 1
x45_10 = 1
w3 = 1
w10 = 1
