Tiempo de corrida total: 1.34868
Tiempo de corrida recorrer el arbol: 0.077507
Valor de la funcion objetivo: 2
x2_1 = 1
x20_1 = 1
x24_1 = 1
x35_1 = 1
x43_1 = 1
x7_7 = 1
x18_7 = 1
x27_7 = 1
x29_7 = 1
x40_7 = 1
w1 = 1
w7 = 1
