Tiempo de corrida total: 0.697279
Tiempo de corrida recorrer el arbol: 0.152199
Valor de la funcion objetivo: 2
x7_4 = 1
x11_4 = 1
x16_4 = 1
x34_4 = 1
x38_4 = 1
x47_4 = 1
x8_5 = 1
x20_5 = 1
x23_5 = 1
x46_5 = 1
w4 = 1
w5 = 1
