Tiempo de corrida total: 0.201229
Tiempo de corrida recorrer el arbol: 0.123872
Valor de la funcion objetivo: 1
x7_3 = 1
x26_3 = 1
x45_3 = 1
x59_3 = 1
x78_3 = 1
w3 = 1
