Tiempo de corrida total: 0.046993
Tiempo de corrida recorrer el arbol: 0.00826383
Valor de la funcion objetivo: 1
x4_3 = 1
x7_3 = 1
x15_3 = 1
x18_3 = 1
x21_3 = 1
w3 = 1
