Tiempo de corrida total: 0.425137
Tiempo de corrida recorrer el arbol: 0.0978482
Valor de la funcion objetivo: 1
x15_4 = 1
x33_4 = 1
x40_4 = 1
x78_4 = 1
x86_4 = 1
w4 = 1
