Tiempo de corrida total: 0.261144
Tiempo de corrida recorrer el arbol: 0.15363
Valor de la funcion objetivo: 1
x1_4 = 1
x19_4 = 1
x26_4 = 1
x51_4 = 1
x96_4 = 1
w4 = 1
