Tiempo de corrida total: 0.0858171
Tiempo de corrida recorrer el arbol: 0.056535
Valor de la funcion objetivo: 1
x4_5 = 1
x17_5 = 1
x27_5 = 1
x36_5 = 1
x47_5 = 1
w5 = 1
