Tiempo de corrida total: 0.313621
Tiempo de corrida recorrer el arbol: 0.0322709
Valor de la funcion objetivo: 1
x8_4 = 1
x17_4 = 1
x40_4 = 1
x57_4 = 1
x78_4 = 1
w4 = 1
