Tiempo de corrida total: 0.049535
Tiempo de corrida recorrer el arbol: 0.0368662
Valor de la funcion objetivo: 1
x9_4 = 1
x13_4 = 1
x24_4 = 1
x28_4 = 1
x32_4 = 1
w4 = 1
