Tiempo de corrida total: 0.373241
Tiempo de corrida recorrer el arbol: 0.114264
Valor de la funcion objetivo: 5
x3_2 = 1
x12_2 = 1
x19_2 = 1
x5_4 = 1
x14_4 = 1
x16_4 = 1
x23_4 = 1
x4_7 = 1
x7_7 = 1
x20_7 = 1
x21_7 = 1
x2_8 = 1
x9_8 = 1
x11_8 = 1
x18_8 = 1
x25_8 = 1
x1_9 = 1
x10_9 = 1
x17_9 = 1
x24_9 = 1
w2 = 1
w4 = 1
w7 = 1
w8 = 1
w9 = 1
