Tiempo de corrida total: 0.249997
Tiempo de corrida recorrer el arbol: 0.114629
Valor de la funcion objetivo: 2
x5_2 = 1
x14_2 = 1
x24_2 = 1
x27_2 = 1
x31_2 = 1
x3_3 = 1
x12_3 = 1
x23_3 = 1
x25_3 = 1
x34_3 = 1
w2 = 1
w3 = 1
