Tiempo de corrida total: 0.20862
Tiempo de corrida recorrer el arbol: 0.180329
Valor de la funcion objetivo: 2
x9_2 = 1
x16_2 = 1
x25_2 = 1
x12_5 = 1
x19_5 = 1
w2 = 1
w5 = 1
