Tiempo de corrida total: 1.93828
Tiempo de corrida recorrer el arbol: 1.92202
Valor de la funcion objetivo: 3
x2_5 = 1
x11_5 = 1
x18_5 = 1
x25_5 = 1
x1_6 = 1
x10_6 = 1
x17_6 = 1
x24_6 = 1
x5_8 = 1
x7_8 = 1
w5 = 1
w6 = 1
w8 = 1
