Tiempo de corrida total: 0.226935
Tiempo de corrida recorrer el arbol: 0.143644
Valor de la funcion objetivo: 1
x13_5 = 1
x46_5 = 1
x61_5 = 1
x72_5 = 1
x75_5 = 1
w5 = 1
