Tiempo de corrida total: 0.284221
Tiempo de corrida recorrer el arbol: 0.229193
Valor de la funcion objetivo: 1
x10_4 = 1
x13_4 = 1
x23_4 = 1
x26_4 = 1
x36_4 = 1
w4 = 1
