Tiempo de corrida total: 0.265924
Tiempo de corrida recorrer el arbol: 0.116944
Valor de la funcion objetivo: 1
x3_5 = 1
x13_5 = 1
x23_5 = 1
x26_5 = 1
x49_5 = 1
w5 = 1
