Tiempo de corrida total: 0.324425
Tiempo de corrida recorrer el arbol: 0.138214
Valor de la funcion objetivo: 2
x5_3 = 1
x14_3 = 1
x16_3 = 1
x34_3 = 1
x39_3 = 1
x43_3 = 1
x2_4 = 1
x12_4 = 1
x27_4 = 1
x29_4 = 1
w3 = 1
w4 = 1
