Tiempo de corrida total: 2.78092
Tiempo de corrida recorrer el arbol: 2.02625
Valor de la funcion objetivo: 3
x5_9 = 1
x9_9 = 1
x13_9 = 1
x24_9 = 1
x28_9 = 1
x32_9 = 1
x3_11 = 1
x12_11 = 1
x16_11 = 1
x20_11 = 1
x29_11 = 1
x8_13 = 1
x21_13 = 1
x30_13 = 1
x34_13 = 1
w9 = 1
w11 = 1
w13 = 1
