Tiempo de corrida total: 5.26786
Tiempo de corrida recorrer el arbol: 0.850178
Valor de la funcion objetivo: 2
x12_8 = 1
x18_8 = 1
x27_8 = 1
x37_8 = 1
x58_8 = 1
x68_8 = 1
x74_8 = 1
x93_8 = 1
x2_10 = 1
x24_10 = 1
x44_10 = 1
x59_10 = 1
x69_10 = 1
x75_10 = 1
x85_10 = 1
w8 = 1
w10 = 1
