Tiempo de corrida total: 1.03241
Tiempo de corrida recorrer el arbol: 0.995901
Valor de la funcion objetivo: 2
x6_6 = 1
x9_6 = 1
x13_6 = 1
x28_6 = 1
x32_6 = 1
x5_9 = 1
x8_9 = 1
x16_9 = 1
x19_9 = 1
x27_9 = 1
w6 = 1
w9 = 1
