Tiempo de corrida total: 0.735478
Tiempo de corrida recorrer el arbol: 0.200622
Valor de la funcion objetivo: 2
x4_4 = 1
x7_4 = 1
x17_4 = 1
x20_4 = 1
x30_4 = 1
x8_9 = 1
x16_9 = 1
x24_9 = 1
x25_9 = 1
x35_9 = 1
w4 = 1
w9 = 1
