Tiempo de corrida total: 0.424347
Tiempo de corrida recorrer el arbol: 0.385414
Valor de la funcion objetivo: 2
x3_3 = 1
x11_3 = 1
x19_3 = 1
x30_3 = 1
x34_3 = 1
x6_6 = 1
x14_6 = 1
x22_6 = 1
x25_6 = 1
x33_6 = 1
w3 = 1
w6 = 1
