Tiempo de corrida total: 0.666559
Tiempo de corrida recorrer el arbol: 0.235593
Valor de la funcion objetivo: 2
x7_3 = 1
x9_3 = 1
x24_3 = 1
x29_3 = 1
x39_3 = 1
x3_8 = 1
x8_8 = 1
x34_8 = 1
x37_8 = 1
x49_8 = 1
w3 = 1
w8 = 1
