Tiempo de corrida total: 2.25011
Tiempo de corrida recorrer el arbol: 2.22021
Valor de la funcion objetivo: 3
x2_7 = 1
x9_7 = 1
x11_7 = 1
x18_7 = 1
x25_7 = 1
x3_9 = 1
x10_9 = 1
x12_9 = 1
x19_9 = 1
x21_9 = 1
x5_10 = 1
x7_10 = 1
x14_10 = 1
x16_10 = 1
x23_10 = 1
w7 = 1
w9 = 1
w10 = 1
