Tiempo de corrida total: 3.99099
Tiempo de corrida recorrer el arbol: 3.98053
Valor de la funcion objetivo: 3
x1_1 = 1
x9_1 = 1
x12_1 = 1
x20_1 = 1
x23_1 = 1
x2_2 = 1
x11_2 = 1
x24_2 = 1
x3_3 = 1
x25_3 = 1
w1 = 1
w2 = 1
w3 = 1
