Tiempo de corrida total: 6.37476
Tiempo de corrida recorrer el arbol: 6.25936
Valor de la funcion objetivo: 2
x1_3 = 1
x12_3 = 1
x18_3 = 1
x29_3 = 1
x40_3 = 1
x62_3 = 1
x5_6 = 1
x10_6 = 1
x25_6 = 1
x48_6 = 1
w3 = 1
w6 = 1
