Tiempo de corrida total: 3.77242
Tiempo de corrida recorrer el arbol: 2.42125
Valor de la funcion objetivo: 4
x1_3 = 1
x9_3 = 1
x24_3 = 1
x26_3 = 1
x35_3 = 1
x3_7 = 1
x11_7 = 1
x19_7 = 1
x30_7 = 1
x32_7 = 1
x7_12 = 1
x16_12 = 1
x20_12 = 1
x29_12 = 1
x33_12 = 1
x4_16 = 1
x8_16 = 1
x23_16 = 1
x27_16 = 1
x31_16 = 1
w3 = 1
w7 = 1
w12 = 1
w16 = 1
