Tiempo de corrida total: 0.345492
Tiempo de corrida recorrer el arbol: 0.035532
Valor de la funcion objetivo: 1
x8_3 = 1
x13_3 = 1
x54_3 = 1
x69_3 = 1
x75_3 = 1
w3 = 1
