Tiempo de corrida total: 0.0580921
Tiempo de corrida recorrer el arbol: 0.0541329
Valor de la funcion objetivo: 1
x1_5 = 1
x16_5 = 1
x24_5 = 1
x27_5 = 1
x35_5 = 1
w5 = 1
