Tiempo de corrida total: 3.14862
Tiempo de corrida recorrer el arbol: 3.12987
Valor de la funcion objetivo: 2
x1_1 = 1
x10_1 = 1
x19_1 = 1
x23_1 = 1
x32_1 = 1
x7_9 = 1
x16_9 = 1
x34_9 = 1
x36_9 = 1
x47_9 = 1
w1 = 1
w9 = 1
