Tiempo de corrida total: 0.539443
Tiempo de corrida recorrer el arbol: 0.194033
Valor de la funcion objetivo: 4
x7_1 = 1
x16_1 = 1
x23_1 = 1
x3_2 = 1
x10_2 = 1
x12_2 = 1
x21_2 = 1
x2_3 = 1
x9_3 = 1
x11_3 = 1
x18_3 = 1
x25_3 = 1
x1_12 = 1
x8_12 = 1
x17_12 = 1
w1 = 1
w2 = 1
w3 = 1
w12 = 1
