Tiempo de corrida total: 1.22953
Tiempo de corrida recorrer el arbol: 0.883486
Valor de la funcion objetivo: 4
x2_5 = 1
x10_5 = 1
x11_5 = 1
x19_5 = 1
x4_7 = 1
x6_7 = 1
x20_7 = 1
x23_7 = 1
x5_8 = 1
x7_8 = 1
x16_8 = 1
x24_8 = 1
x3_12 = 1
x12_12 = 1
x25_12 = 1
w5 = 1
w7 = 1
w8 = 1
w12 = 1
