Tiempo de corrida total: 0.301335
Tiempo de corrida recorrer el arbol: 0.235741
Valor de la funcion objetivo: 2
x10_8 = 1
x18_8 = 1
x19_8 = 1
x29_8 = 1
x32_8 = 1
x3_9 = 1
x7_9 = 1
x16_9 = 1
x20_9 = 1
x36_9 = 1
w8 = 1
w9 = 1
