Tiempo de corrida total: 1.75099
Tiempo de corrida recorrer el arbol: 0.292164
Valor de la funcion objetivo: 2
x10_8 = 1
x18_8 = 1
x27_8 = 1
x37_8 = 1
x52_8 = 1
x72_8 = 1
x77_8 = 1
x93_8 = 1
x3_10 = 1
x20_10 = 1
w8 = 1
w10 = 1
