Tiempo de corrida total: 1.82702
Tiempo de corrida recorrer el arbol: 0.215925
Valor de la funcion objetivo: 2
x10_8 = 1
x18_8 = 1
x35_8 = 1
x37_8 = 1
x56_8 = 1
x72_8 = 1
x81_8 = 1
x88_8 = 1
x9_9 = 1
x24_9 = 1
w8 = 1
w9 = 1
