Tiempo de corrida total: 3.52185
Tiempo de corrida recorrer el arbol: 3.51222
Valor de la funcion objetivo: 3
x1_1 = 1
x8_1 = 1
x15_1 = 1
x17_1 = 1
x24_1 = 1
x2_2 = 1
x16_2 = 1
x4_3 = 1
x7_3 = 1
x18_3 = 1
w1 = 1
w2 = 1
w3 = 1
