Tiempo de corrida total: 0.34014
Tiempo de corrida recorrer el arbol: 0.080776
Valor de la funcion objetivo: 3
x2_4 = 1
x9_4 = 1
x11_4 = 1
x18_4 = 1
x25_4 = 1
x16_5 = 1
x4_10 = 1
x6_10 = 1
x20_10 = 1
x22_10 = 1
w4 = 1
w5 = 1
w10 = 1
