Tiempo de corrida total: 0.50879
Tiempo de corrida recorrer el arbol: 0.400883
Valor de la funcion objetivo: 2
x3_2 = 1
x11_2 = 1
x19_2 = 1
x30_2 = 1
x34_2 = 1
x6_8 = 1
x14_8 = 1
x22_8 = 1
x25_8 = 1
x33_8 = 1
w2 = 1
w8 = 1
