Tiempo de corrida total: 2.77816
Tiempo de corrida recorrer el arbol: 0.488836
Valor de la funcion objetivo: 2
x19_6 = 1
x29_6 = 1
x54_6 = 1
x5_10 = 1
x10_10 = 1
x22_10 = 1
x25_10 = 1
x44_10 = 1
x56_10 = 1
x59_10 = 1
w6 = 1
w10 = 1
