Tiempo de corrida total: 0.456338
Tiempo de corrida recorrer el arbol: 0.0860991
Valor de la funcion objetivo: 1
x4_3 = 1
x14_3 = 1
x54_3 = 1
x70_3 = 1
x75_3 = 1
w3 = 1
