Tiempo de corrida total: 0.21913
Tiempo de corrida recorrer el arbol: 0.104231
Valor de la funcion objetivo: 1
x3_5 = 1
x23_5 = 1
x41_5 = 1
x56_5 = 1
x62_5 = 1
w5 = 1
