Tiempo de corrida total: 0.359657
Tiempo de corrida recorrer el arbol: 0.0860441
Valor de la funcion objetivo: 3
x5_1 = 1
x7_1 = 1
x14_1 = 1
x16_1 = 1
x23_1 = 1
x3_8 = 1
x10_8 = 1
x12_8 = 1
x19_8 = 1
x21_8 = 1
x2_13 = 1
x9_13 = 1
x11_13 = 1
x18_13 = 1
x25_13 = 1
w1 = 1
w8 = 1
w13 = 1
