Tiempo de corrida total: 0.0788209
Tiempo de corrida recorrer el arbol: 0.0465078
Valor de la funcion objetivo: 1
x3_4 = 1
x12_4 = 1
x14_4 = 1
x23_4 = 1
x25_4 = 1
w4 = 1
