Tiempo de corrida total: 0.327413
Tiempo de corrida recorrer el arbol: 0.137166
Valor de la funcion objetivo: 1
x6_1 = 1
x21_1 = 1
x34_1 = 1
x67_1 = 1
x80_1 = 1
w1 = 1
