Tiempo de corrida total: 2.03213
Tiempo de corrida recorrer el arbol: 0.507944
Valor de la funcion objetivo: 2
x5_3 = 1
x9_3 = 1
x22_3 = 1
x34_3 = 1
x47_3 = 1
x60_3 = 1
x12_8 = 1
x23_8 = 1
x35_8 = 1
x41_8 = 1
w3 = 1
w8 = 1
