Tiempo de corrida total: 0.934101
Tiempo de corrida recorrer el arbol: 0.16422
Valor de la funcion objetivo: 2
x5_7 = 1
x11_7 = 1
x49_7 = 1
x63_7 = 1
x16_9 = 1
x22_9 = 1
x27_9 = 1
x33_9 = 1
x47_9 = 1
x52_9 = 1
w7 = 1
w9 = 1
