Tiempo de corrida total: 0.095408
Tiempo de corrida recorrer el arbol: 0.0521069
Valor de la funcion objetivo: 1
x2_3 = 1
x10_3 = 1
x18_3 = 1
x27_3 = 1
x31_3 = 1
w3 = 1
