Tiempo de corrida total: 0.253708
Tiempo de corrida recorrer el arbol: 0.210889
Valor de la funcion objetivo: 2
x14_1 = 1
x25_1 = 1
x2_2 = 1
x10_2 = 1
x21_2 = 1
w1 = 1
w2 = 1
