Tiempo de corrida total: 0.0368221
Tiempo de corrida recorrer el arbol: 0.0247431
Valor de la funcion objetivo: 1
x1_1 = 1
x12_1 = 1
x18_1 = 1
x32_1 = 1
x47_1 = 1
w1 = 1
