Tiempo de corrida total: 0.306022
Tiempo de corrida recorrer el arbol: 0.118849
Valor de la funcion objetivo: 1
x1_5 = 1
x33_5 = 1
x54_5 = 1
x56_5 = 1
x77_5 = 1
w5 = 1
