Tiempo de corrida total: 1.29714
Tiempo de corrida recorrer el arbol: 0.416151
Valor de la funcion objetivo: 2
x4_4 = 1
x14_4 = 1
x33_4 = 1
x43_4 = 1
x5_6 = 1
x9_6 = 1
x20_6 = 1
x31_6 = 1
x42_6 = 1
x46_6 = 1
w4 = 1
w6 = 1
