Tiempo de corrida total: 3.87893
Tiempo de corrida recorrer el arbol: 1.24255
Valor de la funcion objetivo: 2
x11_1 = 1
x27_1 = 1
x40_1 = 1
x52_1 = 1
x55_1 = 1
x66_1 = 1
x78_1 = 1
x5_5 = 1
x17_5 = 1
x20_5 = 1
x42_5 = 1
x54_5 = 1
x61_5 = 1
x64_5 = 1
x75_5 = 1
w1 = 1
w5 = 1
