Tiempo de corrida total: 0.173451
Tiempo de corrida recorrer el arbol: 0.162458
Valor de la funcion objetivo: 2
x2_2 = 1
x12_2 = 1
x13_2 = 1
x29_2 = 1
x33_2 = 1
x5_10 = 1
x8_10 = 1
x18_10 = 1
x27_10 = 1
x31_10 = 1
w2 = 1
w10 = 1
