Tiempo de corrida total: 0.282539
Tiempo de corrida recorrer el arbol: 0.183425
Valor de la funcion objetivo: 1
x14_4 = 1
x30_4 = 1
x37_4 = 1
x55_4 = 1
x83_4 = 1
w4 = 1
