Tiempo de corrida total: 0.013135
Tiempo de corrida recorrer el arbol: 0.00913906
Valor de la funcion objetivo: 1
x5_5 = 1
x7_5 = 1
x14_5 = 1
x16_5 = 1
x23_5 = 1
w5 = 1
