Tiempo de corrida total: 0.195247
Tiempo de corrida recorrer el arbol: 0.0924361
Valor de la funcion objetivo: 1
x2_4 = 1
x20_4 = 1
x35_4 = 1
x40_4 = 1
x45_4 = 1
w4 = 1
