Tiempo de corrida total: 0.250904
Tiempo de corrida recorrer el arbol: 0.0354409
Valor de la funcion objetivo: 1
x6_2 = 1
x10_2 = 1
x21_2 = 1
x31_2 = 1
x56_2 = 1
w2 = 1
