Tiempo de corrida total: 7.40547
Tiempo de corrida recorrer el arbol: 0.777029
Valor de la funcion objetivo: 2
x8_4 = 1
x36_4 = 1
x39_4 = 1
x54_4 = 1
x62_4 = 1
x83_4 = 1
x89_4 = 1
x4_15 = 1
x24_15 = 1
x32_15 = 1
x42_15 = 1
x50_15 = 1
x70_15 = 1
x73_15 = 1
x93_15 = 1
w4 = 1
w15 = 1
