Tiempo de corrida total: 5.82316
Tiempo de corrida recorrer el arbol: 4.51543
Valor de la funcion objetivo: 3
x6_5 = 1
x9_5 = 1
x13_5 = 1
x29_5 = 1
x32_5 = 1
x1_10 = 1
x17_10 = 1
x21_10 = 1
x30_10 = 1
x34_10 = 1
x3_15 = 1
x11_15 = 1
x14_15 = 1
x25_15 = 1
x36_15 = 1
w5 = 1
w10 = 1
w15 = 1
