Tiempo de corrida total: 0.386715
Tiempo de corrida recorrer el arbol: 0.0902491
Valor de la funcion objetivo: 1
x12_3 = 1
x38_3 = 1
x54_3 = 1
x75_3 = 1
x85_3 = 1
w3 = 1
