Tiempo de corrida total: 0.087374
Tiempo de corrida recorrer el arbol: 0.0863631
Valor de la funcion objetivo: 2
x1_1 = 1
x8_1 = 1
x2_2 = 1
x11_2 = 1
x19_2 = 1
w1 = 1
w2 = 1
