Tiempo de corrida total: 1.45225
Tiempo de corrida recorrer el arbol: 0.199834
Valor de la funcion objetivo: 2
x11_4 = 1
x18_4 = 1
x34_4 = 1
x41_4 = 1
x68_4 = 1
x76_4 = 1
x86_4 = 1
x30_6 = 1
x61_6 = 1
x84_6 = 1
w4 = 1
w6 = 1
