Tiempo de corrida total: 3.98558
Tiempo de corrida recorrer el arbol: 0.200512
Valor de la funcion objetivo: 2
x2_4 = 1
x19_4 = 1
x36_4 = 1
x43_4 = 1
x57_4 = 1
x71_4 = 1
x78_4 = 1
x21_10 = 1
x34_10 = 1
x38_10 = 1
w4 = 1
w10 = 1
