Tiempo de corrida total: 0.076283
Tiempo de corrida recorrer el arbol: 0.050019
Valor de la funcion objetivo: 2
x10_2 = 1
x18_2 = 1
x19_2 = 1
x29_2 = 1
x32_2 = 1
x3_4 = 1
x7_4 = 1
x16_4 = 1
x20_4 = 1
x36_4 = 1
w2 = 1
w4 = 1
