Tiempo de corrida total: 0.355325
Tiempo de corrida recorrer el arbol: 0.033216
Valor de la funcion objetivo: 1
x10_1 = 1
x52_1 = 1
x61_1 = 1
x81_1 = 1
x95_1 = 1
w1 = 1
