Tiempo de corrida total: 1.95909
Tiempo de corrida recorrer el arbol: 0.286427
Valor de la funcion objetivo: 2
x1_5 = 1
x26_5 = 1
x33_5 = 1
x45_5 = 1
x48_5 = 1
x59_5 = 1
x76_5 = 1
x2_10 = 1
x24_10 = 1
x66_10 = 1
w5 = 1
w10 = 1
