Tiempo de corrida total: 0.425032
Tiempo de corrida recorrer el arbol: 0.345594
Valor de la funcion objetivo: 3
x3_1 = 1
x6_1 = 1
x17_1 = 1
x25_1 = 1
x4_6 = 1
x11_6 = 1
x20_6 = 1
x22_6 = 1
x7_7 = 1
x24_7 = 1
w1 = 1
w6 = 1
w7 = 1
