Tiempo de corrida total: 3.99054
Tiempo de corrida recorrer el arbol: 0.526661
Valor de la funcion objetivo: 2
x2_5 = 1
x16_5 = 1
x33_5 = 1
x47_5 = 1
x51_5 = 1
x61_5 = 1
x84_5 = 1
x92_5 = 1
x4_14 = 1
x18_14 = 1
x32_14 = 1
x39_14 = 1
x49_14 = 1
x72_14 = 1
x74_14 = 1
w5 = 1
w14 = 1
