Tiempo de corrida total: 0.059592
Tiempo de corrida recorrer el arbol: 0.0526531
Valor de la funcion objetivo: 1
x1_1 = 1
x12_1 = 1
x24_1 = 1
x47_1 = 1
x58_1 = 1
w1 = 1
