Tiempo de corrida total: 0.331514
Tiempo de corrida recorrer el arbol: 0.0801179
Valor de la funcion objetivo: 3
x4_4 = 1
x11_4 = 1
x20_4 = 1
x22_4 = 1
x7_5 = 1
x24_5 = 1
x3_10 = 1
x6_10 = 1
x17_10 = 1
x25_10 = 1
w4 = 1
w5 = 1
w10 = 1
