Tiempo de corrida total: 0.0904469
Tiempo de corrida recorrer el arbol: 0.0810392
Valor de la funcion objetivo: 2
x12_3 = 1
x2_4 = 1
x9_4 = 1
x11_4 = 1
x25_4 = 1
w3 = 1
w4 = 1
