Tiempo de corrida total: 5.94043
Tiempo de corrida recorrer el arbol: 2.93114
Valor de la funcion objetivo: 4
x3_5 = 1
x11_5 = 1
x19_5 = 1
x30_5 = 1
x32_5 = 1
x5_15 = 1
x9_15 = 1
x18_15 = 1
x26_15 = 1
x34_15 = 1
x6_16 = 1
x7_16 = 1
x17_16 = 1
x20_16 = 1
x33_16 = 1
x1_20 = 1
x16_20 = 1
x24_20 = 1
x27_20 = 1
x35_20 = 1
w5 = 1
w15 = 1
w16 = 1
w20 = 1
