Tiempo de corrida total: 0.092274
Tiempo de corrida recorrer el arbol: 0.037451
Valor de la funcion objetivo: 1
x6_4 = 1
x11_4 = 1
x17_4 = 1
x31_4 = 1
x58_4 = 1
w4 = 1
