Tiempo de corrida total: 1.43159
Tiempo de corrida recorrer el arbol: 0.09834
Valor de la funcion objetivo: 2
x6_5 = 1
x43_5 = 1
x50_5 = 1
x56_5 = 1
x72_5 = 1
x73_5 = 1
x2_10 = 1
x24_10 = 1
x45_10 = 1
x57_10 = 1
w5 = 1
w10 = 1
