Tiempo de corrida total: 0.433081
Tiempo de corrida recorrer el arbol: 0.423533
Valor de la funcion objetivo: 2
x3_6 = 1
x16_6 = 1
x19_6 = 1
x29_6 = 1
x32_6 = 1
x2_9 = 1
x11_9 = 1
x13_9 = 1
x28_9 = 1
x36_9 = 1
w6 = 1
w9 = 1
