Tiempo de corrida total: 5.98551
Tiempo de corrida recorrer el arbol: 2.07635
Valor de la funcion objetivo: 3
x13_4 = 1
x17_4 = 1
x26_4 = 1
x35_4 = 1
x36_4 = 1
x46_4 = 1
x4_8 = 1
x14_8 = 1
x19_8 = 1
x30_8 = 1
x6_13 = 1
x10_13 = 1
x15_13 = 1
x40_13 = 1
x49_13 = 1
w4 = 1
w8 = 1
w13 = 1
