Tiempo de corrida total: 0.169461
Tiempo de corrida recorrer el arbol: 0.161354
Valor de la funcion objetivo: 2
x1_4 = 1
x10_4 = 1
x24_4 = 1
x4_5 = 1
x17_5 = 1
w4 = 1
w5 = 1
