Tiempo de corrida total: 2.56164
Tiempo de corrida recorrer el arbol: 2.44301
Valor de la funcion objetivo: 2
x8_5 = 1
x16_5 = 1
x24_5 = 1
x25_5 = 1
x33_5 = 1
x4_8 = 1
x7_8 = 1
x17_8 = 1
x26_8 = 1
x36_8 = 1
w5 = 1
w8 = 1
