Tiempo de corrida total: 0.0443091
Tiempo de corrida recorrer el arbol: 0.02142
Valor de la funcion objetivo: 1
x4_4 = 1
x7_4 = 1
x15_4 = 1
x18_4 = 1
x21_4 = 1
w4 = 1
