Tiempo de corrida total: 0.172019
Tiempo de corrida recorrer el arbol: 0.0220132
Valor de la funcion objetivo: 1
x8_4 = 1
x27_4 = 1
x30_4 = 1
x42_4 = 1
x47_4 = 1
w4 = 1
