Tiempo de corrida total: 4.36602
Tiempo de corrida recorrer el arbol: 0.735279
Valor de la funcion objetivo: 2
x8_1 = 1
x23_1 = 1
x29_1 = 1
x39_1 = 1
x49_1 = 1
x70_1 = 1
x84_1 = 1
x90_1 = 1
x2_5 = 1
x31_5 = 1
x47_5 = 1
x51_5 = 1
x61_5 = 1
x81_5 = 1
x88_5 = 1
w1 = 1
w5 = 1
