Tiempo de corrida total: 0.309629
Tiempo de corrida recorrer el arbol: 0.04357
Valor de la funcion objetivo: 1
x2_5 = 1
x24_5 = 1
x33_5 = 1
x47_5 = 1
x73_5 = 1
w5 = 1
