Tiempo de corrida total: 0.321423
Tiempo de corrida recorrer el arbol: 0.098299
Valor de la funcion objetivo: 1
x4_2 = 1
x13_2 = 1
x33_2 = 1
x41_2 = 1
x87_2 = 1
w2 = 1
