Tiempo de corrida total: 6.04917
Tiempo de corrida recorrer el arbol: 4.04288
Valor de la funcion objetivo: 3
x1_3 = 1
x12_3 = 1
x14_3 = 1
x23_3 = 1
x34_3 = 1
x3_4 = 1
x7_4 = 1
x16_4 = 1
x20_4 = 1
x29_4 = 1
x6_7 = 1
x9_7 = 1
x13_7 = 1
x28_7 = 1
x32_7 = 1
w3 = 1
w4 = 1
w7 = 1
