Tiempo de corrida total: 0.171513
Tiempo de corrida recorrer el arbol: 0.0704241
Valor de la funcion objetivo: 2
x3_3 = 1
x7_3 = 1
x16_3 = 1
x20_3 = 1
x36_3 = 1
x10_4 = 1
x18_4 = 1
x19_4 = 1
x29_4 = 1
x32_4 = 1
w3 = 1
w4 = 1
