Tiempo de corrida total: 0.101734
Tiempo de corrida recorrer el arbol: 0.0193119
Valor de la funcion objetivo: 1
x6_4 = 1
x16_4 = 1
x26_4 = 1
x35_4 = 1
x46_4 = 1
w4 = 1
