Tiempo de corrida total: 0.421308
Tiempo de corrida recorrer el arbol: 0.177002
Valor de la funcion objetivo: 2
x8_1 = 1
x16_1 = 1
x19_1 = 1
x27_1 = 1
x5_8 = 1
x9_8 = 1
x13_8 = 1
x24_8 = 1
x28_8 = 1
x32_8 = 1
w1 = 1
w8 = 1
