Tiempo de corrida total: 0.156126
Tiempo de corrida recorrer el arbol: 0.0203209
Valor de la funcion objetivo: 3
x3_3 = 1
x12_3 = 1
x19_3 = 1
x21_3 = 1
x2_6 = 1
x9_6 = 1
x25_6 = 1
x6_10 = 1
x14_10 = 1
x17_10 = 1
w3 = 1
w6 = 1
w10 = 1
