Tiempo de corrida total: 1.74353
Tiempo de corrida recorrer el arbol: 1.34987
Valor de la funcion objetivo: 3
x8_2 = 1
x21_2 = 1
x30_2 = 1
x34_2 = 1
x3_9 = 1
x12_9 = 1
x16_9 = 1
x19_9 = 1
x29_9 = 1
x5_11 = 1
x9_11 = 1
x13_11 = 1
x24_11 = 1
x28_11 = 1
x32_11 = 1
w2 = 1
w9 = 1
w11 = 1
