Tiempo de corrida total: 5.78866
Tiempo de corrida recorrer el arbol: 1.14259
Valor de la funcion objetivo: 2
x4_1 = 1
x22_1 = 1
x31_1 = 1
x39_1 = 1
x54_1 = 1
x62_1 = 1
x81_1 = 1
x85_1 = 1
x10_14 = 1
x18_14 = 1
x33_14 = 1
x37_14 = 1
x60_14 = 1
x64_14 = 1
x79_14 = 1
w1 = 1
w14 = 1
