Tiempo de corrida total: 0.0684869
Tiempo de corrida recorrer el arbol: 0.055614
Valor de la funcion objetivo: 1
x1_1 = 1
x12_1 = 1
x24_1 = 1
x29_1 = 1
x50_1 = 1
w1 = 1
