Tiempo de corrida total: 1.91941
Tiempo de corrida recorrer el arbol: 1.91321
Valor de la funcion objetivo: 3
x2_8 = 1
x16_8 = 1
x25_8 = 1
x4_9 = 1
x11_9 = 1
x20_9 = 1
x22_9 = 1
x1_10 = 1
x9_10 = 1
x18_10 = 1
w8 = 1
w9 = 1
w10 = 1
