Tiempo de corrida total: 0.55522
Tiempo de corrida recorrer el arbol: 0.258993
Valor de la funcion objetivo: 2
x11_8 = 1
x20_8 = 1
x24_8 = 1
x37_8 = 1
x49_8 = 1
x6_10 = 1
x16_10 = 1
x26_10 = 1
x35_10 = 1
x45_10 = 1
w8 = 1
w10 = 1
