Tiempo de corrida total: 0.191609
Tiempo de corrida recorrer el arbol: 0.0879631
Valor de la funcion objetivo: 1
x4_2 = 1
x7_2 = 1
x23_2 = 1
x27_2 = 1
x36_2 = 1
w2 = 1
