Tiempo de corrida total: 2.88817
Tiempo de corrida recorrer el arbol: 2.82848
Valor de la funcion objetivo: 2
x7_3 = 1
x12_3 = 1
x17_3 = 1
x27_3 = 1
x32_3 = 1
x2_5 = 1
x11_5 = 1
x20_5 = 1
x24_5 = 1
x43_5 = 1
w3 = 1
w5 = 1
