Tiempo de corrida total: 0.0644381
Tiempo de corrida recorrer el arbol: 0.056576
Valor de la funcion objetivo: 1
x1_1 = 1
x15_1 = 1
x30_1 = 1
x44_1 = 1
x76_1 = 1
w1 = 1
