Tiempo de corrida total: 2.64182
Tiempo de corrida recorrer el arbol: 2.58341
Valor de la funcion objetivo: 3
x2_1 = 1
x9_1 = 1
x16_1 = 1
x25_1 = 1
x5_4 = 1
x7_4 = 1
x18_4 = 1
x1_7 = 1
x8_7 = 1
x22_7 = 1
w1 = 1
w4 = 1
w7 = 1
