Tiempo de corrida total: 0.261297
Tiempo de corrida recorrer el arbol: 0.0701711
Valor de la funcion objetivo: 2
x3_7 = 1
x16_7 = 1
x19_7 = 1
x29_7 = 1
x32_7 = 1
x2_9 = 1
x11_9 = 1
x13_9 = 1
x28_9 = 1
x36_9 = 1
w7 = 1
w9 = 1
