Tiempo de corrida total: 0.735622
Tiempo de corrida recorrer el arbol: 0.208898
Valor de la funcion objetivo: 2
x3_1 = 1
x7_1 = 1
x18_1 = 1
x20_1 = 1
x29_1 = 1
x5_8 = 1
x16_8 = 1
x19_8 = 1
x27_8 = 1
x36_8 = 1
w1 = 1
w8 = 1
