Tiempo de corrida total: 2.03838
Tiempo de corrida recorrer el arbol: 0.517201
Valor de la funcion objetivo: 2
x5_3 = 1
x16_3 = 1
x20_3 = 1
x31_3 = 1
x35_3 = 1
x54_3 = 1
x57_3 = 1
x1_8 = 1
x47_8 = 1
x59_8 = 1
w3 = 1
w8 = 1
