Tiempo de corrida total: 0.100217
Tiempo de corrida recorrer el arbol: 0.017272
Valor de la funcion objetivo: 1
x12_4 = 1
x16_4 = 1
x34_4 = 1
x39_4 = 1
x43_4 = 1
w4 = 1
