Tiempo de corrida total: 1.30973
Tiempo de corrida recorrer el arbol: 1.21766
Valor de la funcion objetivo: 3
x5_1 = 1
x19_1 = 1
x22_1 = 1
x2_7 = 1
x9_7 = 1
x11_7 = 1
x18_7 = 1
x25_7 = 1
x7_9 = 1
x16_9 = 1
w1 = 1
w7 = 1
w9 = 1
