Tiempo de corrida total: 1.99822
Tiempo de corrida recorrer el arbol: 0.353782
Valor de la funcion objetivo: 2
x11_4 = 1
x20_4 = 1
x48_4 = 1
x67_4 = 1
x76_4 = 1
x94_4 = 1
x3_7 = 1
x37_7 = 1
x62_7 = 1
x82_7 = 1
w4 = 1
w7 = 1
