Tiempo de corrida total: 0.782289
Tiempo de corrida recorrer el arbol: 0.165131
Valor de la funcion objetivo: 4
x2_5 = 1
x10_5 = 1
x13_5 = 1
x16_5 = 1
x24_5 = 1
x4_9 = 1
x11_9 = 1
x18_9 = 1
x12_10 = 1
x20_10 = 1
x21_10 = 1
x3_12 = 1
x6_12 = 1
x17_12 = 1
x25_12 = 1
w5 = 1
w9 = 1
w10 = 1
w12 = 1
