Tiempo de corrida total: 0.04427
Tiempo de corrida recorrer el arbol: 0.033685
Valor de la funcion objetivo: 1
x1_1 = 1
x11_1 = 1
x21_1 = 1
x32_1 = 1
x34_1 = 1
w1 = 1
