Tiempo de corrida total: 0.0513749
Tiempo de corrida recorrer el arbol: 0.0394678
Valor de la funcion objetivo: 1
x3_3 = 1
x12_3 = 1
x14_3 = 1
x23_3 = 1
x25_3 = 1
w3 = 1
