Tiempo de corrida total: 0.80924
Tiempo de corrida recorrer el arbol: 0.796326
Valor de la funcion objetivo: 2
x8_2 = 1
x16_2 = 1
x24_2 = 1
x25_2 = 1
x33_2 = 1
x4_7 = 1
x7_7 = 1
x23_7 = 1
x26_7 = 1
x36_7 = 1
w2 = 1
w7 = 1
