Tiempo de corrida total: 2.55296
Tiempo de corrida recorrer el arbol: 0.411031
Valor de la funcion objetivo: 2
x4_5 = 1
x25_5 = 1
x30_5 = 1
x37_5 = 1
x53_5 = 1
x56_5 = 1
x68_5 = 1
x81_5 = 1
x27_6 = 1
x50_6 = 1
w5 = 1
w6 = 1
