Tiempo de corrida total: 0.211088
Tiempo de corrida recorrer el arbol: 0.0982778
Valor de la funcion objetivo: 1
x20_3 = 1
x25_3 = 1
x37_3 = 1
x54_3 = 1
x59_3 = 1
w3 = 1
