Tiempo de corrida total: 3.93474
Tiempo de corrida recorrer el arbol: 0.607726
Valor de la funcion objetivo: 2
x8_1 = 1
x50_1 = 1
x61_1 = 1
x6_7 = 1
x10_7 = 1
x23_7 = 1
x35_7 = 1
x49_7 = 1
x66_7 = 1
x81_7 = 1
w1 = 1
w7 = 1
