Tiempo de corrida total: 0.120185
Tiempo de corrida recorrer el arbol: 0.112169
Valor de la funcion objetivo: 1
x3_5 = 1
x12_5 = 1
x16_5 = 1
x25_5 = 1
x35_5 = 1
w5 = 1
