Tiempo de corrida total: 0.494476
Tiempo de corrida recorrer el arbol: 0.366299
Valor de la funcion objetivo: 5
x3_6 = 1
x10_6 = 1
x12_6 = 1
x4_8 = 1
x7_8 = 1
x18_8 = 1
x21_8 = 1
x1_13 = 1
x8_13 = 1
x15_13 = 1
x17_13 = 1
x24_13 = 1
x5_15 = 1
x6_15 = 1
x19_15 = 1
x22_15 = 1
x2_19 = 1
x9_19 = 1
x16_19 = 1
x23_19 = 1
w6 = 1
w8 = 1
w13 = 1
w15 = 1
w19 = 1
