Tiempo de corrida total: 3.09654
Tiempo de corrida recorrer el arbol: 3.03402
Valor de la funcion objetivo: 2
x9_6 = 1
x19_6 = 1
x24_6 = 1
x29_6 = 1
x42_6 = 1
x2_8 = 1
x13_8 = 1
x15_8 = 1
x35_8 = 1
x45_8 = 1
w6 = 1
w8 = 1
