Tiempo de corrida total: 1.27204
Tiempo de corrida recorrer el arbol: 0.484073
Valor de la funcion objetivo: 2
x1_3 = 1
x11_3 = 1
x21_3 = 1
x26_3 = 1
x37_3 = 1
x48_3 = 1
x4_6 = 1
x23_6 = 1
x42_6 = 1
x43_6 = 1
w3 = 1
w6 = 1
