Tiempo de corrida total: 2.24291
Tiempo de corrida recorrer el arbol: 0.536984
Valor de la funcion objetivo: 3
x5_4 = 1
x9_4 = 1
x13_4 = 1
x24_4 = 1
x28_4 = 1
x32_4 = 1
x8_10 = 1
x21_10 = 1
x30_10 = 1
x34_10 = 1
x3_11 = 1
x12_11 = 1
x16_11 = 1
x19_11 = 1
x29_11 = 1
w4 = 1
w10 = 1
w11 = 1
