Tiempo de corrida total: 0.0487108
Tiempo de corrida recorrer el arbol: 0.0410781
Valor de la funcion objetivo: 1
x5_3 = 1
x9_3 = 1
x13_3 = 1
x28_3 = 1
x32_3 = 1
w3 = 1
