Tiempo de corrida total: 0.288609
Tiempo de corrida recorrer el arbol: 0.0328839
Valor de la funcion objetivo: 1
x12_5 = 1
x20_5 = 1
x51_5 = 1
x70_5 = 1
x85_5 = 1
w5 = 1
