Tiempo de corrida total: 6.38487
Tiempo de corrida recorrer el arbol: 0.944127
Valor de la funcion objetivo: 2
x5_12 = 1
x22_12 = 1
x25_12 = 1
x40_12 = 1
x50_12 = 1
x71_12 = 1
x75_12 = 1
x91_12 = 1
x3_14 = 1
x30_14 = 1
x45_14 = 1
x53_14 = 1
x61_14 = 1
x80_14 = 1
x96_14 = 1
w12 = 1
w14 = 1
