Tiempo de corrida total: 0.136609
Tiempo de corrida recorrer el arbol: 0.071717
Valor de la funcion objetivo: 1
x12_4 = 1
x15_4 = 1
x27_4 = 1
x37_4 = 1
x46_4 = 1
w4 = 1
