Tiempo de corrida total: 0.156039
Tiempo de corrida recorrer el arbol: 0.0598679
Valor de la funcion objetivo: 1
x1_4 = 1
x16_4 = 1
x26_4 = 1
x43_4 = 1
x58_4 = 1
w4 = 1
