Tiempo de corrida total: 3.21049
Tiempo de corrida recorrer el arbol: 2.63681
Valor de la funcion objetivo: 4
x7_6 = 1
x16_6 = 1
x20_6 = 1
x29_6 = 1
x33_6 = 1
x1_11 = 1
x9_11 = 1
x24_11 = 1
x26_11 = 1
x35_11 = 1
x3_15 = 1
x11_15 = 1
x19_15 = 1
x30_15 = 1
x32_15 = 1
x4_16 = 1
x8_16 = 1
x23_16 = 1
x27_16 = 1
x31_16 = 1
w6 = 1
w11 = 1
w15 = 1
w16 = 1
