Tiempo de corrida total: 1.91967
Tiempo de corrida recorrer el arbol: 0.548602
Valor de la funcion objetivo: 2
x3_1 = 1
x37_1 = 1
x69_1 = 1
x13_5 = 1
x34_5 = 1
x39_5 = 1
x51_5 = 1
x56_5 = 1
x68_5 = 1
x73_5 = 1
w1 = 1
w5 = 1
