Tiempo de corrida total: 0.311707
Tiempo de corrida recorrer el arbol: 0.035069
Valor de la funcion objetivo: 1
x9_4 = 1
x15_4 = 1
x21_4 = 1
x40_4 = 1
x52_4 = 1
w4 = 1
