Tiempo de corrida total: 0.834232
Tiempo de corrida recorrer el arbol: 0.079844
Valor de la funcion objetivo: 4
x3_3 = 1
x6_3 = 1
x17_3 = 1
x4_11 = 1
x7_11 = 1
x15_11 = 1
x1_12 = 1
x10_12 = 1
x12_12 = 1
x23_12 = 1
x2_13 = 1
x9_13 = 1
x11_13 = 1
x18_13 = 1
x25_13 = 1
w3 = 1
w11 = 1
w12 = 1
w13 = 1
