Tiempo de corrida total: 4.11299
Tiempo de corrida recorrer el arbol: 0.808973
Valor de la funcion objetivo: 2
x2_8 = 1
x23_8 = 1
x39_8 = 1
x53_8 = 1
x72_8 = 1
x82_8 = 1
x88_8 = 1
x11_9 = 1
x14_9 = 1
x28_9 = 1
x42_9 = 1
x60_9 = 1
x70_9 = 1
x73_9 = 1
x89_9 = 1
w8 = 1
w9 = 1
