Tiempo de corrida total: 0.027298
Tiempo de corrida recorrer el arbol: 0.0102561
Valor de la funcion objetivo: 1
x1_4 = 1
x10_4 = 1
x14_4 = 1
x23_4 = 1
x27_4 = 1
w4 = 1
