Tiempo de corrida total: 0.130856
Tiempo de corrida recorrer el arbol: 0.0570099
Valor de la funcion objetivo: 1
x3_4 = 1
x12_4 = 1
x16_4 = 1
x20_4 = 1
x29_4 = 1
w4 = 1
