Tiempo de corrida total: 0.0600371
Tiempo de corrida recorrer el arbol: 0.0426209
Valor de la funcion objetivo: 1
x1_1 = 1
x12_1 = 1
x23_1 = 1
x29_1 = 1
x44_1 = 1
w1 = 1
