Tiempo de corrida total: 0.215222
Tiempo de corrida recorrer el arbol: 0.0263581
Valor de la funcion objetivo: 1
x12_5 = 1
x17_5 = 1
x38_5 = 1
x42_5 = 1
x61_5 = 1
w5 = 1
