Tiempo de corrida total: 0.294774
Tiempo de corrida recorrer el arbol: 0.0619218
Valor de la funcion objetivo: 3
x2_2 = 1
x10_2 = 1
x16_2 = 1
x24_2 = 1
x4_4 = 1
x18_4 = 1
x25_4 = 1
x9_7 = 1
x11_7 = 1
x22_7 = 1
w2 = 1
w4 = 1
w7 = 1
