Tiempo de corrida total: 0.075578
Tiempo de corrida recorrer el arbol: 0.0658751
Valor de la funcion objetivo: 1
x1_1 = 1
x15_1 = 1
x31_1 = 1
x47_1 = 1
x50_1 = 1
w1 = 1
