Tiempo de corrida total: 7.39211
Tiempo de corrida recorrer el arbol: 3.41704
Valor de la funcion objetivo: 2
x4_9 = 1
x21_9 = 1
x36_9 = 1
x44_9 = 1
x51_9 = 1
x71_9 = 1
x74_9 = 1
x94_9 = 1
x1_14 = 1
x20_14 = 1
x26_14 = 1
x43_14 = 1
x58_14 = 1
x83_14 = 1
x90_14 = 1
w9 = 1
w14 = 1
