Tiempo de corrida total: 6.11939
Tiempo de corrida recorrer el arbol: 5.97648
Valor de la funcion objetivo: 5
x4_5 = 1
x6_5 = 1
x17_5 = 1
x25_5 = 1
x2_7 = 1
x11_7 = 1
x18_7 = 1
x5_13 = 1
x7_13 = 1
x14_13 = 1
x16_13 = 1
x1_14 = 1
x9_14 = 1
x12_14 = 1
x20_14 = 1
x23_14 = 1
x3_16 = 1
x10_16 = 1
x19_16 = 1
x21_16 = 1
w5 = 1
w7 = 1
w13 = 1
w14 = 1
w16 = 1
