Tiempo de corrida total: 0.321165
Tiempo de corrida recorrer el arbol: 0.102757
Valor de la funcion objetivo: 1
x2_3 = 1
x26_3 = 1
x55_3 = 1
x70_3 = 1
x76_3 = 1
w3 = 1
