Tiempo de corrida total: 0.128993
Tiempo de corrida recorrer el arbol: 0.0630419
Valor de la funcion objetivo: 1
x10_2 = 1
x27_2 = 1
x32_2 = 1
x37_2 = 1
x49_2 = 1
w2 = 1
