Tiempo de corrida total: 0.462911
Tiempo de corrida recorrer el arbol: 0.0928111
Valor de la funcion objetivo: 1
x31_4 = 1
x37_4 = 1
x58_4 = 1
x78_4 = 1
x88_4 = 1
w4 = 1
