Tiempo de corrida total: 0.486553
Tiempo de corrida recorrer el arbol: 0.176731
Valor de la funcion objetivo: 2
x5_2 = 1
x10_2 = 1
x27_2 = 1
x37_2 = 1
x46_2 = 1
x12_9 = 1
x23_9 = 1
x34_9 = 1
x38_9 = 1
x49_9 = 1
w2 = 1
w9 = 1
