Tiempo de corrida total: 0.202809
Tiempo de corrida recorrer el arbol: 0.104548
Valor de la funcion objetivo: 1
x12_1 = 1
x13_1 = 1
x35_1 = 1
x41_1 = 1
x92_1 = 1
w1 = 1
