Tiempo de corrida total: 0.264539
Tiempo de corrida recorrer el arbol: 0.0979989
Valor de la funcion objetivo: 1
x1_3 = 1
x33_3 = 1
x52_3 = 1
x66_3 = 1
x80_3 = 1
w3 = 1
