Tiempo de corrida total: 0.41074
Tiempo de corrida recorrer el arbol: 0.319736
Valor de la funcion objetivo: 2
x3_2 = 1
x11_2 = 1
x19_2 = 1
x30_2 = 1
x34_2 = 1
x6_10 = 1
x14_10 = 1
x22_10 = 1
x25_10 = 1
x33_10 = 1
w2 = 1
w10 = 1
