Tiempo de corrida total: 0.401167
Tiempo de corrida recorrer el arbol: 0.026973
Valor de la funcion objetivo: 3
x3_1 = 1
x10_1 = 1
x12_1 = 1
x19_1 = 1
x21_1 = 1
x5_8 = 1
x7_8 = 1
x14_8 = 1
x16_8 = 1
x23_8 = 1
x2_9 = 1
x9_9 = 1
x11_9 = 1
x18_9 = 1
x25_9 = 1
w1 = 1
w8 = 1
w9 = 1
