Tiempo de corrida total: 0.534337
Tiempo de corrida recorrer el arbol: 0.193114
Valor de la funcion objetivo: 2
x3_2 = 1
x12_2 = 1
x14_2 = 1
x23_2 = 1
x25_2 = 1
x5_4 = 1
x8_4 = 1
x24_4 = 1
x27_4 = 1
x31_4 = 1
w2 = 1
w4 = 1
