Tiempo de corrida total: 0.0215659
Tiempo de corrida recorrer el arbol: 0.018847
Valor de la funcion objetivo: 1
x5_1 = 1
x15_1 = 1
x24_1 = 1
x37_1 = 1
x49_1 = 1
w1 = 1
