Tiempo de corrida total: 0.143242
Tiempo de corrida recorrer el arbol: 0.122683
Valor de la funcion objetivo: 2
x2_4 = 1
x10_4 = 1
x16_4 = 1
x24_4 = 1
x25_5 = 1
w4 = 1
w5 = 1
