Tiempo de corrida total: 1.39064
Tiempo de corrida recorrer el arbol: 0.785492
Valor de la funcion objetivo: 2
x5_2 = 1
x9_2 = 1
x24_2 = 1
x35_2 = 1
x60_2 = 1
x16_5 = 1
x28_5 = 1
x47_5 = 1
x53_5 = 1
x59_5 = 1
w2 = 1
w5 = 1
