Tiempo de corrida total: 2.15225
Tiempo de corrida recorrer el arbol: 0.153358
Valor de la funcion objetivo: 2
x5_4 = 1
x16_4 = 1
x17_4 = 1
x36_4 = 1
x42_4 = 1
x55_4 = 1
x59_4 = 1
x1_7 = 1
x13_7 = 1
x44_7 = 1
w4 = 1
w7 = 1
