Tiempo de corrida total: 8.44716
Tiempo de corrida recorrer el arbol: 8.43532
Valor de la funcion objetivo: 2
x8_1 = 1
x18_1 = 1
x38_1 = 1
x41_1 = 1
x51_1 = 1
x5_6 = 1
x22_6 = 1
x25_6 = 1
x56_6 = 1
x58_6 = 1
w1 = 1
w6 = 1
