Tiempo de corrida total: 0.498399
Tiempo de corrida recorrer el arbol: 0.154891
Valor de la funcion objetivo: 1
x6_4 = 1
x28_4 = 1
x41_4 = 1
x72_4 = 1
x75_4 = 1
w4 = 1
