Tiempo de corrida total: 0.289915
Tiempo de corrida recorrer el arbol: 0.280835
Valor de la funcion objetivo: 2
x6_6 = 1
x14_6 = 1
x22_6 = 1
x25_6 = 1
x33_6 = 1
x3_8 = 1
x11_8 = 1
x19_8 = 1
x30_8 = 1
x34_8 = 1
w6 = 1
w8 = 1
