Tiempo de corrida total: 3.92624
Tiempo de corrida recorrer el arbol: 0.818082
Valor de la funcion objetivo: 3
x1_2 = 1
x24_2 = 1
x5_6 = 1
x20_6 = 1
x25_6 = 1
x35_6 = 1
x36_6 = 1
x45_6 = 1
x6_10 = 1
x11_10 = 1
x16_10 = 1
x28_10 = 1
x33_10 = 1
x38_10 = 1
x43_10 = 1
w2 = 1
w6 = 1
w10 = 1
