Tiempo de corrida total: 0.253669
Tiempo de corrida recorrer el arbol: 0.0771809
Valor de la funcion objetivo: 3
x2_5 = 1
x9_5 = 1
x18_5 = 1
x25_5 = 1
x3_6 = 1
x14_6 = 1
x17_6 = 1
x5_10 = 1
x12_10 = 1
x19_10 = 1
w5 = 1
w6 = 1
w10 = 1
