Tiempo de corrida total: 0.792723
Tiempo de corrida recorrer el arbol: 0.264211
Valor de la funcion objetivo: 2
x3_3 = 1
x14_3 = 1
x30_3 = 1
x40_3 = 1
x43_3 = 1
x6_4 = 1
x19_4 = 1
x29_4 = 1
x38_4 = 1
x49_4 = 1
w3 = 1
w4 = 1
