Tiempo de corrida total: 0.159481
Tiempo de corrida recorrer el arbol: 0.0998609
Valor de la funcion objetivo: 3
x4_4 = 1
x17_4 = 1
x25_4 = 1
x2_6 = 1
x9_6 = 1
x11_6 = 1
x18_6 = 1
x3_7 = 1
x10_7 = 1
x12_7 = 1
w4 = 1
w6 = 1
w7 = 1
