Tiempo de corrida total: 0.339209
Tiempo de corrida recorrer el arbol: 0.0373051
Valor de la funcion objetivo: 1
x15_4 = 1
x27_4 = 1
x37_4 = 1
x49_4 = 1
x74_4 = 1
w4 = 1
