Tiempo de corrida total: 0.148628
Tiempo de corrida recorrer el arbol: 0.018615
Valor de la funcion objetivo: 1
x4_2 = 1
x21_2 = 1
x31_2 = 1
x40_2 = 1
x44_2 = 1
w2 = 1
