Tiempo de corrida total: 0.68602
Tiempo de corrida recorrer el arbol: 0.0573232
Valor de la funcion objetivo: 4
x4_2 = 1
x11_2 = 1
x18_2 = 1
x25_2 = 1
x3_4 = 1
x10_4 = 1
x19_4 = 1
x5_5 = 1
x7_5 = 1
x14_5 = 1
x16_5 = 1
x23_5 = 1
x1_7 = 1
x12_7 = 1
x20_7 = 1
w2 = 1
w4 = 1
w5 = 1
w7 = 1
