Tiempo de corrida total: 0.562808
Tiempo de corrida recorrer el arbol: 0.080555
Valor de la funcion objetivo: 5
x5_2 = 1
x7_2 = 1
x14_2 = 1
x16_2 = 1
x23_2 = 1
x3_7 = 1
x10_7 = 1
x19_7 = 1
x21_7 = 1
x4_8 = 1
x6_8 = 1
x17_8 = 1
x25_8 = 1
x1_10 = 1
x12_10 = 1
x20_10 = 1
x2_18 = 1
x9_18 = 1
x11_18 = 1
x18_18 = 1
w2 = 1
w7 = 1
w8 = 1
w10 = 1
w18 = 1
