Tiempo de corrida total: 0.704736
Tiempo de corrida recorrer el arbol: 0.528858
Valor de la funcion objetivo: 2
x3_3 = 1
x11_3 = 1
x19_3 = 1
x30_3 = 1
x34_3 = 1
x6_7 = 1
x14_7 = 1
x22_7 = 1
x25_7 = 1
x33_7 = 1
w3 = 1
w7 = 1
