Tiempo de corrida total: 5.75458
Tiempo de corrida recorrer el arbol: 0.922763
Valor de la funcion objetivo: 2
x20_7 = 1
x36_7 = 1
x37_7 = 1
x52_7 = 1
x66_7 = 1
x83_7 = 1
x87_7 = 1
x9_8 = 1
x18_8 = 1
x25_8 = 1
x39_8 = 1
x60_8 = 1
x68_8 = 1
x74_8 = 1
x89_8 = 1
w7 = 1
w8 = 1
