Tiempo de corrida total: 4.19604
Tiempo de corrida recorrer el arbol: 3.82212
Valor de la funcion objetivo: 3
x6_2 = 1
x7_2 = 1
x20_2 = 1
x29_2 = 1
x33_2 = 1
x2_13 = 1
x10_13 = 1
x18_13 = 1
x27_13 = 1
x35_13 = 1
x5_15 = 1
x8_15 = 1
x19_15 = 1
x30_15 = 1
x34_15 = 1
w2 = 1
w13 = 1
w15 = 1
