Tiempo de corrida total: 1.51497
Tiempo de corrida recorrer el arbol: 0.193705
Valor de la funcion objetivo: 2
x2_6 = 1
x35_6 = 1
x37_6 = 1
x51_6 = 1
x70_6 = 1
x84_6 = 1
x91_6 = 1
x1_7 = 1
x38_7 = 1
x93_7 = 1
w6 = 1
w7 = 1
