Tiempo de corrida total: 5.46353
Tiempo de corrida recorrer el arbol: 5.44464
Valor de la funcion objetivo: 2
x3_1 = 1
x14_1 = 1
x36_1 = 1
x40_1 = 1
x47_1 = 1
x62_1 = 1
x69_1 = 1
x73_1 = 1
x2_4 = 1
x17_4 = 1
x45_4 = 1
x48_4 = 1
x60_4 = 1
x67_4 = 1
x79_4 = 1
w1 = 1
w4 = 1
