Tiempo de corrida total: 0.0679121
Tiempo de corrida recorrer el arbol: 0.0269229
Valor de la funcion objetivo: 1
x1_4 = 1
x11_4 = 1
x22_4 = 1
x34_4 = 1
x63_4 = 1
w4 = 1
