Tiempo de corrida total: 0.292911
Tiempo de corrida recorrer el arbol: 0.086726
Valor de la funcion objetivo: 1
x6_5 = 1
x10_5 = 1
x25_5 = 1
x47_5 = 1
x75_5 = 1
w5 = 1
