Tiempo de corrida total: 0.460986
Tiempo de corrida recorrer el arbol: 0.436473
Valor de la funcion objetivo: 2
x4_7 = 1
x7_7 = 1
x17_7 = 1
x20_7 = 1
x36_7 = 1
x8_8 = 1
x16_8 = 1
x24_8 = 1
x25_8 = 1
x33_8 = 1
w7 = 1
w8 = 1
