Tiempo de corrida total: 3.81352
Tiempo de corrida recorrer el arbol: 1.25139
Valor de la funcion objetivo: 2
x2_10 = 1
x18_10 = 1
x19_10 = 1
x35_10 = 1
x41_10 = 1
x48_10 = 1
x70_10 = 1
x76_10 = 1
x8_12 = 1
x10_12 = 1
x25_12 = 1
x38_12 = 1
x63_12 = 1
x69_12 = 1
x75_12 = 1
w10 = 1
w12 = 1
