Tiempo de corrida total: 0.040952
Tiempo de corrida recorrer el arbol: 0.0285931
Valor de la funcion objetivo: 1
x1_1 = 1
x11_1 = 1
x22_1 = 1
x34_1 = 1
x63_1 = 1
w1 = 1
