Tiempo de corrida total: 1.25249
Tiempo de corrida recorrer el arbol: 0.286457
Valor de la funcion objetivo: 2
x10_3 = 1
x23_3 = 1
x25_3 = 1
x35_3 = 1
x45_3 = 1
x56_3 = 1
x5_10 = 1
x16_10 = 1
x38_10 = 1
x43_10 = 1
w3 = 1
w10 = 1
