Tiempo de corrida total: 0.559289
Tiempo de corrida recorrer el arbol: 0.540097
Valor de la funcion objetivo: 3
x2_2 = 1
x11_2 = 1
x24_2 = 1
x3_6 = 1
x12_6 = 1
x19_6 = 1
x1_7 = 1
x8_7 = 1
x15_7 = 1
x17_7 = 1
w2 = 1
w6 = 1
w7 = 1
