Tiempo de corrida total: 1.39751
Tiempo de corrida recorrer el arbol: 1.20633
Valor de la funcion objetivo: 4
x3_6 = 1
x12_6 = 1
x20_6 = 1
x21_6 = 1
x1_8 = 1
x8_8 = 1
x22_8 = 1
x5_10 = 1
x14_10 = 1
x16_10 = 1
x23_10 = 1
x4_14 = 1
x11_14 = 1
x18_14 = 1
x25_14 = 1
w6 = 1
w8 = 1
w10 = 1
w14 = 1
