Tiempo de corrida total: 0.17056
Tiempo de corrida recorrer el arbol: 0.0226738
Valor de la funcion objetivo: 1
x8_5 = 1
x10_5 = 1
x23_5 = 1
x25_5 = 1
x54_5 = 1
w5 = 1
