Tiempo de corrida total: 0.39206
Tiempo de corrida recorrer el arbol: 0.093545
Valor de la funcion objetivo: 5
x1_1 = 1
x8_1 = 1
x17_1 = 1
x24_1 = 1
x3_6 = 1
x10_6 = 1
x12_6 = 1
x19_6 = 1
x21_6 = 1
x4_15 = 1
x6_15 = 1
x15_15 = 1
x22_15 = 1
x5_19 = 1
x7_19 = 1
x18_19 = 1
x2_20 = 1
x9_20 = 1
x16_20 = 1
x23_20 = 1
w1 = 1
w6 = 1
w15 = 1
w19 = 1
w20 = 1
