Tiempo de corrida total: 1.07812
Tiempo de corrida recorrer el arbol: 0.584043
Valor de la funcion objetivo: 2
x3_3 = 1
x12_3 = 1
x29_3 = 1
x42_3 = 1
x46_3 = 1
x1_9 = 1
x14_9 = 1
x18_9 = 1
x31_9 = 1
x40_9 = 1
w3 = 1
w9 = 1
