Tiempo de corrida total: 0.112525
Tiempo de corrida recorrer el arbol: 0.0825341
Valor de la funcion objetivo: 1
x10_4 = 1
x20_4 = 1
x25_4 = 1
x29_4 = 1
x47_4 = 1
w4 = 1
