Tiempo de corrida total: 0.0791659
Tiempo de corrida recorrer el arbol: 0.0598662
Valor de la funcion objetivo: 1
x1_1 = 1
x16_1 = 1
x26_1 = 1
x43_1 = 1
x58_1 = 1
w1 = 1
