Tiempo de corrida total: 0.106246
Tiempo de corrida recorrer el arbol: 0.0287311
Valor de la funcion objetivo: 1
x12_2 = 1
x17_2 = 1
x32_2 = 1
x42_2 = 1
x54_2 = 1
w2 = 1
