Tiempo de corrida total: 0.433497
Tiempo de corrida recorrer el arbol: 0.158967
Valor de la funcion objetivo: 1
x11_1 = 1
x23_1 = 1
x28_1 = 1
x40_1 = 1
x50_1 = 1
w1 = 1
