Tiempo de corrida total: 0.256601
Tiempo de corrida recorrer el arbol: 0.122815
Valor de la funcion objetivo: 1
x9_2 = 1
x18_2 = 1
x29_2 = 1
x38_2 = 1
x48_2 = 1
w2 = 1
