Tiempo de corrida total: 0.365333
Tiempo de corrida recorrer el arbol: 0.109482
Valor de la funcion objetivo: 1
x18_5 = 1
x36_5 = 1
x38_5 = 1
x53_5 = 1
x88_5 = 1
w5 = 1
