Tiempo de corrida total: 0.451967
Tiempo de corrida recorrer el arbol: 0.190842
Valor de la funcion objetivo: 1
x3_5 = 1
x13_5 = 1
x26_5 = 1
x46_5 = 1
x49_5 = 1
w5 = 1
