Tiempo de corrida total: 2.18184
Tiempo de corrida recorrer el arbol: 0.600586
Valor de la funcion objetivo: 2
x21_2 = 1
x29_2 = 1
x37_2 = 1
x52_2 = 1
x71_2 = 1
x80_2 = 1
x90_2 = 1
x4_10 = 1
x23_10 = 1
x96_10 = 1
w2 = 1
w10 = 1
