Tiempo de corrida total: 1.50378
Tiempo de corrida recorrer el arbol: 0.299887
Valor de la funcion objetivo: 2
x23_7 = 1
x28_7 = 1
x46_7 = 1
x60_7 = 1
x66_7 = 1
x75_7 = 1
x91_7 = 1
x34_10 = 1
x53_10 = 1
x96_10 = 1
w7 = 1
w10 = 1
