Tiempo de corrida total: 0.140735
Tiempo de corrida recorrer el arbol: 0.0923409
Valor de la funcion objetivo: 1
x16_4 = 1
x18_4 = 1
x35_4 = 1
x41_4 = 1
x61_4 = 1
w4 = 1
