Tiempo de corrida total: 1.82924
Tiempo de corrida recorrer el arbol: 0.424312
Valor de la funcion objetivo: 5
x1_4 = 1
x12_4 = 1
x20_4 = 1
x23_4 = 1
x2_11 = 1
x10_11 = 1
x13_11 = 1
x16_11 = 1
x24_11 = 1
x3_12 = 1
x14_12 = 1
x17_12 = 1
x25_12 = 1
x5_15 = 1
x8_15 = 1
x11_15 = 1
x19_15 = 1
x4_20 = 1
x7_20 = 1
x21_20 = 1
w4 = 1
w11 = 1
w12 = 1
w15 = 1
w20 = 1
