Tiempo de corrida total: 0.550189
Tiempo de corrida recorrer el arbol: 0.202828
Valor de la funcion objetivo: 1
x32_3 = 1
x39_3 = 1
x53_3 = 1
x60_3 = 1
x67_3 = 1
w3 = 1
