Tiempo de corrida total: 2.79794
Tiempo de corrida recorrer el arbol: 2.31859
Valor de la funcion objetivo: 3
x1_10 = 1
x17_10 = 1
x21_10 = 1
x30_10 = 1
x34_10 = 1
x3_11 = 1
x11_11 = 1
x14_11 = 1
x25_11 = 1
x36_11 = 1
x6_14 = 1
x9_14 = 1
x13_14 = 1
x29_14 = 1
x32_14 = 1
w10 = 1
w11 = 1
w14 = 1
