Tiempo de corrida total: 0.0310521
Tiempo de corrida recorrer el arbol: 0.00739598
Valor de la funcion objetivo: 1
x5_3 = 1
x7_3 = 1
x14_3 = 1
x16_3 = 1
x23_3 = 1
w3 = 1
