Tiempo de corrida total: 0.708431
Tiempo de corrida recorrer el arbol: 0.121542
Valor de la funcion objetivo: 5
x5_1 = 1
x7_1 = 1
x18_1 = 1
x1_4 = 1
x8_4 = 1
x15_4 = 1
x17_4 = 1
x24_4 = 1
x3_6 = 1
x12_6 = 1
x19_6 = 1
x21_6 = 1
x4_19 = 1
x6_19 = 1
x13_19 = 1
x22_19 = 1
x2_20 = 1
x9_20 = 1
x16_20 = 1
x23_20 = 1
w1 = 1
w4 = 1
w6 = 1
w19 = 1
w20 = 1
