Tiempo de corrida total: 2.50159
Tiempo de corrida recorrer el arbol: 0.585419
Valor de la funcion objetivo: 2
x7_7 = 1
x19_7 = 1
x30_7 = 1
x42_7 = 1
x53_7 = 1
x56_7 = 1
x67_7 = 1
x9_9 = 1
x16_9 = 1
x35_9 = 1
w7 = 1
w9 = 1
