Tiempo de corrida total: 0.27664
Tiempo de corrida recorrer el arbol: 0.216953
Valor de la funcion objetivo: 2
x5_2 = 1
x8_2 = 1
x2_5 = 1
x10_5 = 1
x13_5 = 1
w2 = 1
w5 = 1
