Tiempo de corrida total: 6.93384
Tiempo de corrida recorrer el arbol: 6.13069
Valor de la funcion objetivo: 2
x9_4 = 1
x14_4 = 1
x29_4 = 1
x37_4 = 1
x52_4 = 1
x67_4 = 1
x83_4 = 1
x90_4 = 1
x2_11 = 1
x17_11 = 1
x33_11 = 1
x47_11 = 1
x51_11 = 1
x84_11 = 1
x92_11 = 1
w4 = 1
w11 = 1
