Tiempo de corrida total: 1.42982
Tiempo de corrida recorrer el arbol: 0.178748
Valor de la funcion objetivo: 2
x4_4 = 1
x39_4 = 1
x50_4 = 1
x11_7 = 1
x25_7 = 1
x42_7 = 1
x54_7 = 1
x59_7 = 1
x64_7 = 1
x80_7 = 1
w4 = 1
w7 = 1
