Tiempo de corrida total: 3.45334
Tiempo de corrida recorrer el arbol: 3.44682
Valor de la funcion objetivo: 3
x9_7 = 1
x18_7 = 1
x25_7 = 1
x3_9 = 1
x6_9 = 1
x17_9 = 1
x5_10 = 1
x7_10 = 1
x16_10 = 1
x24_10 = 1
w7 = 1
w9 = 1
w10 = 1
