Tiempo de corrida total: 0.102254
Tiempo de corrida recorrer el arbol: 0.0954881
Valor de la funcion objetivo: 2
x7_2 = 1
x24_2 = 1
x3_4 = 1
x16_4 = 1
x25_4 = 1
w2 = 1
w4 = 1
