Tiempo de corrida total: 1.24628
Tiempo de corrida recorrer el arbol: 1.13168
Valor de la funcion objetivo: 4
x4_5 = 1
x6_5 = 1
x17_5 = 1
x9_9 = 1
x18_9 = 1
x25_9 = 1
x2_10 = 1
x10_10 = 1
x13_10 = 1
x16_10 = 1
x24_10 = 1
x3_14 = 1
x12_14 = 1
x20_14 = 1
x21_14 = 1
w5 = 1
w9 = 1
w10 = 1
w14 = 1
