Tiempo de corrida total: 0.146073
Tiempo de corrida recorrer el arbol: 0.143119
Valor de la funcion objetivo: 2
x1_1 = 1
x8_1 = 1
x24_1 = 1
x4_2 = 1
x7_2 = 1
w1 = 1
w2 = 1
