Tiempo de corrida total: 0.406717
Tiempo de corrida recorrer el arbol: 0.107618
Valor de la funcion objetivo: 1
x23_2 = 1
x33_2 = 1
x43_2 = 1
x74_2 = 1
x94_2 = 1
w2 = 1
