Tiempo de corrida total: 0.151979
Tiempo de corrida recorrer el arbol: 0.149395
Valor de la funcion objetivo: 2
x1_1 = 1
x8_1 = 1
x15_1 = 1
x17_1 = 1
x3_2 = 1
w1 = 1
w2 = 1
