Tiempo de corrida total: 2.14057
Tiempo de corrida recorrer el arbol: 0.43545
Valor de la funcion objetivo: 2
x17_3 = 1
x27_3 = 1
x64_3 = 1
x6_8 = 1
x11_8 = 1
x32_8 = 1
x33_8 = 1
x44_8 = 1
x55_8 = 1
x61_8 = 1
w3 = 1
w8 = 1
