Tiempo de corrida total: 5.09768
Tiempo de corrida recorrer el arbol: 1.22767
Valor de la funcion objetivo: 3
x1_1 = 1
x13_1 = 1
x18_1 = 1
x35_1 = 1
x40_1 = 1
x44_1 = 1
x5_7 = 1
x8_7 = 1
x25_7 = 1
x34_7 = 1
x45_7 = 1
x10_12 = 1
x15_12 = 1
x37_12 = 1
x48_12 = 1
w1 = 1
w7 = 1
w12 = 1
