Tiempo de corrida total: 0.439779
Tiempo de corrida recorrer el arbol: 0.36702
Valor de la funcion objetivo: 3
x3_3 = 1
x12_3 = 1
x25_3 = 1
x2_5 = 1
x10_5 = 1
x16_5 = 1
x23_5 = 1
x5_6 = 1
x6_6 = 1
x19_6 = 1
w3 = 1
w5 = 1
w6 = 1
