Tiempo de corrida total: 1.93191
Tiempo de corrida recorrer el arbol: 1.91045
Valor de la funcion objetivo: 2
x4_1 = 1
x14_1 = 1
x27_1 = 1
x29_1 = 1
x40_1 = 1
x8_9 = 1
x20_9 = 1
x35_9 = 1
x37_9 = 1
x46_9 = 1
w1 = 1
w9 = 1
