Tiempo de corrida total: 1.11967
Tiempo de corrida recorrer el arbol: 0.0647271
Valor de la funcion objetivo: 2
x3_3 = 1
x42_3 = 1
x46_3 = 1
x7_4 = 1
x11_4 = 1
x15_4 = 1
x26_4 = 1
x30_4 = 1
x41_4 = 1
x45_4 = 1
w3 = 1
w4 = 1
