Tiempo de corrida total: 1.62221
Tiempo de corrida recorrer el arbol: 0.237341
Valor de la funcion objetivo: 2
x7_3 = 1
x24_3 = 1
x3_8 = 1
x18_8 = 1
x35_8 = 1
x37_8 = 1
x56_8 = 1
x64_8 = 1
x84_8 = 1
x93_8 = 1
w3 = 1
w8 = 1
