Tiempo de corrida total: 0.435145
Tiempo de corrida recorrer el arbol: 0.419598
Valor de la funcion objetivo: 2
x7_1 = 1
x17_1 = 1
x27_1 = 1
x44_1 = 1
x5_6 = 1
x14_6 = 1
x15_6 = 1
x24_6 = 1
x41_6 = 1
x46_6 = 1
w1 = 1
w6 = 1
