Tiempo de corrida total: 5.19658
Tiempo de corrida recorrer el arbol: 0.239632
Valor de la funcion objetivo: 2
x4_1 = 1
x17_1 = 1
x23_1 = 1
x30_1 = 1
x45_1 = 1
x52_1 = 1
x64_1 = 1
x78_1 = 1
x31_9 = 1
x59_9 = 1
w1 = 1
w9 = 1
