Tiempo de corrida total: 0.160859
Tiempo de corrida recorrer el arbol: 0.0268481
Valor de la funcion objetivo: 1
x15_4 = 1
x26_4 = 1
x46_4 = 1
x56_4 = 1
x61_4 = 1
w4 = 1
