Tiempo de corrida total: 3.34895
Tiempo de corrida recorrer el arbol: 0.690512
Valor de la funcion objetivo: 2
x10_1 = 1
x25_1 = 1
x44_1 = 1
x51_1 = 1
x63_1 = 1
x66_1 = 1
x22_9 = 1
x36_9 = 1
x47_9 = 1
x79_9 = 1
w1 = 1
w9 = 1
