Tiempo de corrida total: 8.25963
Tiempo de corrida recorrer el arbol: 8.09665
Valor de la funcion objetivo: 2
x1_3 = 1
x11_3 = 1
x22_3 = 1
x26_3 = 1
x39_3 = 1
x61_3 = 1
x3_8 = 1
x15_8 = 1
x20_8 = 1
x62_8 = 1
w3 = 1
w8 = 1
