Tiempo de corrida total: 0.024044
Tiempo de corrida recorrer el arbol: 0.0215468
Valor de la funcion objetivo: 1
x1_1 = 1
x10_1 = 1
x19_1 = 1
x28_1 = 1
x30_1 = 1
w1 = 1
