Tiempo de corrida total: 0.139036
Tiempo de corrida recorrer el arbol: 0.0745211
Valor de la funcion objetivo: 1
x5_3 = 1
x27_3 = 1
x32_3 = 1
x42_3 = 1
x43_3 = 1
w3 = 1
