Tiempo de corrida total: 0.095439
Tiempo de corrida recorrer el arbol: 0.0876238
Valor de la funcion objetivo: 1
x4_5 = 1
x7_5 = 1
x15_5 = 1
x18_5 = 1
x21_5 = 1
w5 = 1
