Tiempo de corrida total: 0.404667
Tiempo de corrida recorrer el arbol: 0.103563
Valor de la funcion objetivo: 1
x10_4 = 1
x14_4 = 1
x33_4 = 1
x78_4 = 1
x85_4 = 1
w4 = 1
