Tiempo de corrida total: 0.0761001
Tiempo de corrida recorrer el arbol: 0.0562611
Valor de la funcion objetivo: 1
x1_1 = 1
x15_1 = 1
x29_1 = 1
x46_1 = 1
x74_1 = 1
w1 = 1
