Tiempo de corrida total: 0.329772
Tiempo de corrida recorrer el arbol: 0.0362542
Valor de la funcion objetivo: 1
x35_1 = 1
x45_1 = 1
x55_1 = 1
x75_1 = 1
x92_1 = 1
w1 = 1
