Tiempo de corrida total: 0.0569899
Tiempo de corrida recorrer el arbol: 0.050421
Valor de la funcion objetivo: 1
x1_1 = 1
x13_1 = 1
x20_1 = 1
x32_1 = 1
x44_1 = 1
w1 = 1
